0.9845279455184937
0.9316806793212891
0.9454680681228638
0.9565092325210571
0.9653477668762207
0.972417950630188
0.9780713319778442
0.982590913772583
0.9862039089202881
0.9890919327735901
0.991400420665741
0.9932454824447632
0.9947196245193481
0.9958969950675964
0.9968363642692566
0.9975845813751221
0.9981786012649536
0.9986468553543091
0.9990108013153076
0.9992843270301819
0.9994733333587646
0.9995778203010559
0.9996054768562317
0.9995832443237305
0.9995403289794922
0.9994936585426331
0.9994502663612366
0.9994124174118042
0.9993802905082703
0.9993534088134766
0.9993310570716858
0.9993124008178711
0.9992967247962952
0.9992833137512207
0.9992716908454895
0.9992611408233643
0.9992513656616211
0.9992417693138123
0.9992320537567139
0.9992218017578125
0.99921053647995
0.9991978406906128
0.9991831183433533
0.999165952205658
0.9991455078125
0.9991210699081421
0.9990915060043335
0.9990553855895996
0.9990110993385315
0.9989562630653381
0.9988877177238464
0.9988011717796326
0.9986905455589294
0.9985470175743103
0.998356819152832
0.9980984926223755
0.9977354407310486
0.9972010254859924
0.9963634610176086
0.9949361681938171
0.9922670722007751
0.9873460531234741
0.9815689921379089
0.9770342707633972
0.972065269947052
0.9656205773353577
0.9586491584777832
0.951650857925415
0.9449203014373779
0.9385062456130981
0.9338312745094299
0.9324076175689697
0.9330087900161743
0.9345095157623291
0.9361111521720886
0.9375507235527039
0.9387722611427307
0.939784586429596
0.9406142830848694
0.9412901401519775
0.941838800907135
0.9422836303710938
0.9426442384719849
0.9429371953010559
0.94317626953125
0.9433726072311401
0.9435356855392456
0.943673312664032
0.9437918066978455
0.9438965320587158
0.9439917802810669
0.9440808296203613
0.9441660642623901
0.944248616695404
0.9443281888961792
0.9444028735160828
0.9444685578346252
0.9445193409919739
0.9445476531982422
0.9445444345474243
0.944490373134613
0.9443872570991516
0.944267213344574
0.9441162347793579
0.9440038800239563
0.943915605545044
0.9438326358795166
0.9437568187713623
0.9436861872673035
0.9436207413673401
0.9435592293739319
0.9435005784034729
0.943443775177002
0.943388044834137
0.9433326721191406
0.9432768821716309
0.9432194828987122
0.9431585073471069
0.9430903792381287
0.9430105090141296
0.9429128766059875
0.9427894353866577
0.9426288604736328
0.9424099922180176
0.942089855670929
0.9415806531906128
0.9406076669692993
0.939091145992279
0.9384989142417908
0.9372697472572327
0.9348857402801514
0.931685209274292
0.9271355271339417
0.9207216501235962
0.914313793182373
0.9047264456748962
0.8971046805381775
0.8875634074211121
0.8833209276199341
0.8824352025985718
0.880183756351471
0.880519449710846
0.8808467388153076
0.8816368579864502
0.8822909593582153
0.8829668760299683
0.8835457563400269
0.8840686678886414
0.8845102787017822
0.8848817944526672
0.8851707577705383
0.8853734731674194
0.8854741454124451
0.8854610323905945
0.8853222727775574
0.8850690126419067
0.8847366571426392
0.8840718269348145
0.8835423588752747
0.8827440738677979
0.882551908493042
0.881537675857544
0.8810998797416687
0.87967449426651
0.8789290189743042
0.8770308494567871
0.8763571977615356
0.8753077387809753
0.8747091889381409
0.8734530806541443
0.872520387172699
0.871403157711029
0.8704264760017395
0.8694631457328796
0.8684735298156738
0.8674465417861938
0.8663120865821838
0.8651952743530273
0.8639887571334839
0.8628017902374268
0.861620306968689
0.8602893948554993
0.8588634729385376
0.8576221466064453
0.8550249934196472
0.8565743565559387
0.8538240194320679
0.8556767702102661
0.8537288904190063
0.8514416217803955
0.8494629859924316
0.8439040184020996
0.8372041583061218
0.8313038349151611
0.8198702931404114
0.8120627403259277
0.8042154908180237
0.796516478061676
0.7886354923248291
0.7802914977073669
0.7769686579704285
0.7739965319633484
0.7715668082237244
0.7686319947242737
0.7663527131080627
0.7637388110160828
0.7614017724990845
0.7583307027816772
0.7551689743995667
0.750237226486206
0.7437744140625
0.7391768097877502
0.7342146635055542
0.7271633744239807
0.7206952571868896
0.7134630680084229
0.7094011902809143
0.7045079469680786
0.7026599049568176
0.7005296349525452
0.6993873715400696
0.6993563175201416
0.698444128036499
0.6964390277862549
0.6944267153739929
0.6904234290122986
0.6871734261512756
0.6814761161804199
0.6780341863632202
0.6726144552230835
0.6694672703742981
0.6643767952919006
0.6608323454856873
0.655534565448761
0.6510916948318481
0.6458935737609863
0.6409084796905518
0.6365864872932434
0.6319801807403564
0.6282349824905396
0.6248229146003723
0.6216808557510376
0.6189565062522888
0.6157225370407104
0.6124407052993774
0.6081167459487915
0.6034355759620667
0.5971908569335938
0.5901132225990295
0.5810108184814453
0.5698874592781067
0.5552634000778198
0.5378658771514893
0.5228503942489624
0.5122291445732117
0.5071609616279602
0.5015770196914673
0.5031397938728333
0.5045807361602783
0.5087829828262329
0.5164206624031067
0.5228908658027649
0.527694046497345
0.5320150852203369
0.536239743232727
0.5399477481842041
0.5433682203292847
0.5457398891448975
0.5483130216598511
0.5483211874961853
0.5489091277122498
0.5472263097763062
0.5443364381790161
0.5394566655158997
0.5331361293792725
0.5251892805099487
0.516556978225708
0.5043582916259766
0.49246254563331604
0.48092523217201233
0.46926209330558777
0.4580817222595215
0.4462108314037323
0.4362654983997345
0.42672815918922424
0.4192913770675659
0.41266897320747375
0.4089142680168152
0.4075763523578644
0.4087793529033661
0.4122229218482971
0.4160715341567993
0.4213614761829376
0.42628782987594604
0.4302138090133667
0.43316811323165894
0.4360600411891937
0.43717774748802185
0.43693265318870544
0.43515899777412415
0.4311041831970215
0.4249940812587738
0.4164867103099823
0.4043312668800354
0.389119416475296
0.3708493411540985
0.34865081310272217
0.32274624705314636
0.3003290593624115
0.2804679572582245
0.2545960545539856
0.22604262828826904
0.2057039439678192
0.18770720064640045
0.17401938140392303
0.16324807703495026
0.15623384714126587
0.15316279232501984
0.15319566428661346
0.15580683946609497
0.15895035862922668
0.16343872249126434
0.16738863289356232
0.17138075828552246
0.17483092844486237
0.17792221903800964
0.18058401346206665
0.18315550684928894
0.1849694550037384
0.186936616897583
0.18767967820167542
0.18876157701015472
0.1879909336566925
0.1876641809940338
0.18498794734477997
0.1823468953371048
0.18072229623794556
0.1764797419309616
0.17004768550395966
0.16367694735527039
0.15524807572364807
0.14883854985237122
0.14337849617004395
0.1372591257095337
0.1324027180671692
0.12842540442943573
0.12439561635255814
0.12212435156106949
0.1198497787117958
0.11858855932950974
0.1171482652425766
0.11687181144952774
0.11516497284173965
0.11518539488315582
0.11547878384590149
0.11595815420150757
0.11632264405488968
0.11682026088237762
0.11702442169189453
0.11708126962184906
0.11678595095872879
0.11618354916572571
0.11524727940559387
0.1139926016330719
0.11230717599391937
0.11024816334247589
0.1075296550989151
0.10413775593042374
0.1003430113196373
0.09595569968223572
0.0917876809835434
0.087241530418396
0.08358588814735413
0.08002904802560806
0.07717536389827728
0.07472266256809235
0.07220924645662308
0.07019674777984619
0.0678195059299469
0.066400445997715
0.0643949806690216
0.06326862424612045
0.06145954132080078
0.06031743437051773
0.058838725090026855
0.057472214102745056
0.055813562124967575
0.054020605981349945
0.05198089778423309
0.04957800358533859
0.047202132642269135
0.044693637639284134
0.04247087240219116
0.04056372493505478
0.03906988725066185
0.03814924880862236
0.037110622972249985
0.036883048713207245
0.036708708852529526
0.03592598810791969
0.035834334790706635
0.03542420268058777
0.03551473468542099
0.03503013029694557
0.03461974859237671
0.03437523916363716
0.033684294670820236
0.033529382199048996
0.03260233253240585
0.03240501880645752
0.03162596747279167
0.03154353052377701
0.031040312722325325
0.03090015798807144
0.03063453920185566
0.03041711263358593
0.030245326459407806
0.03009526990354061
0.029703691601753235
0.029161371290683746
0.02882072515785694
0.02787630259990692
0.02764318697154522
0.02624243125319481
0.025837840512394905
0.024668334051966667
0.023829886689782143
0.022565552964806557
0.021803004667162895
0.020542779937386513
0.01905136927962303
0.01814829185605049
0.016878914088010788
0.016015561297535896
0.014987331815063953
0.014206976629793644
0.013422823511064053
0.01272820495069027
0.012088690884411335
0.011361820623278618
0.010589870624244213
0.010173012502491474
0.009033642709255219
0.00891210325062275
0.008296187035739422
0.007456618826836348
0.006894249934703112
0.006580376997590065
0.0061930944211781025
0.0064385393634438515
0.006219556555151939
0.0066796257160604
0.006824950221925974
0.007230662740767002
0.007391739636659622
0.007596277166157961
0.007603997830301523
0.007525794208049774
0.007326175924390554
0.007237823214381933
0.0069303009659051895
0.006662690080702305
0.006242656614631414
0.005930215585976839
0.0054012201726436615
0.005089961923658848
0.004629270173609257
0.004627963062375784
0.0043550594709813595
0.00452024582773447
0.004406738560646772
0.004757845774292946
0.004843396600335836
0.005238524172455072
0.005466908682137728
0.005726487375795841
0.006004123017191887
0.006229020655155182
0.006468986626714468
0.00696703651919961
0.0076313316822052
0.008604020811617374
0.009560459293425083
0.010742293670773506
0.011496497318148613
0.012430084869265556
0.012838039547204971
0.013198485597968102
0.013238023035228252
0.013342129066586494
0.013257387094199657
0.01286331843584776
0.012273802421987057
0.011649792082607746
0.010814581997692585
0.011100124567747116
0.010519014671444893
0.00970553420484066
0.008310134522616863
0.007051591295748949
0.00556416530162096
0.004407921805977821
0.003261702600866556
0.002506564138457179
0.0018423311412334442
0.0014551732456311584
0.001124364323914051
0.000925928819924593
0.0008734401781111956
0.0001818110467866063
0.0011068058665841818
0.0024647226091474295
0.004190246574580669
0.005765838548541069
0.007490739692002535
0.00954408384859562
0.011459637433290482
0.013099548406898975
0.014311456121504307
0.015109805390238762
0.015578778460621834
0.015655674040317535
0.01555530447512865
0.015110241249203682
0.014549117535352707
0.014082075096666813
0.012716250494122505
0.012210666202008724
0.011214316822588444
0.010859224945306778
0.00984544213861227
0.009431136772036552
0.008836265653371811
0.008889252319931984
0.008646796457469463
0.008858743123710155
0.009188182651996613
0.009684426710009575
0.010361175052821636
0.01133959274739027
0.012135078199207783
0.01323652919381857
0.01423418615013361
0.01608423888683319
0.01670283079147339
0.018419263884425163
0.017680687829852104
0.018776286393404007
0.02005930058658123
0.020752858370542526
0.021499404683709145
0.021525930613279343
0.021597906947135925
0.021123891696333885
0.02052273042500019
0.0198463574051857
0.018981944769620895
0.018541738390922546
0.017878936603665352
0.01754296012222767
0.017102006822824478
0.014990818686783314
0.015538057312369347
0.015141062438488007
0.01578555814921856
0.015940221026539803
0.016373828053474426
0.01681409776210785
0.017659518867731094
0.0184180811047554
0.01897883228957653
0.019634410738945007
0.020433694124221802
0.02110801264643669
0.022361015900969505
0.02293228730559349
0.02377602830529213
0.02437656559050083
0.02530006505548954
0.026262294501066208
0.027183055877685547
0.027868706732988358
0.028334753587841988
0.028844820335507393
0.029086466878652573
0.029514968395233154
0.029590308666229248
0.02959759347140789
0.029684824869036674
0.029633892700076103
0.02961745485663414
0.02954055927693844
0.02948358841240406
0.029439006000757217
0.02940382808446884
0.02941366471350193
0.029452703893184662
0.02957872673869133
0.029703939333558083
0.02990231290459633
0.030086178332567215
0.0304790660738945
0.03076990135014057
0.03134683892130852
0.03174184262752533
0.0324728861451149
0.03294976428151131
0.033652354031801224
0.034139443188905716
0.03466115519404411
0.03509887307882309
0.03531299903988838
0.03551417216658592
0.035690441727638245
0.03549038618803024
0.03567960858345032
0.03518877923488617
0.0350872278213501
0.03493785858154297
0.03470791503787041
0.034603748470544815
0.03422462195158005
0.03400763124227524
0.033660635352134705
0.03337210416793823
0.03284261003136635
0.03235078603029251
0.031894512474536896
0.030647926032543182
0.030397873371839523
0.029902437701821327
0.030593132600188255
0.03015037253499031
0.02976365201175213
0.029681837186217308
0.029548591002821922
0.0301424041390419
0.03043174557387829
0.030947478488087654
0.0315290242433548
0.03225066512823105
0.03296128287911415
0.033743880689144135
0.03440774232149124
0.03521013632416725
0.03573981672525406
0.036570608615875244
0.037076812237501144
0.03766738995909691
0.03815952315926552
0.03875383362174034
0.03955218195915222
0.04036155343055725
0.040989238768815994
0.04140092805027962
0.04231627285480499
0.042671676725149155
0.04335632920265198
0.04362082853913307
0.04405723884701729
0.04423506185412407
0.044483620673418045
0.04465733841061592
0.04486268386244774
0.04496878385543823
0.04521011933684349
0.0451301708817482
0.045414965599775314
0.04500439763069153
0.045133158564567566
0.04462483525276184
0.044585175812244415
0.044749241322278976
0.04468461126089096
0.04472894221544266
0.04471287876367569
0.04464339092373848
0.0446285717189312
0.044270988553762436
0.04423201084136963
0.04360974580049515
0.043361373245716095
0.04284420982003212
0.04248955473303795
0.0420406274497509
0.041668850928545
0.041156478226184845
0.04106663167476654
0.04030470550060272
0.04127546772360802
0.04065351188182831
0.040185656398534775
0.039755601435899734
0.0392964668571949
0.03902873024344444
0.03883863613009453
0.038842249661684036
0.03904112055897713
0.03929945454001427
0.03968443349003792
0.04011860117316246
0.040555257350206375
0.041079334914684296
0.0417172908782959
0.04231147840619087
0.04307975247502327
0.04355651140213013
0.04430124908685684
0.04478497803211212
0.04523390531539917
0.0457373708486557
0.04607446864247322
0.04647308215498924
0.04671603813767433
0.046971071511507034
0.04720194637775421
0.04733432084321976
0.0472908578813076
0.04921780526638031
0.048802878707647324
0.048326559364795685
0.047801423817873
0.047191984951496124
0.04655053839087486
0.04584122821688652
0.04517263546586037
0.04443293809890747
0.04390736669301987
0.043347425758838654
0.04304538294672966
0.04277403652667999
0.042610157281160355
0.04279639199376106
0.04260486736893654
0.04293785244226456
0.04317757114768028
0.04375600442290306
0.044344399124383926
0.04505869373679161
0.04586239531636238
0.04665613919496536
0.0475289560854435
0.04837898537516594
0.04920659959316254
0.0499623604118824
0.05067254602909088
0.051299791783094406
0.0518682636320591
0.052480317652225494
0.052843816578388214
0.05312599614262581
0.05330868065357208
0.05339547619223595
0.05346882343292236
0.05328626558184624
0.05296722427010536
0.05252726748585701
0.05233175680041313
0.05118821561336517
0.05057964473962784
0.049630120396614075
0.04881657660007477
0.04777826368808746
0.04691428691148758
0.04603611305356026
0.045327797532081604
0.04467950388789177
0.04417964816093445
0.04376652464270592
0.043428558856248856
0.04336199536919594
0.04328267276287079
0.043320029973983765
0.04336380213499069
0.043292198330163956
0.04298866167664528
0.0429319404065609
0.042733192443847656
0.04260704666376114
0.042576972395181656
0.042486127465963364
0.042407114058732986
0.0423179529607296
0.042273931205272675
0.04223283752799034
0.042166028171777725
0.04225475341081619
0.04225518926978111
0.04229043424129486
0.042276110500097275
0.042495157569646835
0.042220260947942734
0.042447835206985474
0.04273605719208717
0.043216362595558167
0.04369865730404854
0.04411862790584564
0.04477103427052498
0.04510489106178284
0.04550973325967789
