0.0006006876938045025
0.000597867532633245
0.0005983490264043212
0.000598692917264998
0.0005989680648781359
0.0005991056677885354
0.0005993807571940124
0.0005995871033519506
0.0005996559048071504
0.0005997247062623501
0.0005998622509650886
0.0005999310524202883
0.0005999310524202883
0.0006000685971230268
0.0006000685971230268
0.0006001373985782266
0.0006001373985782266
0.0006001373985782266
0.0006001373985782266
0.0006001373985782266
0.0006002062000334263
0.0006002062000334263
0.0006001373985782266
0.0006001373985782266
0.0006001373985782266
0.0006001373985782266
0.0006001373985782266
0.0006002062000334263
0.0006002062000334263
0.0006002062000334263
0.0006002062000334263
0.0006002062000334263
0.0006002062000334263
0.0006002062000334263
0.0006001373985782266
0.0006001373985782266
0.0006001373985782266
0.0006001373985782266
0.0006001373985782266
0.0006001373985782266
0.0006001373985782266
0.0006001373985782266
0.0006001373985782266
0.0006001373985782266
0.0006001373985782266
0.0006001373985782266
0.0006001373985782266
0.0006001373985782266
0.0006000685971230268
0.0005999310524202883
0.0005998622509650886
0.0005996559048071504
0.0005995871033519506
0.0005992432124912739
0.0005989680648781359
0.0005984865711070597
0.0005977299879305065
0.0005966981989331543
0.0005949786282144487
0.0005924336146563292
0.0005882378318347037
0.0005819097277708352
0.0005759255727753043
0.0005713858408853412
0.0005663646152243018
0.0005591423250734806
0.000550131662748754
0.0005392638850025833
0.0005267452215775847
0.000516427680850029
0.0005050096078775823
0.0005012952606193721
0.0005011577159166336
0.0005031524342484772
0.0005058349925093353
0.0005084488075226545
0.0005109937628731132
0.0005134012317284942
0.000515602296218276
0.0005177345592528582
0.000519660534337163
0.0005214489065110683
0.000523168477229774
0.0005249568494036794
0.0005265388754196465
0.0005279833567328751
0.0005295653827488422
0.0005311474087648094
0.0005327981780283153
0.0005345865502022207
0.0005365813267417252
0.0005388511344790459
0.0005416712956503034
0.0005448353476822376
0.0005488935858011246
0.0005538460100069642
0.0005598989664576948
0.000567121256608516
0.0005753752775490284
0.0005839732475578785
0.0005907828453928232
0.0005960791604593396
0.0005997247062623501
0.0006025448092259467
0.0006033014506101608
0.0006028199568390846
0.0006015818798914552
0.0005996559048071504
0.0005972484941594303
0.0005944971344433725
0.0005911955377086997
0.000587343645747751
0.0005830102600157261
0.0005779202911071479
0.0005719360779039562
0.000564713787753135
0.0005561846191994846
0.0005459358799271286
0.0005334860179573298
0.0005182848544791341
0.0004992317990399897
0.00047508871648460627
0.00044324187911115587
0.00039977062260732055
0.0003358018002472818
0.0002315945748705417
3.177805047016591e-05
0.0002729335392359644
0.00033346316195093095
0.00040850613731890917
0.0005191790405660868
0.0006220106151886284
0.0007026250241324306
0.0007528371061198413
0.0007432762067764997
0.000668508349917829
0.0004884327645413578
0.00028139393543824553
8.673618867760524e-05
7.690012716921046e-05
0.0002098589320667088
0.0003035422705579549
0.0003707439173012972
0.00042432636837475
0.00046621562796644866
0.0005004010745324194
0.0005288087413646281
0.0005528142210096121
0.0005731054116040468
0.0005903700948692858
0.0006049522780813277
0.0006165766972117126
0.0006252434104681015
0.0006304709822870791
0.0006319154636003077
0.0006296455976553261
0.0006247619749046862
0.0006145131774246693
0.0006055025150999427
0.0005925024161115289
0.0005840420490130782
0.000570904347114265
0.0005578354466706514
0.0005434596678242087
0.0005316976457834244
0.0005174594698473811
0.0005082424613647163
0.0005009513697586954
0.0004955862532369792
0.0004896020400337875
0.00048822638927958906
0.0004860253247898072
0.0004899459891021252
0.0004961364902555943
0.0005084488075226545
0.0005262637278065085
0.0005518512916751206
0.0005824600229971111
0.0006227671983651817
0.0006576405139639974
0.0007004927610978484
0.0007260802667587996
0.0007596467039547861
0.0007703769369982183
0.000791218422818929
0.0007949327118694782
0.0007805569330230355
0.0007581334793940187
0.0007090219296514988
0.0006514500128105283
0.000581428233999759
0.0005586608313024044
0.0004898083861917257
0.0004714431706815958
0.00040719922981224954
0.000635354605037719
0.0005800525541417301
0.0005458670784719288
0.0004634642682503909
0.00045101443538442254
0.0004223316500429064
0.00041063842945732176
0.00038608265458606184
0.0003741143154911697
0.0003518971789162606
0.0003425425966270268
0.0003237646596971899
0.0003214260214008391
0.00029576971428468823
0.00034969611442647874
0.00018337722576688975
0.00020593826775439084
0.0002378538774792105
0.00023812901054043323
0.00033057425753213465
0.00037067511584609747
0.0004610568576026708
0.0005250256508588791
0.0005713170394301414
0.0006193280569277704
0.0006384499138221145
0.0006823338917456567
0.0006953339907340705
0.0007531122537329793
0.0007654933142475784
0.0008372346637770534
0.0008456262876279652
0.0008868964505381882
0.000882631866261363
0.0008730709669180214
0.0008623406756669283
0.0008330388809554279
0.0008181128068827093
0.0007726468029431999
0.0007706520846113563
0.000689005886670202
0.000686873565427959
0.0006222169613465667
0.0005842483951710165
0.0005786768742837012
0.000536925217602402
0.0005200732266530395
0.0005020519020035863
0.0004763268225360662
0.00046250130981206894
0.0004276967665646225
0.00040816221735440195
0.00036682322388514876
0.00033043668372556567
0.0002862775872927159
0.00022753633675165474
0.00016824482008814812
9.526536450721323e-05
5.3032199502922595e-05
5.365125252865255e-05
8.845578122418374e-05
0.00014169432688504457
0.0002569069620221853
0.0002747219114098698
0.00037156930193305016
0.0003880774020217359
0.00042577082058414817
0.0004722685844171792
0.0004752950626425445
0.0004803162591997534
0.00046525264042429626
0.00044888214324600995
0.00040080235339701176
0.0003828498302027583
0.00024817141820676625
0.0002077266399282962
0.00011246127542108297
4.0307222661795095e-05
5.956664608675055e-05
0.00015806483861524612
0.00024817141820676625
0.00038092388422228396
0.00046449602814391255
0.0006066030473448336
0.0006423018057830632
0.0007359851151704788
0.0007832394912838936
0.0008269859245046973
0.0008868964505381882
0.000889922957867384
0.0009746644063852727
0.0009238332859240472
0.0010162097169086337
0.00100802443921566
0.0010195801733061671
0.001026664860546589
0.0010325114708393812
0.0009854634990915656
0.001038220478221774
0.0009554737480357289
0.0009941301541402936
0.0009016849217005074
0.0008734836592338979
0.0008467268198728561
0.0007958956994116306
0.0007749166688881814
0.0007272496004588902
0.0006718099466525018
0.0006421642028726637
0.0005616873386316001
0.0005206922651268542
0.0005039090756326914
0.0003872519882861525
0.000393442518543452
0.000376865646103397
0.00020167368347756565
0.00020552556088659912
0.00023317660088650882
0.0002260230976389721
0.0002935686497949064
0.0001738850842230022
0.0003523786726873368
0.0002832511090673506
0.00032754777930676937
0.00034570664865896106
0.0003549924585968256
0.0003817492979578674
0.00038229956408031285
0.0003953684645239264
0.0003979822213295847
0.000401146273361519
0.0004032097931485623
0.0004036912869196385
0.00040293464553542435
0.0004037600592710078
0.0003977758751716465
0.0004003896610811353
0.0003871144144795835
0.00038952185423113406
0.0003803736180998385
0.000370124849723652
0.00043402487062849104
0.00041765437345020473
0.00038580753607675433
0.00037507727392949164
0.00035120933898724616
0.0003397912660147995
0.00033057425753213465
0.0003239022335037589
0.0003353891079314053
0.00033655844163149595
0.0003514156851451844
0.00036235229345038533
0.0003688867436721921
0.00037755348603241146
0.00037280740798451006
0.00038477577618323267
0.00032459007343277335
0.00034797651460394263
0.0003020290459971875
0.0003042988828383386
0.00030347349820658565
0.0002835949999280274
0.00027485948521643877
0.00026000221259891987
0.00024535131524316967
0.00023936711659189314
0.00021893838129471987
0.00022017648734617978
0.00020215516269672662
0.00020834569295402616
0.00019789057841990143
0.00021302298409864306
0.00021364203712437302
0.000234483479289338
0.00024342535471078008
0.00025676938821561635
0.000271282740868628
0.0002822881215251982
0.00029336230363696814
0.0003057433641515672
0.00031399738509207964
0.0003272726316936314
0.0003282356192357838
0.0003384155861567706
0.0003422674781177193
0.00035341043258085847
0.0003549236571416259
0.0003608390688896179
0.00036180202732793987
0.0003604951489251107
0.00035891312290914357
0.00034921462065540254
0.00034419342409819365
0.00032968007144518197
0.00031984399538487196
0.0003117963206022978
0.00029872742015868425
0.00028971675783395767
0.0002710763947106898
0.000268325034994632
0.0002226526994490996
0.00023063160188030452
0.00020628218771889806
0.0002187320205848664
0.0002119224373018369
0.00020930866594426334
0.00020387476251926273
0.00020958379900548607
0.00020373718871269375
0.0002030493487836793
0.00019603341934271157
0.00019513923325575888
0.00018647249089553952
0.0001840650656959042
0.00017526074952911586
0.00017223427130375057
0.00016535591566935182
0.0001568267325637862
0.00015166796220000833
0.00013880542246624827
0.00013350907829590142
0.00010819669114425778
0.00011844545224448666
7.449270196957514e-05
9.003780724015087e-05
6.0942318668821827e-05
6.004813258186914e-05
4.319613435654901e-05
3.748709423234686e-05
2.9576971428468823e-05
2.5931438358384185e-05
2.2629823433817364e-05
2.3317659724853e-05
2.3455226255464368e-05
2.58626550930785e-05
3.122778070974164e-05
3.556115188985132e-05
4.271465149940923e-05
4.938666461384855e-05
5.757192047894932e-05
6.555082654813305e-05
7.442391506629065e-05
8.391606388613582e-05
9.306428546551615e-05
0.00010186859435634688
0.00011610681394813582
0.00011768883268814534
0.00013742974260821939
0.0001352286635665223
0.00013302758452482522
0.0001280751748709008
0.00012174707080703229
0.00010888453107327223
9.505901107331738e-05
8.075201185420156e-05
6.328096060315147e-05
5.014328417018987e-05
3.5010882129427046e-05
2.6619274649419822e-05
1.3550380572269205e-05
3.714317472258699e-06
5.089990736451e-06
1.2793760106433183e-05
2.07726643566275e-05
2.3455226255464368e-05
2.710076114453841e-05
2.9783323043375276e-05
3.1640480301575735e-05
3.122778070974164e-05
2.9783323043375276e-05
2.9439404897857457e-05
2.4486980692017823e-05
2.1529283912968822e-05
1.5338755474658683e-05
1.1486870789667591e-05
4.333370270614978e-06
6.190529120431165e-07
5.5026926020218525e-06
1.1968356375291478e-05
1.602659176569432e-05
2.242347181891091e-05
2.7788597435574047e-05
3.39103426085785e-05
3.659290450741537e-05
3.893155007972382e-05
3.8312497053993866e-05
3.714317426783964e-05
3.122778070974164e-05
2.606900488899555e-05
1.857158713391982e-05
1.2174707080703229e-05
5.777827027486637e-06
4.127019224142714e-07
5.6402595873805694e-06
1.2243490346008912e-05
2.146050064766314e-05
3.948181984014809e-05
4.7460722271353006e-05
5.750313721364364e-05
7.057203038129956e-05
7.655620720470324e-05
8.343457739101723e-05
9.37521253945306e-05
9.787914314074442e-05
0.00010145589476451278
0.00010014900180976838
9.808549657464027e-05
9.196374594466761e-05
8.742402860661969e-05
7.559324149042368e-05
7.373608241323382e-05
4.9730584578355774e-05
4.40903240814805e-05
5.46830051462166e-05
5.206922651268542e-05
4.1063842218136415e-05
3.535479845595546e-05
3.129656397504732e-05
1.891550527943764e-05
2.0910230887238868e-05
1.2793760106433183e-05
5.777827027486637e-06
1.8571587361293496e-06
1.6508076896570856e-06
8.941875080381578e-07
1.1899572200491093e-05
7.359851224464364e-06
0.00010613317863317207
9.354577196063474e-05
9.058807336259633e-05
6.376244709827006e-05
5.7640703744255006e-05
5.158774365554564e-05
4.966180131305009e-05
4.354005432105623e-05
4.4159107346786186e-05
4.078870915691368e-05
4.354005432105623e-05
4.0100872865878046e-05
4.3058567825937644e-05
3.913789987564087e-05
4.195803194306791e-05
4.587869989336468e-05
4.532843013294041e-05
4.601626642397605e-05
4.587869989336468e-05
4.9455447879154235e-05
4.278343476471491e-05
6.245556141948327e-05
5.447665535029955e-05
8.391606388613582e-05
8.384727698285133e-05
8.033931226236746e-05
7.593715417897329e-05
7.277310942299664e-05
6.857730477349833e-05
6.672014569630846e-05
6.417515396606177e-05
6.238677451619878e-05
6.19052880210802e-05
6.0873535403516144e-05
6.114866846473888e-05
6.176772149046883e-05
6.0185699112480506e-05
5.915394285693765e-05
6.073596887290478e-05
5.915394285693765e-05
6.0185699112480506e-05
5.8878809795714915e-05
5.901637632632628e-05
5.901637632632628e-05
6.142380152596161e-05
6.169894186314195e-05
5.7640703744255006e-05
5.1794093451462686e-05
4.9455447879154235e-05
4.842369526159018e-05
4.6635319449706e-05
4.8492478526895866e-05
4.4365457142703235e-05
4.450302731129341e-05
4.216438173898496e-05
4.402154081617482e-05
4.993693437427282e-05
4.711680594482459e-05
5.076233719591983e-05
4.9730584578355774e-05
5.220679668127559e-05
4.62226162198931e-05
5.1450173486955464e-05
4.374640411697328e-05
4.450302731129341e-05
4.023843939648941e-05
4.003208960057236e-05
3.90003333450295e-05
3.803736035479233e-05
3.762466076295823e-05
3.638655471149832e-05
3.6455337976804e-05
3.535479845595546e-05
3.5423581721261144e-05
3.404790913918987e-05
3.39103426085785e-05
3.30849397869315e-05
3.3222506317542866e-05
3.2465886761201546e-05
3.2465886761201546e-05
3.177805047016591e-05
3.205318353138864e-05
3.122778070974164e-05
3.2121966796694323e-05
3.0539944418706e-05
3.432304583839141e-05
3.157169703627005e-05
3.205318353138864e-05
3.0883860745234415e-05
3.129656397504732e-05
3.0127241188893095e-05
3.280980308772996e-05
3.590506821637973e-05
3.810614725807682e-05
3.90003333450295e-05
3.948181984014809e-05
4.2645868234103546e-05
4.2852218030020595e-05
4.759828880196437e-05
4.91803148179315e-05
5.1725310186157e-05
5.21380097779911e-05
6.204285455169156e-05
6.156137533253059e-05
6.981541082495824e-05
4.32649212598335e-05
5.034963760408573e-05
5.819097350467928e-05
6.438150012400001e-05
7.236040983116254e-05
7.958269270602614e-05
9.574685100233182e-05
9.457752457819879e-05
0.00013082652003504336
0.00013495353050529957
0.0001407313538948074
0.0001421070337528363
0.00014410176663659513
0.00014313879364635795
0.00014183190069161355
0.00013969960855320096
0.0001366043434245512
0.00013405934441834688
0.00012814394722227007
0.00012532381515484303
0.00012326030991971493
0.000122159777674824
0.0001191332921735011
0.00012697462807409465
0.00012154071737313643
0.00012525504280347377
0.00012814394722227007
0.00013385299826040864
0.0001403874484822154
0.00015084256301634014
0.00015923415776342154
0.00016955171304289252
0.00017911264149006456
0.00018757302314043045
0.00019727152539417148
0.00020256786956451833
0.00021178487804718316
0.00021357325022108853
0.00022320296557154506
0.00022368444479070604
0.00022973741579335183
0.00023131944180931896
0.00021013406512793154
0.0002112346119247377
0.0002111658250214532
0.00020937745284754783
0.0002073139330605045
0.0002031181356869638
0.0001996789505938068
0.00019452018023002893
0.00019142491510137916
0.00018475290562491864
0.0001806946675060317
0.00017656764248386025
0.00017085860599763691
0.00016858874005265534
0.00016356752894353122
0.0001610913168406114
0.00015634525334462523
0.00015675794566050172
0.00015111769607756287
0.00016198550292756408
0.00016081618377938867
0.00015909659850876778
0.00016040349146351218
0.0001589590247021988
0.0001624669966986403
0.00016666279407218099
0.00016741942090447992
0.00017161521827802062
0.00016996441991068423
0.00017422900418750942
0.00017711790860630572
0.00018860478303395212
0.00018970532983075827
0.0002009170566452667
0.00019534557941369712
0.00019995408365502954
0.00019850963144563138
0.0002010546304518357
0.0001989223383134231
0.00020160489657428116
0.00019878476450685412
0.00020153610967099667
0.0001976842322619632
0.00020277421572245657
0.00019369478104636073
0.00019582707318477333
0.00019850963144563138
0.00019685881852637976
0.00023922955733723938
0.00023180092102847993
0.0002259543107356876
0.0002214145933976397
0.00021653095609508455
0.00021350446331780404
0.0002097901451634243
0.0002091023197863251
0.00020724516070913523
0.00020724516070913523
0.00020724516070913523
0.00020841447985731065
0.0002099277189699933
0.00021185366495046765
0.00021825054136570543
0.00021604946232400835
0.00022100188652984798
0.00022437228471972048
0.00022849930974189192
0.000234483479289338
0.0002357903722440824
0.00024108671641442925
0.00023861050431150943
0.00024204968940466642
0.00024108671641442925
0.00024349414161406457
0.00024204968940466642
0.00024349414161406457
0.00024101792951114476
0.0002424623817205429
0.00023874806356616318
0.00023799145128577948
0.00023971103655640036
0.00023895442427601665
0.00024136184947565198
0.00023675334523431957
0.00023654699907638133
0.0002357903722440824
0.00023585915914736688
0.00022884322970639914
0.0002335892932023853
0.0002328326809220016
0.00023049402807373554
0.0002302188950125128
0.00022829294903203845
0.00022753633675165474
0.00022629823070019484
0.00022616065689362586
0.00022540404461324215
0.0002255416038678959
0.00022423472546506673
0.000224303497816436
0.00022038283350411803
0.00021990135428495705
0.0002166685153497383
0.0002153616223949939
0.00020917109213769436
0.00020875839982181787
0.00020449381554499269
0.00020201760344207287
0.00019823449838440865
0.00019692760542966425
0.0001942450471688062
0.00019314450037200004
0.00019121856894344091
0.00019004923524335027
0.0001887423568405211
0.0001881920761661604
0.00018647249089553952
0.00018599101167637855
0.00018592222477309406
0.00018839843687601388
0.00018894870299845934
0.00018901748990174383
0.00018908627680502832
0.00019114978204015642
0.00019252544734627008
0.00019438260642345995
0.0001976842322619632
0.00019121856894344091
0.00019410747336223722
0.0001980281522264704
