0.0006149258697405457
0.0006101110484451056
0.0006110052345320582
0.0006117618177086115
0.0006122433114796877
0.0006126560037955642
0.0006130687543191016
0.0006132062990218401
0.0006134814466349781
0.0006136189913377166
0.0006137565360404551
0.0006138941389508545
0.0006138941389508545
0.0006139629404060543
0.0006139629404060543
0.0006139629404060543
0.0006141004851087928
0.0006141004851087928
0.0006141004851087928
0.0006141004851087928
0.0006142380298115313
0.0006142380298115313
0.0006142380298115313
0.0006142380298115313
0.0006142380298115313
0.0006142380298115313
0.000614306831266731
0.0006143756327219307
0.0006143756327219307
0.0006143756327219307
0.0006143756327219307
0.0006143756327219307
0.0006143756327219307
0.0006143756327219307
0.0006143756327219307
0.0006143756327219307
0.0006143756327219307
0.0006143756327219307
0.0006145131774246693
0.0006145131774246693
0.0006145131774246693
0.0006145131774246693
0.0006146507221274078
0.0006147883250378072
0.0006149258697405457
0.0006150634726509452
0.0006154761649668217
0.0006158200558274984
0.0006162327481433749
0.0006169205880723894
0.0006178835756145418
0.0006192592554725707
0.0006211851723492146
0.0006237301859073341
0.0006274445331655443
0.0006328096496872604
0.0006405134336091578
0.000651793903671205
0.000668783497530967
0.0006951276445761323
0.0007363290642388165
0.0007951390580274165
0.0008576633990742266
0.0009098013979382813
0.0009596695890650153
0.0010145589476451278
0.0010718556586652994
0.001125919632613659
0.001164163346402347
0.0011824598768725991
0.0011745496885851026
0.0011478617088869214
0.0011133322259411216
0.001078183762729168
0.0010457179741933942
0.0010166224092245102
0.0009904158068820834
0.0009668230777606368
0.0009451562073081732
0.0009251401643268764
0.0009061559103429317
0.0008878594380803406
0.0008696317672729492
0.0008511977503076196
0.0008320070919580758
0.0008115095552057028
0.0007889485568739474
0.0007639112882316113
0.0007363290642388165
0.0007060642237775028
0.0006751803448423743
0.0006442277226597071
0.0005993807571940124
0.0005787456757389009
0.0005634757108055055
0.0005510946502909064
0.0005411210004240274
0.0005332796717993915
0.0005270203691907227
0.0005222742911428213
0.0005186975467950106
0.000516427680850029
0.0005152583471499383
0.0005147081101313233
0.0005147768533788621
0.0005151208024471998
0.0005157398409210145
0.000515877443831414
0.0005171843222342432
0.0005174594698473811
0.0005288775428198278
0.0005314224981702864
0.0005367188714444637
0.0005529518239200115
0.0005855552735738456
0.0006293016485869884
0.0007036568131297827
0.0009917914867401123
0.0010343686444684863
0.0011452478356659412
0.0011949784820899367
0.0013067518593743443
0.0013662497512996197
0.0014624092727899551
0.0014684622874483466
0.0015064995968714356
0.0014866212150081992
0.0014822189696133137
0.0014547054888680577
0.0014275360153988004
0.0013846837682649493
0.0013344717444851995
0.00126692617777735
0.0011878249933943152
0.0010920781642198563
0.000989934429526329
0.0008866213029250503
0.000798509456217289
0.000722159631550312
0.0006689210422337055
0.0006229735445231199
0.0005934654036536813
0.0005670524551533163
0.0005515761440619826
0.0005378194036893547
0.0005303907673805952
0.0005242690094746649
0.0005215864512138069
0.000520210771355778
0.0005209674127399921
0.0005229621310718358
0.0005268828244879842
0.0005325918318703771
0.0005417400971055031
0.000551232194993645
0.0005626503261737525
0.0005743435467593372
0.0005874811904504895
0.0006013755337335169
0.0006163703510537744
0.0006323281559161842
0.0006490426021628082
0.0006661696825176477
0.0006835719686932862
0.0007002864149399102
0.0007156939245760441
0.0007286252803169191
0.0007381174364127219
0.0007439640467055142
0.000757239293307066
0.0007640488329343498
0.0007660435512661934
0.0007594403577968478
0.0007454084698110819
0.000722985016182065
0.0006928577786311507
0.0006577781168743968
0.0006229048012755811
0.0005904388963244855
0.0005646450445055962
0.0005367188714444637
0.0005312849534675479
0.0005157398409210145
0.0004977185162715614
0.0004898771876469254
0.0004780464223586023
0.00048100409912876785
0.0004796972207259387
0.0004907026304863393
0.0005001259851269424
0.0005181473097763956
0.0005335548194125295
0.0005557031836360693
0.0005726927192881703
0.0005947722820565104
0.0006160264019854367
0.0006323281559161842
0.0006486298516392708
0.0006563336355611682
0.0006720162928104401
0.0006678205099888146
0.0006540637696161866
0.0006400319398380816
0.0006102485931478441
0.0005931214545853436
0.0005715233855880797
0.0005546025931835175
0.0005363061791285872
0.0005191790405660868
0.0005004010745324194
0.00048100409912876785
0.0004589245654642582
0.00043478148290887475
0.0004063738451804966
0.00037370159407146275
0.00033394465572200716
0.00028572732117027044
0.00021990135428495705
0.0001229851768584922
5.667773439199664e-05
5.915394467592705e-06
5.488935858011246e-05
0.0001022125143208541
0.00012387936294544488
0.0001275936810998246
1.891550527943764e-05
4.188924503978342e-05
5.819097350467928e-05
0.0001195459917653352
0.0001848216779762879
0.0003030607767868787
0.0004164850397501141
0.000535824685357511
0.0006367990863509476
0.0007207151502370834
0.0007819326128810644
0.0008445944986306131
0.0009075315319932997
0.000849203031975776
0.0009402725845575333
0.0008542241994291544
0.0008509226026944816
0.0007456836174242198
0.0006405821768566966
0.0005605868063867092
0.00041118869557976723
0.00035341043258085847
0.0001751919771777466
0.00012986354704480618
2.3730361135676503e-05
7.043446385068819e-05
8.804308163234964e-05
0.00020332448184490204
0.00022739876294508576
0.0002289120020577684
0.0002188008074881509
0.00019396991410758346
0.00013584771659225225
9.615955059416592e-05
3.8793983549112454e-05
0.00010826547804754227
0.00020263665646780282
0.0003664105315692723
0.0004069928836543113
0.0005651265382766724
0.0006250370643101633
0.0007189267780631781
0.0008051127078942955
0.0008917800732888281
0.0009631087305024266
0.0010240511037409306
0.0010570671875029802
0.001091871759854257
0.0011554278898984194
0.0011413960019126534
0.0012085288763046265
0.0011484118876978755
0.001184936030767858
0.0011243376648053527
0.0010949670104309916
0.0010682102292776108
0.0010139398509636521
0.0010241885902360082
0.0009629711857996881
0.0010070614516735077
0.000943574181292206
0.0009481139131821692
0.0009145474759861827
0.0008969389018602669
0.0008864837582223117
0.0008005041745491326
0.0008573195082135499
0.0007339903968386352
0.0007006991072557867
0.0006630744319409132
0.0005543962470255792
0.0005786768742837012
0.00047048021224327385
0.0005012952606193721
0.0004609192837961018
0.0004760516749229282
0.00044475513277575374
0.0004898771876469254
0.00047584532876498997
0.0004965492407791317
0.0004984063562005758
0.0005173906683921814
0.0005194541881792247
0.0005719360779039562
0.0005849362351000309
0.0005605868063867092
0.0005627878708764911
0.0005510258488357067
0.0005277082091197371
0.0005225494387559593
0.0004812792467419058
0.00048685070942156017
0.0004443424113560468
0.0004483318771235645
0.00041352733387611806
0.0004133209877181798
0.00037665929994545877
0.0003582252829801291
0.00034281774424016476
0.0002996903785970062
0.0003001718723680824
0.00023606550530530512
0.0002404676633886993
0.00013240853149909526
0.00016191673057619482
3.060872768401168e-05
7.160378299886361e-05
5.089990736451e-06
3.4666962164919823e-05
9.340820543002337e-05
3.748709423234686e-05
9.1619833256118e-05
6.0185699112480506e-05
7.690012716921046e-05
6.135502189863473e-05
5.5783544667065144e-05
5.6127464631572366e-05
2.744467929005623e-05
2.620657323859632e-05
1.7195914097101195e-06
2.6825625809578924e-06
7.538688805652782e-05
8.873091428540647e-05
8.893726771930233e-05
0.00014368905976880342
0.00011741369962692261
0.00016955171304289252
0.000176361296325922
0.0001907370751723647
0.00021377959637902677
0.00021150974498596042
0.0002268484968226403
0.00021646216919180006
0.0002200389135396108
0.00020676366693805903
0.0001967900461750105
0.00018970532983075827
0.00017292211123276502
0.00017237184511031955
0.00013350907829590142
0.000136122849653475
9.07256398932077e-05
0.00010338183346902952
8.446633000858128e-05
9.313307236880064e-05
9.856697579380125e-05
0.00010035535524366423
0.00012449841597117484
0.00012154071737313643
0.0001573082263348624
0.00015978443843778223
0.00018894870299845934
0.00020635097462218255
0.00022065796656534076
0.00023792266438249499
0.00024748360738158226
0.00026048370636999607
0.00027547855279408395
0.00027437799144536257
0.0002938437683042139
0.0002882723056245595
0.0003042988828383386
0.0003144101065117866
0.00030409253668040037
0.00030987037462182343
0.0003018226707354188
0.00028352622757665813
0.00028111881692893803
0.0002594519464764744
0.0002540868299547583
0.0002267797099193558
0.00021302298409864306
0.0001866100647021085
0.00016563104873057455
0.00014609648496843874
0.00012532381515484303
0.00010675223165890202
9.010658686747774e-05
7.758796709822491e-05
6.128623499535024e-05
4.9249098083237186e-05
4.188924503978342e-05
3.60426347469911e-05
2.9370621632551774e-05
2.8476433726609685e-05
2.276738996442873e-05
2.6000221623689868e-05
2.201077040808741e-05
2.9920889573986642e-05
2.675684299902059e-05
3.459817889961414e-05
3.824371378868818e-05
4.5190863602329046e-05
4.62226162198931e-05
6.046083217370324e-05
5.619624789687805e-05
6.843973824288696e-05
6.073596887290478e-05
6.740798562532291e-05
5.330733256414533e-05
5.234436321188696e-05
4.147654544794932e-05
3.1915617000777274e-05
2.7031976060243323e-05
1.7746182493283413e-05
1.2174707080703229e-05
8.873091246641707e-06
3.439182876263658e-07
1.9259423424955457e-06
1.1418086614867207e-05
1.1762004760385025e-05
3.60426347469911e-05
3.762466076295823e-05
5.38576023245696e-05
5.2757062803721055e-05
6.506934005301446e-05
6.156137533253059e-05
6.871487130410969e-05
6.390001362888142e-05
6.431272049667314e-05
5.605868136626668e-05
5.248192974249832e-05
4.546599666355178e-05
3.8518846849910915e-05
3.0264809538493864e-05
2.476211557222996e-05
1.3619163837574888e-05
1.0042414032795932e-05
1.6232943380600773e-05
1.78149675775785e-05
2.0635096007026732e-05
2.111658250214532e-05
3.1915617000777274e-05
3.177805047016591e-05
3.90003333450295e-05
3.1158997444435954e-05
3.39103426085785e-05
3.0333592803799547e-05
2.895791840273887e-05
2.58626550930785e-05
2.1804418793180957e-05
5.626503116218373e-05
4.243951480020769e-05
3.762466076295823e-05
2.5931438358384185e-05
2.2079553673393093e-05
1.416943359799916e-05
1.0523899618419819e-05
5.984178187645739e-06
5.158774001756683e-06
3.5767500321526313e-06
4.883639576291898e-06
5.571476322074886e-06
7.2222837843582965e-06
9.767279152583797e-06
1.2243490346008912e-05
1.547632200527005e-05
1.7608615962672047e-05
2.0359962945804e-05
2.7169544409844093e-05
2.7582245820667595e-05
3.1915617000777274e-05
3.439182910369709e-05
3.734952406375669e-05
4.2852218030020595e-05
4.216438173898496e-05
4.8148558562388644e-05
4.83549119962845e-05
5.2000443247379735e-05
4.8905178118729964e-05
5.6127464631572366e-05
5.2275579946581274e-05
4.40903240814805e-05
4.2577081330819055e-05
3.363520954735577e-05
2.3180091375252232e-05
1.5820240150787868e-05
3.370399099367205e-06
5.227557721809717e-06
1.5751456885482185e-05
2.531238533265423e-05
3.30849397869315e-05
4.450302731129341e-05
5.076233719591983e-05
7.428634853567928e-05
8.006417920114473e-05
9.189496631734073e-05
0.00010104318789672107
0.0001055829125107266
0.00011431843449827284
0.00011555654054973274
0.00012264125689398497
0.00012401693675201386
0.00012828152102883905
0.00012608044198714197
0.00013199583918321878
0.00013213339843787253
0.00014368905976880342
0.00014478959201369435
0.00014300121983978897
0.00014602769806515425
0.00011142952280351892
0.0001073025050573051
0.00010014900180976838
9.313307236880064e-05
7.889485277701169e-05
6.727041909471154e-05
5.3582469263346866e-05
3.8793983549112454e-05
2.6894409529631957e-05
3.507966539473273e-06
6.947149358893512e-06
4.065113898832351e-05
4.477816037251614e-05
5.571476140175946e-05
7.160378299886361e-05
7.153500337153673e-05
8.088957838481292e-05
8.969388727564365e-05
9.134469291893765e-05
0.00010840304457815364
0.0001009056213661097
0.00011658830044325441
0.00011136073590023443
0.00010984749678755179
0.0001102602036553435
9.705373668111861e-05
9.471509110881016e-05
7.930755236884579e-05
6.899000436533242e-05
5.7847053540172055e-05
4.1614111978560686e-05
3.253467002650723e-05
1.7746182493283413e-05
9.354576832265593e-06
2.201076995334006e-06
9.560928447172046e-06
2.9164270017645322e-05
3.2878586353035644e-05
3.8793983549112454e-05
4.422789061209187e-05
4.649775291909464e-05
5.344489909475669e-05
4.62226162198931e-05
6.506934005301446e-05
6.0667185607599095e-05
5.9910566051257774e-05
7.903241930762306e-05
7.263554289238527e-05
7.263554289238527e-05
4.4365457142703235e-05
4.856126179220155e-05
4.505329343373887e-05
4.87676115881186e-05
4.574112972477451e-05
5.1243823691038415e-05
5.8672459999797866e-05
5.7296783779747784e-05
5.8122190239373595e-05
5.874124326510355e-05
6.121745536802337e-05
6.114866846473888e-05
6.500055314972997e-05
6.431272049667314e-05
7.050325075397268e-05
6.520690658362582e-05
7.428634853567928e-05
7.057203038129956e-05
7.738161366432905e-05
7.54556676838547e-05
7.903241930762306e-05
8.047687879297882e-05
8.137106487993151e-05
8.453511691186577e-05
8.205890480894595e-05
8.233403787016869e-05
7.710648060310632e-05
7.903241930762306e-05
7.187892333604395e-05
7.538688805652782e-05
6.678893259959295e-05
7.352972897933796e-05
7.20852694939822e-05
6.678893259959295e-05
8.047687879297882e-05
7.731282676104456e-05
8.508538303431123e-05
8.446633000858128e-05
0.00012133437121519819
0.00012271004379726946
0.00012154071737313643
0.00011741369962692261
0.00011975234519923106
0.00011129195627290756
0.00011177344276802614
0.00011645072663668543
0.00011906450527021661
0.00012470476212911308
0.00012869421334471554
0.00013289002527017146
0.00015042985614854842
0.00015118648298084736
0.00016294847591780126
0.00017195913824252784
0.0001534563343739137
0.00018090101366396993
0.00017409143038094044
0.00022705484298057854
0.00022719241678714752
0.00018048830679617822
0.00019121856894344091
0.00018709154392126948
0.0001921815419336781
0.00017539832333568484
0.00017567345639690757
0.00016893266001716256
0.00016618131485302
0.0001624669966986403
0.0001628109166631475
0.00015524470654781908
0.00015524470654781908
0.0001496732293162495
0.0001488478301325813
0.0001454086450394243
0.00014368905976880342
0.00014169432688504457
0.0001412128476658836
0.00013956203474663198
0.0001403874484822154
0.00013887419481761754
0.00014238216681405902
0.00013887419481761754
0.00014059379464015365
0.0001407313538948074
0.00014499595272354782
0.0001311016530962661
0.00013626042346004397
0.00014286366058513522
0.00014644040493294597
0.00015572620031889528
0.00015923415776342154
0.00016597496869508177
0.00017099616525229067
0.00017656764248386025
0.00018241425277665257
0.00018495925178285688
0.00019348842033650726
0.00019369478104636073
0.00019658368546515703
0.0001921127550303936
0.00019225031428504735
0.00019101220823358744
0.00016535591566935182
0.00016982684610411525
0.00016184794367291033
0.00016611252794973552
0.00015290606825146824
0.000163223608979024
0.00015111769607756287
0.0001480912178521976
0.00013969960855320096
0.00013811758253723383
0.0001297259732382372
0.00013013868010602891
0.00012064653128618374
0.00012016504479106516
0.00011844545224448666
0.0001144560010288842
0.00011273641575826332
0.00011225492926314473
0.00011129195627290756
0.00012057775165885687
0.00011844545224448666
0.000118720592581667
0.00012326030991971493
0.00012257246999070048
0.00011975234519923106
0.00011803275265265256
0.00011672586697386578
0.00011314911535009742
0.00011541897401912138
0.00011273641575826332
0.0001144560010288842
0.00010441359336255118
0.00011885815911227837
0.00010943479719571769
0.0001123924957937561
9.842940926318988e-05
0.00010413845302537084
0.0001051702129188925
0.00010654588550096378
0.00011686343350447714
0.00011782640649471432
0.00012057775165885687
0.0001212655843119137
0.00012415449600666761
0.00012539260205812752
0.00012828152102883905
0.0001297947601415217
0.00013454083818942308
0.00013509110431186855
0.0001412816345691681
0.0001403874484822154
0.00014355148596223444
0.00014272608677856624
0.0001488478301325813
0.0001496732293162495
0.0001522870152257383
0.00015084256301634014
0.00016274212975986302
0.00015971565153449774
0.00016184794367291033
0.0001535251212771982
0.00015166796220000833
0.0001505674299551174
0.00015070498920977116
0.00014974201621953398
0.00014740337792318314
0.00014637161802966148
0.00014561500574927777
0.00014423932589124888
0.00014568377810064703
0.00013963082164991647
0.00014595891116186976
0.00014472081966232508
0.00014568377810064703
0.0001441705389879644
0.00016177915676962584
0.00016136646445374936
0.0001610913168406114
0.0001610913168406114
0.00016439294267911464
0.00016590618179179728
0.00016982684610411525
0.0001738162973197177
0.00017615495016798377
0.00018351479957345873
0.00018440898566041142
0.00018887991609517485
0.00018777938385028392
0.0001946577540365979
0.0001921127550303936
0.00019665247236844152
0.00019396991410758346
0.0001954831532202661
0.00020022921671625227
0.00019658368546515703
0.00019665247236844152
0.00019479531329125166
0.0001903931552078575
0.00018881112919189036
0.00018427141185384244
0.00018413385259918869
0.0001772554824128747
0.000179800481419079
0.00017312845739070326
0.000173403590451926
0.0001700331922620535
0.00017030832532327622
0.00016535591566935182
0.0001705146860331297
0.00016198550292756408
0.0001641178096178919
0.0001674882078077644
0.00016900144692044705
0.00018578465096652508
0.00018777938385028392
0.00018495925178285688
0.00019197518122382462
0.00019355720723979175
0.00019486410019453615
0.00019727152539417148
0.00019727152539417148
0.00019981652440037578
0.00020119218970648944
