0.0006025448092259467
0.0006080475286580622
0.0006068781949579716
0.0006061903550289571
0.0006055025150999427
0.0006049522780813277
0.0006045395275577903
0.000604333181399852
0.000604058091994375
0.000603782944381237
0.0006035077967680991
0.0006033702520653605
0.0006033014506101608
0.0006032326491549611
0.0006031639059074223
0.0006030951044522226
0.0006030951044522226
0.0006029575015418231
0.0006029575015418231
0.0006029575015418231
0.0006029575015418231
0.0006029575015418231
0.0006029575015418231
0.0006028887582942843
0.0006029575015418231
0.0006029575015418231
0.0006028199568390846
0.0006028199568390846
0.0006028199568390846
0.0006028199568390846
0.0006028199568390846
0.0006028199568390846
0.0006028199568390846
0.0006028199568390846
0.0006028199568390846
0.0006028199568390846
0.0006028199568390846
0.0006028199568390846
0.0006028199568390846
0.0006028199568390846
0.0006028199568390846
0.0006026824121363461
0.0006026824121363461
0.0006026824121363461
0.0006025448092259467
0.0006025448092259467
0.0006024760659784079
0.0006023384630680084
0.0006020633154548705
0.0006019257707521319
0.0006015130784362555
0.0006009627832099795
0.0006004812894389033
0.0005995871033519506
0.0005986241740174592
0.00059731729561463
0.0005958728143014014
0.0005941532435826957
0.0005921584670431912
0.0005894071655347943
0.0005842483951710165
0.0005801213555969298
0.0005757879698649049
0.0005702165071852505
0.0005635445122607052
0.0005611370434053242
0.0005616185371764004
0.0005651265382766724
0.0005719360779039562
0.0005814970354549587
0.000593259057495743
0.0006070157396607101
0.0006213915767148137
0.0006349419127218425
0.0006464975886046886
0.0006548892124556005
0.0006592913414351642
0.0006597728352062404
0.000655301904771477
0.0006497991853393614
0.000641545164398849
0.0006343228742480278
0.000627238187007606
0.000621322775259614
0.0006162327481433749
0.0006119681638665497
0.0006085290224291384
0.0006057088612578809
0.0006032326491549611
0.0006012379308231175
0.0005996559048071504
0.0005982114817015827
0.0005969733465462923
0.0005959416157566011
0.000594909826759249
0.0005940156406722963
0.0005931214545853436
0.0005922272684983909
0.0005912642809562385
0.000590301351621747
0.0005891320179216564
0.0005877563380636275
0.0005861743120476604
0.0005842483951710165
0.0005819785292260349
0.0005793647142127156
0.0005764070665463805
0.0005731054116040468
0.0005695974687114358
0.0005663646152243018
0.0005653328844346106
0.0005607243510894477
0.0005565285682678223
0.0005526766763068736
0.0005419464432634413
0.0004937978810630739
0.00035354800638742745
0.00026261599850840867
7.937633927213028e-05
0.0004049981653224677
0.0005195917328819633
0.0005778514896519482
0.0005871372995898128
0.0004655277880374342
0.0003000342985615134
0.000156001333380118
2.950818816316314e-05
7.421756163239479e-05
0.0001616415975149721
0.00023503375996369869
0.00029748931410722435
0.00035169083275832236
0.0003984637151006609
0.0004406968946568668
0.0004775649285875261
0.0005121630965732038
0.0005429781740531325
0.0005728302639909089
0.0005995871033519506
0.0006264815456233919
0.0006506246281787753
0.0006759369862265885
0.0006986355874687433
0.000723260163795203
0.0007449957774952054
0.0007673504878766835
0.0007796627469360828
0.0007864035433158278
0.0007843400235287845
0.000773403444327414
0.0007520805229432881
0.0007228474132716656
0.0006811645580455661
0.0006432647351175547
0.0006015130784362555
0.0005720736808143556
0.0005416712956503034
0.0005170467193238437
0.0004993005422875285
0.0004847184172831476
0.0004744696489069611
0.0004664219741243869
0.0004647711757570505
0.00046662832028232515
0.0004723373567685485
0.00048182951286435127
0.0004925597459077835
0.0005049408064223826
0.0005168403731659055
0.000530184421222657
0.000540158071089536
0.0005475867073982954
0.0005537084070965648
0.0005587984342128038
0.0005628566723316908
0.0005665022181347013
0.0005684281350113451
0.0005719360779039562
0.0005760631174780428
0.0005752377328462899
0.0005788144771941006
0.0005777826881967485
0.000579777464736253
0.0005799838108941913
0.0005829414585605264
0.0005819785292260349
0.0005872061010450125
0.0005816345801576972
0.0005960103590041399
0.0005995183601044118
0.0006041956366971135
0.000611349125392735
0.0006049522780813277
0.0006290953024290502
0.0006236613844521344
0.0006505558267235756
0.0006505558267235756
0.0006828841287642717
0.0006818523979745805
0.0007228474132716656
0.0006611485150642693
0.0006462224409915507
0.0006777253584004939
0.0007007679087109864
0.0006928577786311507
0.0008153614471666515
0.0008048375602811575
0.0009117273730225861
0.0008990023634396493
0.0009389657061547041
0.0009569870308041573
0.0010858875466510653
0.0011244752677157521
0.0011098930845037103
0.0011609992943704128
0.0011279832106083632
0.001090839970856905
0.0010445485822856426
0.001031204592436552
0.0009527224465273321
0.0009619394550099969
0.0009067749488167465
0.0009157168096862733
0.0008617904386483133
0.0008710762485861778
0.0008386103436350822
0.0008000914822332561
0.0008267107768915594
0.0007455460727214813
0.0007981655653566122
0.0007179637905210257
0.0007449957774952054
0.0006952651892788708
0.0006733232294209301
0.0006409261259250343
0.0006169205880723894
0.0005325230886228383
0.0005389199359342456
0.0004627076559700072
0.00044372337288223207
0.0003751460462808609
0.0003511405666358769
0.00027912406949326396
0.00023689090448897332
0.0001954831532202661
0.00010682101856218651
0.00015063620230648667
5.282584606902674e-05
2.3867929485277273e-05
4.6910452510928735e-05
9.560928447172046e-05
0.00010909087723121047
0.0002640604507178068
0.00023778510512784123
0.00026474829064682126
0.00025064763030968606
0.0002756848989520222
0.0002366157714277506
0.0002734150330070406
0.0001878481707535684
0.00022285904560703784
0.00017195913824252784
0.00013846150250174105
0.00011060411634389311
6.2730694480706e-05
4.202681520837359e-05
8.047687515500002e-06
3.6455337976804e-05
5.0693553930614144e-05
0.00011940842523472384
7.641864067409188e-05
0.0002494783257134259
0.00013495353050529957
0.00030010310001671314
0.0002790552971418947
0.00033607694786041975
0.0003642094670794904
0.0003820932179223746
0.00039206683868542314
0.00043223649845458567
0.0004079558711964637
0.0004116013878956437
0.0004238448746036738
0.0004007335810456425
0.0004114638431929052
0.0003853948146570474
0.0003892467066179961
0.0003944742784369737
0.00035767501685768366
0.00046325792209245265
0.00042226287769153714
0.00047185589210130274
0.0004053420852869749
0.0004253581282682717
0.0004206120502203703
0.0004250829806551337
0.0004130458692088723
0.00041455909376963973
0.00039750075666233897
0.0003952308907173574
0.0003763841523323208
0.0003631089348345995
0.0003516220604069531
0.00033642086782492697
0.0003313996421638876
0.00032032548915594816
0.000325621833326295
0.00032424615346826613
0.0003352515341248363
0.000343161664204672
0.0003631089348345995
0.0003650348517112434
0.0004018341132905334
0.0003762466076295823
0.0004373264964669943
0.00040692411130294204
0.0004601626715157181
0.0004417974269017577
0.0004796284483745694
0.00047639559488743544
0.0005065228324383497
0.0005277770105749369
0.0005431845202110708
0.000628063571639359
0.0004936602781526744
0.0005893383640795946
0.00045362822129391134
0.0006364551954902709
0.0005275018629617989
0.00054579833522439
0.0005239939200691879
0.00050645403098315
0.0004791469546034932
0.0005071418709121644
0.0004674537340179086
0.00044537417124956846
0.0004529403813648969
0.00041476543992757797
0.00042632108670659363
0.00040891882963478565
0.0004094690957572311
0.0004067177651450038
0.00040561723290011287
0.00040891882963478565
0.00040878125582821667
0.00041999301174655557
0.00041903002420440316
0.0004394587886054069
0.00042178138392046094
0.00046676589408889413
0.00041689773206599057
0.0004554165934678167
0.00042006178409792483
0.0004303105524741113
0.00040045843343250453
0.00038904036046005785
0.00037253228947520256
0.00034797651460394263
0.0003349764156155288
0.00030636240262538195
0.00029673270182684064
0.0002734150330070406
0.00026351018459536135
0.0002450761676300317
0.00023434592003468424
0.00022038283350411803
0.00020889595907647163
0.0001983720576390624
0.00018709154392126948
0.0001792502007447183
0.0001759485894581303
0.00016638766101095825
0.00017911264149006456
0.0001658373948885128
0.0001828269596444443
0.00018090101366396993
0.00018365235882811248
0.00019403870101086795
0.00019362599414307624
0.0002030493487836793
0.0002065573207801208
0.00021377959637902677
0.00021990135428495705
0.0002213458064943552
0.00023118186800274998
0.0002256103907711804
0.000234483479289338
0.00022540404461324215
0.0002273299905937165
0.0002174939145334065
0.0002082081336993724
0.0002023615234065801
0.00018110735982190818
0.0001759485894581303
0.00015249336138367653
0.00014045622083358467
0.00012463598977774382
0.00010290034697391093
9.292671893490478e-05
6.947149086045101e-05
6.176772149046883e-05
3.7211957533145323e-05
3.232831659261137e-05
9.904846592689864e-06
6.878365638840478e-06
5.158774001756683e-06
7.84133681008825e-06
2.063509612071357e-07
1.9259423424955457e-06
1.416943359799916e-05
2.022239459620323e-05
3.5217231925344095e-05
7.648742757737637e-05
8.673618867760524e-05
0.00010413845302537084
0.00012016504479106516
0.0001369482633890584
0.00015111769607756287
0.00016659402172081172
0.00017986925377044827
0.00019720273849088699
0.00020793298608623445
0.00022746754984837025
0.00023393321316689253
0.0002570445358287543
0.00025291749625466764
0.00029212419758550823
0.00025553128216415644
0.00026626154431141913
0.00026412925217300653
0.00026550490292720497
0.00025422440376132727
0.00025085400557145476
0.00024204968940466642
0.00023682213213760406
0.00023606550530530512
0.00022760512365493923
0.00022450985852628946
0.0002179754083044827
0.0002132293302565813
0.00020800177298951894
0.00020194881653878838
0.00019747787155210972
0.00019018680904991925
0.0001861285709310323
0.0001772554824128747
0.00017189035133924335
0.0001628109166631475
0.0001513928291387856
0.0001500859361840412
0.00010606439900584519
0.00014217582065612078
0.00011755126615753397
0.00010014900180976838
9.643468365538865e-05
7.33233755454421e-05
6.651379226241261e-05
6.046083217370324e-05
4.40903240814805e-05
5.0487204134697095e-05
3.301615652162582e-05
3.439182910369709e-05
3.1640480301575735e-05
3.081507747992873e-05
3.102142727584578e-05
3.157169703627005e-05
3.260345329181291e-05
3.384155934327282e-05
3.549236498656683e-05
3.7211957533145323e-05
3.9069116610335186e-05
4.099505895283073e-05
4.216438173898496e-05
4.3815187382278964e-05
4.62226162198931e-05
4.732315574074164e-05
5.076233719591983e-05
4.801099203177728e-05
0.00010042413487099111
9.416482498636469e-05
9.003780724015087e-05
8.845578122418374e-05
8.515416266163811e-05
8.797429472906515e-05
8.611713565187529e-05
9.100078023038805e-05
9.065686026588082e-05
9.54029310378246e-05
9.485266491537914e-05
9.925481572281569e-05
9.75352231762372e-05
0.00010338183346902952
0.0001030379135045223
0.00010654588550096378
0.00011081046977778897
0.00010111197480000556
0.00010860939073609188
0.00010867817763937637
0.00011452478793216869
0.00011197978892596439
0.00012188463733764365
0.00011968355829594657
0.00011865180567838252
0.00012277883070055395
0.00011528140748851001
0.00012023383169434965
0.00011624438047874719
0.00011521262058522552
0.00011596924741752446
9.746644354891032e-05
9.980508184526116e-05
0.00010620196553645656
9.189496631734073e-05
9.258279897039756e-05
8.69425421115011e-05
8.309065742651e-05
8.508538303431123e-05
5.8672459999797866e-05
5.110625716042705e-05
4.1338978917337954e-05
3.2878586353035644e-05
3.4460612369002774e-05
2.166685226256959e-05
3.122778070974164e-05
8.597957275924273e-06
4.470937710721046e-06
9.07944286154816e-06
3.783101192311733e-06
1.0799033589137252e-05
7.359851224464364e-06
1.1762004760385025e-05
2.063509612071357e-07
7.566202384623466e-07
1.4857269889034797e-05
5.433908881968819e-06
1.56826736201765e-05
3.507966539473273e-06
1.073025032383157e-05
4.470937710721046e-06
7.153500064305263e-06
6.809581918787444e-06
7.84133681008825e-06
1.2449841960915364e-05
1.183078893518541e-05
1.9947259715991095e-05
2.2079553673393093e-05
2.9783323043375276e-05
3.659290450741537e-05
4.574112972477451e-05
5.42703055543825e-05
6.837095133960247e-05
5.805340697406791e-05
6.651379226241261e-05
6.988419772824273e-05
7.8000666690059e-05
8.879970118869096e-05
9.251401934307069e-05
9.37521253945306e-05
9.457752457819879e-05
9.891089575830847e-05
9.58156306296587e-05
0.00011693221313180402
0.00011039777018595487
0.00012786881416104734
0.0001204401851282455
0.00014575256500393152
0.0001419694599462673
0.00016741942090447992
0.000173059685039334
0.0001645305019337684
0.00017078981909435242
0.00016253578360192478
0.00015737699868623167
0.00014478959201369435
0.0001369482633890584
0.00012387936294544488
0.00011645072663668543
0.00010283156734658405
9.54029310378246e-05
8.398484351346269e-05
7.518053462263197e-05
6.775189831387252e-05
5.702165071852505e-05
5.3582469263346866e-05
4.292100129532628e-05
3.1640480301575735e-05
2.9783323043375276e-05
2.0910230887238868e-05
1.602659176569432e-05
9.973629857995547e-06
6.052961907698773e-06
2.407427928119432e-06
1.5132404769246932e-06
2.3386442080663983e-06
1.2105923815397546e-05
1.2105923815397546e-05
1.4650919183623046e-05
1.3344028957362752e-05
1.5063620594446547e-05
1.038633217831375e-05
1.0661467058525886e-05
6.878365610418768e-08
4.883639576291898e-06
7.6349861046765e-06
7.015933078946546e-06
1.6645644791424274e-05
1.912185689434409e-05
2.5037250452442095e-05
3.177805047016591e-05
3.109021417913027e-05
4.457181057659909e-05
4.003208960057236e-05
4.7942208766471595e-05
4.863004505750723e-05
5.337611582945101e-05
5.550841160584241e-05
5.660894748871215e-05
5.9085159591631964e-05
5.660894748871215e-05
5.592111119767651e-05
4.986815110896714e-05
4.904274828732014e-05
4.3883974285563454e-05
4.120140874874778e-05
3.631777144619264e-05
3.329128958284855e-05
2.7994947231491096e-05
2.4830900656525046e-05
2.0910230887238868e-05
1.637050991121214e-05
1.7058346202247776e-05
7.772553544782568e-06
1.2518625226221047e-05
7.2222837843582965e-06
5.089990736451e-06
6.878365610418768e-08
7.6349861046765e-06
6.947149358893512e-06
3.39103426085785e-05
3.913789987564087e-05
3.975695290137082e-05
5.2757062803721055e-05
5.922272612224333e-05
6.204285455169156e-05
7.524932152591646e-05
6.967784429434687e-05
7.628107414348051e-05
7.46302685001865e-05
7.187892333604395e-05
7.380486204056069e-05
5.97729958826676e-05
6.0667185607599095e-05
5.702165071852505e-05
5.6884084187913686e-05
5.798462370876223e-05
5.7296783779747784e-05
5.9910566051257774e-05
5.660894748871215e-05
6.493177352240309e-05
5.757192047894932e-05
6.259312795009464e-05
6.458785355789587e-05
6.864609167678282e-05
7.064081728458405e-05
7.607472070958465e-05
7.628107414348051e-05
8.205890480894595e-05
8.419119694735855e-05
8.941875421442091e-05
9.416482498636469e-05
9.91860288195312e-05
0.0001042760195559822
0.00011012262984877452
0.00011507505405461416
0.00011865180567838252
0.0001191332921735011
0.00015187430835794657
0.0001501547230873257
0.00014953567006159574
0.00014609648496843874
0.00014300121983978897
0.0001378424494760111
0.0001352286635665223
0.00013082652003504336
0.0001277312549063936
0.0001251174689969048
0.00012064653128618374
0.0001242232829099521
0.0001242920698132366
0.0001264243619516492
0.000125598962767981
0.00012415449600666761
0.0001331651583313942
0.00013557258353102952
0.00013701703574042767
0.00014031866157893091
0.00014485837891697884
0.000149260537000373
0.00015242458903230727
0.00015792727936059237
0.00014602769806515425
0.00014781607023905963
0.00015256214828696102
0.00015785849245730788
0.00015400660049635917
0.0001610913168406114
0.00015758335939608514
0.00015957807772792876
0.00015847754548303783
0.00015703309327363968
0.00015662038640584797
0.00015380025433842093
0.00015469444042537361
0.00015256214828696102
0.00015304364205803722
0.00015077377611305565
0.00015187430835794657
0.00015029228234197944
0.0001548320142319426
0.0001535251212771982
0.00015668917330913246
0.00015799605171196163
0.00015572620031889528
0.00015778970555402339
0.00016432415577583015
9.705373668111861e-05
0.00011342424841132015
0.00012793760106433183
0.00014430811279453337
0.0001582711993250996
0.00017416021728422493
0.00018640370399225503
0.0002010546304518357
0.00021020285203121603
0.00022196485952008516
0.00022801781597081572
0.0002383353712502867
0.00023675334523431957
0.0002476211520843208
0.00024624550133012235
0.000258626532740891
0.0002497534442227334
0.00024879048578441143
0.00024486982147209346
0.00024225603556260467
0.00023606550530530512
0.00023324537323787808
0.00022739876294508576
0.00022382201859727502
0.000220520407310687
0.00021680608915630728
0.00021639338228851557
0.0002120600111084059
0.0002157743292627856
0.00021426109015010297
0.00022107067343313247
0.0002213458064943552
0.0002267797099193558
0.0002298061881447211
0.0002370972651988268
0.00023874806356616318
0.00024617669987492263
0.00024913440574891865
0.0002538116823416203
0.000257801148109138
0.0002635789569467306
0.00026763719506561756
0.0002721769269555807
0.0002763039374258369
0.00027974313707090914
0.00028448921511881053
0.0002865527058020234
0.0002912987838499248
0.0002912987838499248
0.00029576971428468823
0.0002939125697594136
0.0002961824357043952
0.00029322472983039916
0.0002921929699368775
0.00028999190544709563
0.00028689662576653063
0.0002839389198925346
0.0002802246017381549
0.0002765790850389749
0.00027252084692008793
0.0002668118104338646
0.0002668118104338646
0.00026055247872136533
0.00023654699907638133
0.00023867929121479392
0.00022884322970639914
0.00022657336376141757
0.00022113946033641696
0.00021653095609508455
0.000214123516343534
0.000210340425837785
0.00020923987904097885
0.00020683245384134352
0.0002077266399282962
0.00020628218771889806
