0.9969306588172913
0.9295879006385803
0.9435995817184448
0.9548237919807434
0.9638156890869141
0.9710081219673157
0.9767565727233887
0.9813492894172668
0.9850180149078369
0.987948477268219
0.9902891516685486
0.9921585917472839
0.9936512112617493
0.9948425889015198
0.995792806148529
0.9965499043464661
0.9971523284912109
0.9976305365562439
0.9980090260505676
0.9983075857162476
0.9985419511795044
0.9987250566482544
0.9988673329353333
0.9989773631095886
0.9990620613098145
0.9991270303726196
0.9991768598556519
0.9992151856422424
0.9992446899414062
0.9992676377296448
0.9992855787277222
0.9992997646331787
0.9993112683296204
0.9993207454681396
0.9993287920951843
0.9993358254432678
0.9993422627449036
0.9993483424186707
0.9993542432785034
0.9993600845336914
0.9993659257888794
0.9993716478347778
0.9993771314620972
0.999381959438324
0.9993855953216553
0.9993873238563538
0.9993858933448792
0.9993798136711121
0.9993672966957092
0.9993461966514587
0.9993141889572144
0.9992693066596985
0.9992100596427917
0.9991358518600464
0.9990478157997131
0.9989483952522278
0.9988416433334351
0.9987311363220215
0.9986164569854736
0.9983677864074707
0.9982472062110901
0.9979501366615295
0.9976953268051147
0.9972963929176331
0.9963973760604858
0.9955966472625732
0.9946753978729248
0.9933474063873291
0.991587221622467
0.989411473274231
0.9866946339607239
0.983336865901947
0.9793664216995239
0.9748923182487488
0.970061719417572
0.9650406241416931
0.9599531888961792
0.955082356929779
0.9513911008834839
0.9480066299438477
0.9463328719139099
0.9450625777244568
0.9444169998168945
0.9439959526062012
0.9437528848648071
0.943597674369812
0.9434992671012878
0.9434351921081543
0.9433935284614563
0.9433666467666626
0.9433496594429016
0.9433395862579346
0.94333416223526
0.9433321356773376
0.9433327913284302
0.9433357119560242
0.9433407783508301
0.9433483481407166
0.9433591365814209
0.9433743953704834
0.9433962106704712
0.9434276819229126
0.9434732794761658
0.943539559841156
0.9436344504356384
0.9437656998634338
0.9439351558685303
0.9441285729408264
0.9443057775497437
0.9444051384925842
0.9447739720344543
0.9458499550819397
0.9463253021240234
0.9462058544158936
0.9457610249519348
0.9463041424751282
0.9477756023406982
0.9450441002845764
0.9349285364151001
0.9199574589729309
0.9164406657218933
0.8873182535171509
0.8830516338348389
0.882108747959137
0.8816862106323242
0.8813921213150024
0.8817424178123474
0.8819057941436768
0.8823540210723877
0.8825452923774719
0.8829401731491089
0.8830853700637817
0.8833984136581421
0.883502721786499
0.8837333917617798
0.8838062882423401
0.8839665055274963
0.8840051293373108
0.8841087222099304
0.8841022849082947
0.8841636180877686
0.8841046690940857
0.8841484189033508
0.8840653300285339
0.8841555118560791
0.8841478824615479
0.8841625452041626
0.8841893672943115
0.8840206265449524
0.8839768767356873
0.883524477481842
0.8832666277885437
0.8826385140419006
0.8821502923965454
0.88154536485672
0.8805886507034302
0.8803097009658813
0.8798670768737793
0.8797441124916077
0.8790407776832581
0.8793486952781677
0.878614604473114
0.8786043524742126
0.8781774044036865
0.8780667781829834
0.8776171207427979
0.8774116039276123
0.8769339919090271
0.8770647644996643
0.8765361905097961
0.8766068816184998
0.8763082027435303
0.876265823841095
0.8760489225387573
0.8759354948997498
0.8757502436637878
0.8755196332931519
0.8754388689994812
0.8748459815979004
0.8752007484436035
0.8746093511581421
0.874625563621521
0.8741786479949951
0.8739818930625916
0.8733558058738708
0.8732043504714966
0.8722383379936218
0.8722966313362122
0.8710077404975891
0.870754063129425
0.8703095316886902
0.8695263862609863
0.8694917559623718
0.8681287169456482
0.8682172894477844
0.8678147792816162
0.8682724237442017
0.8689768314361572
0.8696617484092712
0.870972216129303
0.8716634511947632
0.8723669648170471
0.8697846531867981
0.8636860847473145
0.8540388941764832
0.8447399735450745
0.8373326063156128
0.8313961625099182
0.8270216584205627
0.8209291696548462
0.8110405802726746
0.7936145067214966
0.7820667028427124
0.7703317403793335
0.7640360593795776
0.7591392397880554
0.7553977370262146
0.7529355883598328
0.7480155229568481
0.7451217770576477
0.7412384152412415
0.7381355166435242
0.7354561686515808
0.7312595248222351
0.728478729724884
0.7231345772743225
0.7196280360221863
0.7142004370689392
0.7098765969276428
0.7042930126190186
0.6996278166770935
0.6938691735267639
0.6891917586326599
0.6841478943824768
0.6797041893005371
0.6759185194969177
0.6688260436058044
0.6660242676734924
0.659929633140564
0.6564556360244751
0.651638925075531
0.6460527777671814
0.6398237347602844
0.6334479451179504
0.6267504692077637
0.6187931299209595
0.6088827252388
0.5997416973114014
0.590791642665863
0.5822654962539673
0.5716413259506226
0.5646502375602722
0.5518681406974792
0.5454708933830261
0.5412890911102295
0.5355793833732605
0.5301660895347595
0.5220845937728882
0.5149149298667908
0.5073603391647339
0.49996185302734375
0.4959386885166168
0.48971378803253174
0.48542577028274536
0.47948867082595825
0.4743855595588684
0.4696652591228485
0.4640319049358368
0.4598570466041565
0.4534967839717865
0.44763219356536865
0.4383558928966522
0.43120965361595154
0.42589879035949707
0.4244447946548462
0.4240557849407196
0.42440950870513916
0.42536741495132446
0.42577651143074036
0.4252440929412842
0.4258951246738434
0.42478787899017334
0.4242192804813385
0.42242303490638733
0.42027392983436584
0.41630029678344727
0.4087226986885071
0.4000647962093353
0.3877637982368469
0.3772604167461395
0.366349458694458
0.35783639550209045
0.34866708517074585
0.34184786677360535
0.33661940693855286
0.33443063497543335
0.3329715430736542
0.3337700366973877
0.33495691418647766
0.337071031332016
0.33952710032463074
0.34234902262687683
0.34587234258651733
0.3486784100532532
0.35235869884490967
0.3545273542404175
0.3570358157157898
0.3575103282928467
0.3585085868835449
0.357150673866272
0.3561776876449585
0.3530157208442688
0.35025089979171753
0.3457529842853546
0.3416425585746765
0.3364323079586029
0.3309791684150696
0.32404524087905884
0.315540611743927
0.3058767318725586
0.29341861605644226
0.27906039357185364
0.25886884331703186
0.2379445880651474
0.20897804200649261
0.188916876912117
0.17243824899196625
0.15300533175468445
0.14063483476638794
0.13033542037010193
0.12350013107061386
0.12084164470434189
0.11811230331659317
0.12090646475553513
0.12055578827857971
0.12343214452266693
0.12674234807491302
0.13063247501850128
0.1350892186164856
0.13914497196674347
0.1430930197238922
0.14735516905784607
0.15144461393356323
0.15672971308231354
0.16136115789413452
0.16732892394065857
0.17264732718467712
0.1777115762233734
0.18266338109970093
0.18519316613674164
0.18885591626167297
0.18937388062477112
0.18954873085021973
0.18762296438217163
0.1846550852060318
0.18033725023269653
0.1759282797574997
0.1715143769979477
0.16664831340312958
0.1616174429655075
0.1570529341697693
0.1522674411535263
0.1479032188653946
0.1431664228439331
0.13858023285865784
0.1336301863193512
0.12850436568260193
0.12340941280126572
0.11763180792331696
0.11287234723567963
0.10822395980358124
0.10430318862199783
0.10094329714775085
0.09832073748111725
0.09632367640733719
0.09540677815675735
0.09421510994434357
0.09392296522855759
0.09335044771432877
0.09371083229780197
0.09371213614940643
0.09420688450336456
0.09453944116830826
0.09491333365440369
0.09517372399568558
0.09516675025224686
0.09514334052801132
0.09455563127994537
0.09401766955852509
0.09272699803113937
0.09152959287166595
0.08947183191776276
0.0876881554722786
0.08499747514724731
0.08262353390455246
0.07925181090831757
0.07616880536079407
0.07239510118961334
0.06877133250236511
0.06497441232204437
0.06105918437242508
0.05714401975274086
0.05285539850592613
0.048815518617630005
0.044182948768138885
0.040355950593948364
0.03568004444241524
0.032652080059051514
0.02923104539513588
0.027449607849121094
0.02593652904033661
0.02554737776517868
0.02601255290210247
0.026977522298693657
0.027904072776436806
0.029841480776667595
0.03148413076996803
0.033587660640478134
0.03542270511388779
0.037662096321582794
0.03950679302215576
0.04178204759955406
0.043362807482481
0.045272570103406906
0.04621207341551781
0.0473550520837307
0.04813864454627037
0.04809039086103439
0.0478697270154953
0.047470614314079285
0.04642980918288231
0.04570791870355606
0.04430803656578064
0.04308604076504707
0.04162345826625824
0.04028135910630226
0.039253316819667816
0.03797086328268051
0.036807335913181305
0.035266611725091934
0.03369494155049324
0.03182795271277428
0.029790425673127174
0.027590012177824974
0.025143034756183624
0.022754710167646408
0.020187189802527428
0.017944812774658203
0.015849066898226738
0.01406819000840187
0.012947935611009598
0.011354099959135056
0.01075605396181345
0.011124594137072563
0.01140472013503313
0.012847627513110638
0.01418275572359562
0.01604214683175087
0.0177580825984478
0.019932342693209648
0.02194814197719097
0.023776214569807053
0.0254555381834507
0.02679465152323246
0.02780146151781082
0.028466317802667618
0.028810886666178703
0.028883611783385277
0.028613073751330376
0.028192292898893356
0.027399173006415367
0.026548396795988083
0.025307413190603256
0.024038782343268394
0.022284742444753647
0.020662575960159302
0.018929705023765564
0.01727796532213688
0.01312283519655466
0.011979293078184128
0.01110865455120802
0.010376803576946259
0.009887968190014362
0.009621229022741318
0.009740651585161686
0.009944068267941475
0.010436078533530235
0.010936432518064976
0.011515737511217594
0.012138565070927143
0.01262683980166912
0.013260251842439175
0.01373333390802145
0.01432042196393013
0.014533676207065582
0.015595652163028717
0.015272252261638641
0.01509629376232624
0.014451425522565842
0.013851137831807137
0.012713822536170483
0.011646491475403309
0.0105360746383667
0.009198767133057117
0.00800273660570383
0.006691331509500742
0.005672567058354616
0.004830320831388235
0.003958188463002443
0.0043378123082220554
0.00406540697440505
0.0037781207356601954
0.003609011648222804
0.003962733782827854
0.004564391449093819
0.006020062603056431
0.0069812326692044735
0.00934813916683197
0.011703836731612682
0.014355911873281002
0.016484595835208893
0.01852729357779026
0.020320622250437737
0.021567149087786674
0.023418009281158447
0.02406219393014908
0.024349916726350784
0.024122590199112892
0.023087449371814728
0.02149355225265026
0.01916114054620266
0.01633080281317234
0.013212557882070541
0.00995328277349472
0.007160491310060024
0.004239186178892851
0.0016729106428101659
0.0007286762702278793
0.0026625979226082563
0.00435456121340394
0.005776298698037863
0.00713097769767046
0.008143702521920204
0.0092025026679039
0.009786353446543217
0.01022083219140768
0.01030227355659008
0.010208814404904842
0.009519116021692753
0.008721139281988144
0.0075402394868433475
0.006446322426199913
0.005194441415369511
0.0037980452179908752
0.0021819816902279854
0.0009283570689149201
0.00033846742007881403
0.0014787090476602316
0.0028919163160026073
0.004052269272506237
0.004997624550014734
0.005810793023556471
0.006479197647422552
0.006590090226382017
0.006249941419810057
0.005317287985235453
0.003700726432725787
0.0018312481697648764
0.000542319961823523
0.0033660572953522205
0.006756210699677467
0.009882737882435322
0.012801552191376686
0.015462095849215984
0.01766481064260006
0.01967432163655758
0.02079656906425953
0.02213032729923725
0.022450176998972893
0.022951029241085052
0.023150460794568062
0.02336365357041359
0.02320282533764839
0.023182528093457222
0.02272775024175644
0.022150499746203423
0.021636012941598892
0.02081555873155594
0.020014096051454544
0.019116559997200966
0.018203146755695343
0.017235873267054558
0.016287468373775482
0.015254694037139416
0.014388849958777428
0.013551585376262665
0.01254103984683752
0.0116055216640234
0.010808542370796204
0.01003783755004406
0.009309223853051662
0.008954630233347416
0.00897050742059946
0.009404861368238926
0.010037962347269058
0.010956170037388802
0.01195494830608368
0.013025765307247639
0.014127153903245926
0.015251331962645054
0.016522327437996864
0.01761375367641449
0.018704745918512344
0.019597673788666725
0.020504862070083618
0.02138415537774563
0.022500673308968544
0.023237070068717003
0.023861827328801155
0.02429630607366562
0.024669019505381584
0.02497660368680954
0.025147829204797745
0.02525392733514309
0.02526220865547657
0.025248199701309204
0.0251364354044199
0.02501215599477291
0.024889620020985603
0.024714410305023193
0.024654138833284378
0.024390513077378273
0.024368159472942352
0.0241614431142807
0.024210257455706596
0.024057649075984955
0.023822851479053497
0.023711834102869034
0.023990340530872345
0.024147309362888336
0.024728232994675636
0.02527223341166973
0.025960437953472137
0.026686187833547592
0.0274775642901659
0.02843281999230385
0.029100539162755013
0.029717886820435524
0.030150124803185463
0.030652346089482307
0.031040437519550323
0.031393975019454956
0.0317753404378891
0.03198946639895439
0.03211548924446106
0.03213043138384819
0.03206337243318558
0.03190136328339577
0.03164222091436386
0.0311173964291811
0.03069225698709488
0.03035341575741768
0.02989477850496769
0.029526114463806152
0.029040828347206116
0.028645263984799385
0.028167886659502983
0.027773380279541016
0.02736835367977619
0.027066247537732124
0.026845086365938187
0.026721928268671036
0.026660971343517303
0.026743657886981964
0.026714954525232315
0.026980137452483177
0.02773110382258892
0.028300756588578224
0.028883175924420357
0.029641488566994667
0.030449427664279938
0.03141389787197113
0.03231915459036827
0.03324558213353157
0.034126121550798416
0.03500541299581528
0.03598937392234802
0.03693777695298195
0.03807110711932182
0.03916427865624428
0.040111128240823746
0.04120597988367081
0.041863735765218735
0.04256376996636391
0.04300067946314812
0.04358197748661041
0.04381702095270157
0.0441378690302372
0.044179148972034454
0.04418182745575905
0.04408102110028267
0.04401645436882973
0.043874431401491165
0.0436406284570694
0.04338565841317177
0.04298529773950577
0.04264546185731888
0.04218651354312897
0.041786592453718185
0.04125765711069107
0.04079267010092735
0.04019450023770332
0.039638418704271317
0.039142921566963196
0.03862475976347923
0.038134556263685226
0.03763588145375252
0.03721560165286064
0.03677377477288246
0.03649196773767471
0.03637808561325073
0.03605101257562637
0.03551018610596657
0.03503785282373428
0.03425637632608414
0.03693248704075813
0.03600437939167023
0.0350763313472271
0.03426907956600189
0.03351736441254616
0.03293762356042862
0.03241821750998497
0.032077446579933167
0.031843144446611404
0.03179289773106575
0.031903915107250214
0.03209326043725014
0.032723620533943176
0.03311968222260475
0.03374002128839493
0.03462329879403114
0.03548385202884674
0.03621993586421013
0.03701062873005867
0.03803698718547821
0.03900064900517464
0.04003865271806717
0.04083725064992905
0.04162246361374855
0.042210858315229416
0.042746640741825104
0.04321598634123802
0.04357960820198059
0.043961912393569946
0.04417242482304573
0.0444127656519413
0.04436712712049484
0.04436855763196945
0.044220246374607086
0.04417124390602112
0.04381920024752617
0.043598100543022156
0.0433918833732605
0.04309164732694626
0.04274197295308113
0.04235425218939781
0.041962362825870514
0.04156648740172386
0.041159406304359436
0.0407179519534111
0.040249042212963104
0.03970641270279884
0.039140742272138596
0.038519036024808884
0.037863023579120636
0.037220146507024765
0.03647783398628235
0.035777799785137177
0.035184670239686966
0.03460530564188957
0.03413751348853111
0.03368883952498436
0.03334987536072731
0.033044468611478806
0.03277387097477913
0.03258134797215462
0.03224661573767662
0.03218354284763336
0.03195509687066078
0.032162249088287354
0.03234872967004776
0.03275126591324806
0.033194400370121
0.03370552510023117
0.03428227826952934
0.03476426377892494
0.035238031297922134
0.03565196320414543
0.036039743572473526
0.03641955554485321
