0.9886457324028015
0.9318532943725586
0.9453852772712708
0.9562210440635681
0.9648948311805725
0.9718326926231384
0.9773800373077393
0.9818145036697388
0.9853590130805969
0.9881918430328369
0.9904556274414062
0.9922642707824707
0.9937089085578918
0.9948620796203613
0.9957818388938904
0.9965147376060486
0.9970977306365967
0.9975605010986328
0.9979268312454224
0.9982159733772278
0.9984433054924011
0.99862140417099
0.9987603425979614
0.998868465423584
0.998952329158783
0.9990174770355225
0.9990679621696472
0.9991072416305542
0.9991379380226135
0.9991620779037476
0.9991812109947205
0.999196469783783
0.999208927154541
0.9992192387580872
0.9992281198501587
0.9992358684539795
0.9992429614067078
0.9992497563362122
0.999256432056427
0.9992632269859314
0.9992702603340149
0.9992775917053223
0.9992853999137878
0.9992933869361877
0.999301552772522
0.9993095397949219
0.9993166923522949
0.9993222951889038
0.9993249773979187
0.9993230104446411
0.9993137121200562
0.9992937445640564
0.9992579817771912
0.999199628829956
0.9991087317466736
0.9989694952964783
0.9987555146217346
0.9984183311462402
0.9978626370429993
0.9968905448913574
0.9951013326644897
0.9919633269309998
0.9878609776496887
0.9838191270828247
0.9793988466262817
0.9738678932189941
0.967245876789093
0.9598280191421509
0.951153576374054
0.943934977054596
0.9400338530540466
0.9376624822616577
0.9369634985923767
0.9373072385787964
0.9380310773849487
0.9388771057128906
0.9396902918815613
0.9404289722442627
0.9410715699195862
0.9416242241859436
0.9420939683914185
0.9424939751625061
0.9428350329399109
0.9431279301643372
0.9433800578117371
0.9435963034629822
0.9437769055366516
0.9439167976379395
0.9440037608146667
0.9440140724182129
0.9439272880554199
0.9438465237617493
0.9437137842178345
0.9436380863189697
0.9435681104660034
0.9435113072395325
0.9434448480606079
0.9434044361114502
0.9433395862579346
0.9433258771896362
0.9432594776153564
0.9432589411735535
0.9432299733161926
0.9432387948036194
0.9432578086853027
0.9433035850524902
0.9434159994125366
0.9435690641403198
0.9440257549285889
0.9448269009590149
0.9477060437202454
0.9476594924926758
0.9465591907501221
0.9462075233459473
0.9437773823738098
0.9410228729248047
0.9341707825660706
0.9401520490646362
0.9316945672035217
0.9191406965255737
0.9106366038322449
0.9022446870803833
0.8959317803382874
0.8912818431854248
0.8887419700622559
0.8874663710594177
0.8868892192840576
0.886614978313446
0.8864494562149048
0.8862916231155396
0.8860849738121033
0.8857951760292053
0.8853805065155029
0.8848220109939575
0.884039044380188
0.8829355835914612
0.8814508318901062
0.8805195689201355
0.8798400163650513
0.8793891668319702
0.8790795207023621
0.8788672685623169
0.8787121772766113
0.8786028027534485
0.8785192966461182
0.8784581422805786
0.8784091472625732
0.8783715963363647
0.8783405423164368
0.878316342830658
0.8782962560653687
0.878281831741333
0.8782603144645691
0.8782482743263245
0.8781924247741699
0.8781623244285583
0.8781334161758423
0.8780989646911621
0.878060519695282
0.8780151605606079
0.8779624700546265
0.8778999447822571
0.8778259754180908
0.8777368068695068
0.8776299953460693
0.8775029182434082
0.8773555755615234
0.8771890997886658
0.8770148158073425
0.8762163519859314
0.8760855197906494
0.875736653804779
0.8755448460578918
0.8752797245979309
0.8749853372573853
0.8745971322059631
0.8742002844810486
0.873803973197937
0.8735147714614868
0.8730896711349487
0.8730645775794983
0.8710997104644775
0.8713372349739075
0.8713541030883789
0.8715576529502869
0.8714832067489624
0.8716787695884705
0.8714801073074341
0.8715202212333679
0.8711774349212646
0.871088445186615
0.8706531524658203
0.8704934120178223
0.869990885257721
0.8698174357414246
0.8692727088928223
0.8689635992050171
0.8686919808387756
0.8682305812835693
0.8680393099784851
0.8680920600891113
0.8673999309539795
0.8675888180732727
0.8669824600219727
0.8669292330741882
0.8666654825210571
0.8665462136268616
0.8663768172264099
0.866252601146698
0.866088330745697
0.8659541010856628
0.8657659888267517
0.8655889630317688
0.8653364777565002
0.86505526304245
0.8646955490112305
0.8640118837356567
0.8644292950630188
0.8622914552688599
0.8618881702423096
0.8603748083114624
0.8583914041519165
0.8556860685348511
0.8536182045936584
0.8514951467514038
0.8572230339050293
0.856255054473877
0.8554418683052063
0.8540552854537964
0.8532187938690186
0.8501927256584167
0.8466324210166931
0.8429412245750427
0.8380743265151978
0.8332483768463135
0.8281604051589966
0.8227698802947998
0.8174821138381958
0.8102277517318726
0.8065198063850403
0.8001819252967834
0.7960140705108643
0.7909322381019592
0.7858506441116333
0.7825727462768555
0.7780268788337708
0.7756759524345398
0.7712319493293762
0.7679025530815125
0.7646017670631409
0.760275661945343
0.7564346790313721
0.7519904375076294
0.7478170990943909
0.7456858158111572
0.74216628074646
0.7398979067802429
0.7350981831550598
0.7309551239013672
0.7237569093704224
0.7169668674468994
0.7084736227989197
0.7021385431289673
0.6923248767852783
0.6865681409835815
0.6794770956039429
0.6735076904296875
0.6657571792602539
0.6570592522621155
0.6492148637771606
0.6397509574890137
0.6312921643257141
0.6174995303153992
0.6067768335342407
0.5911218523979187
0.5800405144691467
0.5672932863235474
0.5581156015396118
0.5518290400505066
0.547778308391571
0.5457850098609924
0.5452346801757812
0.5450371503829956
0.547375500202179
0.5488831400871277
0.5509687662124634
0.5536713600158691
0.5552113652229309
0.5564488768577576
0.5566424131393433
0.5535547137260437
0.5527622699737549
0.5458968877792358
0.5397834181785583
0.5321663022041321
0.5226346850395203
0.5150293111801147
0.5042832493782043
0.49587321281433105
0.48723018169403076
0.47989627718925476
0.47256359457969666
0.46635615825653076
0.4608960449695587
0.4572138786315918
0.45351845026016235
0.45003944635391235
0.4453273415565491
0.4393051266670227
0.4302600622177124
0.4239318072795868
0.41577333211898804
0.4063258469104767
0.3978467881679535
0.39031320810317993
0.38349515199661255
0.3793572187423706
0.3753575086593628
0.3738245666027069
0.3722509443759918
0.37206384539604187
0.3717632293701172
0.3720446228981018
0.3728160560131073
0.3728766441345215
0.3735179007053375
0.3723323941230774
0.3713395297527313
0.36655285954475403
0.3609806001186371
0.35399264097213745
0.3455999493598938
0.336883544921875
0.32796570658683777
0.31567609310150146
0.30564647912979126
0.2935048043727875
0.282892644405365
0.27142757177352905
0.2608456015586853
0.2500704526901245
0.2390194535255432
0.22892962396144867
0.21963608264923096
0.21160240471363068
0.20279216766357422
0.19066467881202698
0.17953038215637207
0.1692604124546051
0.15842273831367493
0.1473284661769867
0.13945087790489197
0.13242830336093903
0.12902326881885529
0.12709762156009674
0.12778614461421967
0.12969590723514557
0.1331719160079956
0.13699126243591309
0.14196230471134186
0.14595092833042145
0.15182791650295258
0.15553069114685059
0.16076542437076569
0.1617531180381775
0.16581876575946808
0.16438359022140503
0.16458812355995178
0.16347944736480713
0.16095583140850067
0.15681949257850647
0.15195225179195404
0.14603841304779053
0.13991929590702057
0.13335883617401123
0.12717141211032867
0.12056867778301239
0.1153332069516182
0.10970248281955719
0.10578644275665283
0.10222730785608292
0.09884089231491089
0.09557825326919556
0.09187192469835281
0.08868350833654404
0.08501621335744858
0.0812309980392456
0.07852064073085785
0.07430119067430496
0.07269291579723358
0.071442149579525
0.07010403275489807
0.07014481723308563
0.07026007026433945
0.07076340913772583
0.07114789634943008
0.07181032001972198
0.07194013893604279
0.07224654406309128
0.07212400436401367
0.07191305607557297
0.07107634842395782
0.0703108161687851
0.06862308830022812
0.06730999797582626
0.06529700011014938
0.06345267593860626
0.06108396500349045
0.05855598300695419
0.05569445341825485
0.05256842076778412
0.04930908605456352
0.04586706683039665
0.04226658493280411
0.03885725513100624
0.03573757782578468
0.033202994614839554
0.030848540365695953
0.02876369096338749
0.027047818526625633
0.02550416626036167
0.024729665368795395
0.024079378694295883
0.02421773038804531
0.024327190592885017
0.02517721801996231
0.026142187416553497
0.02759997546672821
0.029079057276248932
0.030635099858045578
0.032125577330589294
0.03362806886434555
0.03492061048746109
0.036356791853904724
0.03746677190065384
0.03850720450282097
0.03940972313284874
0.040340010076761246
0.040904123336076736
0.041638653725385666
0.04189785569906235
0.04176660627126694
0.04108699411153793
0.039926763623952866
0.037955109030008316
0.03628550097346306
0.033700671046972275
0.03166089951992035
0.029457809403538704
0.027815159410238266
0.02559525892138481
0.024180620908737183
0.022649982944130898
0.020369499921798706
0.01947009563446045
0.01868307776749134
0.01841142028570175
0.015805358067154884
0.015457923524081707
0.015103454701602459
0.014259465038776398
0.013870937749743462
0.013197427615523338
0.012724407017230988
0.011881351470947266
0.01133473590016365
0.010194680653512478
0.010009756311774254
0.010090513154864311
0.010316095314919949
0.010865575633943081
0.011225711554288864
0.011814916506409645
0.012197591364383698
0.012689539231359959
0.012970350682735443
0.013299976475536823
0.013435213826596737
0.013624807819724083
0.013547101989388466
0.01374304760247469
0.013724368065595627
0.013806120492517948
0.014007046818733215
0.013578918762505054
0.01368632446974516
0.013709300197660923
0.01368582621216774
0.014427204616367817
0.014531807973980904
0.015063978731632233
0.015334329567849636
0.01581774838268757
0.015964068472385406
0.01638217084109783
0.01613049954175949
0.01625147834420204
0.016255278140306473
0.016313370317220688
0.015596399083733559
0.015645401552319527
0.0146950026974082
0.01447010412812233
0.013836692087352276
0.013147678226232529
0.012733124196529388
0.012037074193358421
0.011451543308794498
0.010379169136285782
0.009861692786216736
0.008749345317482948
0.007553128059953451
0.005984509829431772
0.004274552222341299
0.0027097940910607576
0.0013887997483834624
0.00023249398509506136
0.0004774408007506281
0.0010555002372711897
0.0009604853694327176
0.0011477756779640913
0.0008066308801062405
0.0012561773182824254
0.0010361361782997847
0.0005130558274686337
0.00020397704793140292
0.000795298779848963
0.0013680658303201199
0.002133789239451289
0.002877906896173954
0.003964290022850037
0.004581077955663204
0.005487144459038973
0.0056870742700994015
0.006151003763079643
0.005696538370102644
0.00559959327802062
0.004698321223258972
0.004007501527667046
0.0028482070192694664
0.001504424144513905
0.00045010686153545976
0.0006870215875096619
0.002468084916472435
0.003709132084622979
0.0049014887772500515
0.005859732627868652
0.006623276975005865
0.007193553261458874
0.007983622141182423
0.008318976499140263
0.008328378200531006
0.008232926949858665
0.007518011145293713
0.006991817615926266
0.005902695003896952
0.005264426115900278
0.0037113113794475794
0.0026603564620018005
0.0015012486837804317
0.0004875275772064924
0.0005358444759622216
0.0016242824494838715
0.0025788526982069016
0.003226087661460042
0.003603594610467553
0.003852837486192584
0.003791881026700139
0.003835714887827635
0.00286196731030941
0.0023718869779258966
0.0015808844473212957
0.0009490910451859236
0.0023560095578432083
0.004122316371649504
0.0051174829714000225
0.00675951037555933
0.008996907621622086
0.011073724366724491
0.013335778377950191
0.014944557100534439
0.017048148438334465
0.01790751703083515
0.0183410607278347
0.018481653183698654
0.01836235448718071
0.01805832050740719
0.01753443107008934
0.01695830002427101
0.016025958582758904
0.015474610961973667
0.014393146149814129
0.013636513613164425
0.012465638108551502
0.011559135280549526
0.010488318279385567
0.009564070031046867
0.00870831310749054
0.007951555773615837
0.007552692200988531
0.0064864205196499825
0.006691393908113241
0.007176555227488279
0.008143329061567783
0.009317255578935146
0.010869934223592281
0.012460345402359962
0.01424333918839693
0.01624537818133831
0.01798827201128006
0.020245781168341637
0.021791860461235046
0.02356862649321556
0.024662170559167862
0.025874078273773193
0.026996823027729988
0.027769768610596657
0.028355175629258156
0.028506603091955185
0.028537610545754433
0.02822616510093212
0.027815906330943108
0.026936115697026253
0.026010684669017792
0.024787819012999535
0.024025706574320793
0.022461945191025734
0.02129032276570797
0.019728366285562515
0.01827331818640232
0.01633746549487114
0.014747615903615952
0.012959827668964863
0.012025866657495499
0.01074061170220375
0.010186711326241493
0.00991156604140997
0.010260493494570255
0.010942036285996437
0.011951585300266743
0.013168287463486195
0.014534112066030502
0.016220035031437874
0.01778448186814785
0.01931661367416382
0.020751986652612686
0.022052807733416557
0.023347526788711548
0.024501964449882507
0.025542210787534714
0.026429908350110054
0.027327632531523705
0.02804497629404068
0.028872590512037277
0.029525989666581154
0.03023361973464489
0.031005382537841797
0.03152721747756004
0.03201399743556976
0.032484278082847595
0.03271235153079033
0.03308587521314621
0.033603038638830185
0.03391797095537186
0.03433302417397499
0.034397903829813004
0.034476976841688156
0.03435463085770607
0.03424118459224701
0.03399885073304176
0.03379904851317406
0.033438537269830704
0.03318948298692703
0.03295237943530083
0.032704755663871765
0.03248751536011696
0.032440319657325745
0.032139647752046585
0.03219325840473175
0.03224879503250122
0.032622940838336945
0.03290817141532898
0.03382258117198944
0.03450530767440796
0.03529425710439682
0.036188989877700806
0.037020839750766754
0.03800187259912491
0.03884031996130943
0.040013186633586884
0.040920499712228775
0.04182830825448036
0.042860087007284164
0.04413674771785736
0.045243244618177414
0.04657121002674103
0.04746358096599579
0.048635512590408325
0.04967781528830528
0.0509396567940712
0.051820069551467896
0.052683424204587936
0.05312126502394676
0.05344628170132637
0.0530867725610733
0.0532497763633728
0.052782174199819565
0.05225803703069687
0.051541004329919815
0.05074028670787811
0.04983895272016525
0.04910149797797203
0.04794301092624664
0.04687543213367462
0.04581744223833084
0.04484512656927109
0.043709494173526764
0.04308043792843819
0.04258612543344498
0.04218744859099388
0.04194797948002815
0.04176822304725647
0.041710879653692245
0.04173528775572777
0.041851967573165894
0.04203701764345169
0.042276982218027115
0.04276314005255699
0.043077077716588974
0.04347096011042595
0.043740127235651016
0.04427553340792656
0.04450672119855881
0.04486243426799774
0.0448482409119606
0.04499642923474312
0.044927313923835754
0.04505184292793274
0.04493926838040352
0.044855836778879166
0.04474101960659027
0.044576894491910934
0.04446973651647568
0.04427839815616608
0.044124357402324677
0.04396925866603851
0.04375382512807846
0.043472640216350555
0.04331442713737488
0.04316648840904236
0.04288399592041969
0.04256003722548485
0.041122980415821075
0.04079696536064148
0.04051951691508293
0.040034230798482895
0.03977515175938606
0.039331644773483276
0.0390765480697155
0.0387553907930851
0.0385904535651207
0.03836667537689209
0.03833174705505371
0.038248561322689056
0.03831692785024643
0.0381743423640728
0.03832763805985451
0.03823523595929146
0.03844600170850754
0.038381122052669525
0.03851965814828873
0.03866299241781235
0.03873627632856369
0.038913290947675705
0.03912486508488655
0.03940175473690033
0.03973766788840294
0.040190450847148895
0.04063862934708595
0.04109184816479683
0.04158404842019081
0.0419304221868515
0.042340055108070374
0.04277167096734047
0.04316866770386696
0.04389223828911781
0.04423251003026962
0.044642768800258636
0.044965047389268875
0.04523564502596855
0.04572516679763794
0.04603038355708122
0.04620771482586861
0.04656336456537247
0.046797603368759155
0.04691951721906662
0.04701179265975952
0.04707679525017738
0.0471237413585186
0.04716670513153076
