0.018557438626885414
8.26512622833252
5.289622783660889
3.3829939365386963
2.1615774631500244
1.3806428909301758
0.8817562460899353
0.5630873441696167
0.35958772897720337
0.2296171337366104
0.1465819925069809
0.09351975470781326
0.05960308760404587
0.03791914880275726
0.02405315637588501
0.015184776857495308
0.009511764161288738
0.005882157012820244
0.003559482516720891
0.002072806004434824
0.0011209407821297646
0.0005112406797707081
0.00012045656330883503
-0.00013024895451962948
-0.00029132235795259476
-0.00039503886364400387
-0.0004620437975972891
-0.0005055750953033566
-0.0005340828793123364
-0.0005529818590730429
-0.0005657440051436424
-0.0005745873786509037
-0.0005809637950733304
-0.0005858003278262913
-0.0005897158407606184
-0.0005931388004682958
-0.0005963862058706582
-0.0005997429834678769
-0.0006034700199961662
-0.0006078590522520244
-0.0006132898852229118
-0.00062021822668612
-0.0006292744656093419
-0.0006412906805053353
-0.0006573746213689446
-0.0006790299667045474
-0.0007082176744006574
-0.0007475728634744883
-0.0008004728588275611
-0.0008712657727301121
-0.0009653122397139668
-0.001089024473913014
-0.0012496290728449821
-0.0014545574085786939
-0.001710440730676055
-0.0020217951387166977
-0.002389917615801096
-0.002814863808453083
-0.0032499320805072784
-0.00392514793202281
-0.00504017248749733
-0.006058225408196449
-0.007283431012183428
-0.009145990945398808
-0.01212067436426878
-0.014615672640502453
-0.01707383431494236
-0.020127899944782257
-0.023776300251483917
-0.02786317840218544
-0.03277820348739624
-0.03881440311670303
-0.04586905241012573
-0.05404135212302208
-0.063233882188797
-0.07309029996395111
-0.08343328535556793
-0.09370997548103333
-0.10318052023649216
-0.1109096109867096
-0.11676419526338577
-0.12089855968952179
-0.12385505437850952
-0.12595248222351074
-0.1273171305656433
-0.12822456657886505
-0.12879504263401031
-0.1292242407798767
-0.12944607436656952
-0.12961949408054352
-0.12976807355880737
-0.12983332574367523
-0.12985411286354065
-0.12989620864391327
-0.1299474686384201
-0.1299712061882019
-0.12997503578662872
-0.12999026477336884
-0.13003624975681305
-0.13006693124771118
-0.13008010387420654
-0.13014833629131317
-0.13015097379684448
-0.13012300431728363
-0.13025300204753876
-0.1302814483642578
-0.13033299148082733
-0.13039346039295197
-0.1305590122938156
-0.13070638477802277
-0.131034255027771
-0.13172611594200134
-0.13235019147396088
-0.13312751054763794
-0.1350361555814743
-0.13896021246910095
-0.14514505863189697
-0.15147024393081665
-0.17341753840446472
-0.19060832262039185
-0.19754479825496674
-0.20988985896110535
-0.22637523710727692
-0.24092459678649902
-0.25084733963012695
-0.25706470012664795
-0.26107531785964966
-0.26368990540504456
-0.2654617428779602
-0.26666826009750366
-0.2675265073776245
-0.2681465148925781
-0.2686159610748291
-0.2689847946166992
-0.2692791819572449
-0.26953259110450745
-0.26978057622909546
-0.2700163722038269
-0.2702708840370178
-0.2705378532409668
-0.27083075046539307
-0.27115023136138916
-0.27156418561935425
-0.2720642685890198
-0.2726939916610718
-0.2734845280647278
-0.27435243129730225
-0.2752729058265686
-0.276266872882843
-0.27730506658554077
-0.27844804525375366
-0.2796814441680908
-0.2808550298213959
-0.2818725109100342
-0.282828152179718
-0.2837020754814148
-0.2842308282852173
-0.28470873832702637
-0.2851959466934204
-0.28569096326828003
-0.28611618280410767
-0.28644928336143494
-0.28672707080841064
-0.2871048152446747
-0.2874133288860321
-0.28785014152526855
-0.2881712019443512
-0.2885277271270752
-0.2888447642326355
-0.289156049489975
-0.2893448770046234
-0.2895677089691162
-0.2898353040218353
-0.29005324840545654
-0.29028183221817017
-0.2905552089214325
-0.29081064462661743
-0.2909568250179291
-0.2912929654121399
-0.29173529148101807
-0.2922900915145874
-0.2927170991897583
-0.2933301627635956
-0.29387348890304565
-0.2946184277534485
-0.2953917682170868
-0.29635822772979736
-0.2973068356513977
-0.2986222505569458
-0.29972222447395325
-0.301038920879364
-0.30228155851364136
-0.30420154333114624
-0.3064809739589691
-0.3092799186706543
-0.31316637992858887
-0.31668269634246826
-0.3219456970691681
-0.32639339566230774
-0.33303165435791016
-0.3394455313682556
-0.34892141819000244
-0.36124420166015625
-0.38233667612075806
-0.4041677415370941
-0.41904160380363464
-0.4294617772102356
-0.43559587001800537
-0.4418875277042389
-0.4538898468017578
-0.4750311076641083
-0.5031561851501465
-0.5257335305213928
-0.544559895992279
-0.5642896890640259
-0.5792574882507324
-0.5924544334411621
-0.6080926060676575
-0.6229426264762878
-0.6373176574707031
-0.6497732400894165
-0.6606044769287109
-0.6717121601104736
-0.6838945746421814
-0.6979495882987976
-0.7129574418067932
-0.7297744154930115
-0.7471740245819092
-0.7681021094322205
-0.7884824872016907
-0.8123191595077515
-0.8354145288467407
-0.8596452474594116
-0.8820170164108276
-0.9014639854431152
-0.9217402935028076
-0.9414094090461731
-0.9599310755729675
-0.9738891124725342
-0.985300600528717
-0.9977602958679199
-1.0119953155517578
-1.026531457901001
-1.040454626083374
-1.0549100637435913
-1.0718289613723755
-1.092275857925415
-1.1109871864318848
-1.1285326480865479
-1.1477270126342773
-1.167538046836853
-1.1861960887908936
-1.2053302526474
-1.2198610305786133
-1.2293128967285156
-1.242838740348816
-1.264434814453125
-1.291914939880371
-1.32737135887146
-1.36461341381073
-1.4031866788864136
-1.4377681016921997
-1.4682382345199585
-1.5013177394866943
-1.5309638977050781
-1.5578722953796387
-1.583214282989502
-1.604004979133606
-1.6258244514465332
-1.6488220691680908
-1.678400993347168
-1.7195746898651123
-1.7625939846038818
-1.7971173524856567
-1.8253015279769897
-1.8482338190078735
-1.8698062896728516
-1.888278603553772
-1.9039841890335083
-1.9188796281814575
-1.9299657344818115
-1.9384921789169312
-1.946556568145752
-1.9542415142059326
-1.961539387702942
-1.972330927848816
-1.9890928268432617
-2.0096921920776367
-2.0327727794647217
-2.055880308151245
-2.077226161956787
-2.0961132049560547
-2.1183180809020996
-2.1424007415771484
-2.1631920337677
-2.18192982673645
-2.1968977451324463
-2.2096645832061768
-2.2203760147094727
-2.2309165000915527
-2.2420945167541504
-2.2538468837738037
-2.266165256500244
-2.277798891067505
-2.2881202697753906
-2.2972607612609863
-2.306492567062378
-2.315997362136841
-2.3249459266662598
-2.3332977294921875
-2.3406546115875244
-2.3475303649902344
-2.353983163833618
-2.3598175048828125
-2.365506410598755
-2.370633125305176
-2.3761630058288574
-2.38299822807312
-2.3904900550842285
-2.3999359607696533
-2.41131854057312
-2.426868200302124
-2.446725368499756
-2.471996784210205
-2.4983925819396973
-2.5242161750793457
-2.5482237339019775
-2.5748038291931152
-2.5973126888275146
-2.6127583980560303
-2.624638319015503
-2.6322109699249268
-2.6393654346466064
-2.6491811275482178
-2.6591997146606445
-2.666097640991211
-2.672314167022705
-2.6777865886688232
-2.682103395462036
-2.6856472492218018
-2.6887705326080322
-2.6918413639068604
-2.6953835487365723
-2.699439287185669
-2.704389810562134
-2.710465908050537
-2.717005968093872
-2.7241246700286865
-2.731389045715332
-2.739187717437744
-2.7476682662963867
-2.7548015117645264
-2.7623603343963623
-2.7685470581054688
-2.7749691009521484
-2.7805838584899902
-2.7861454486846924
-2.7905709743499756
-2.79437255859375
-2.7973954677581787
-2.799903631210327
-2.802046298980713
-2.803982973098755
-2.8058485984802246
-2.8077001571655273
-2.8096764087677
-2.811765193939209
-2.814087152481079
-2.816516399383545
-2.818938732147217
-2.821352958679199
-2.8237667083740234
-2.8261923789978027
-2.8285021781921387
-2.830568313598633
-2.832362651824951
-2.834423780441284
-2.836925745010376
-2.8395633697509766
-2.842334270477295
-2.8453850746154785
-2.848842144012451
-2.8526611328125
-2.85688853263855
-2.8614790439605713
-2.8662407398223877
-2.8711273670196533
-2.8758974075317383
-2.8806040287017822
-2.885012626647949
-2.8892688751220703
-2.8930225372314453
-2.896574020385742
-2.8995871543884277
-2.902543544769287
-2.905207395553589
-2.907790184020996
-2.9101686477661133
-2.912384510040283
-2.9144701957702637
-2.9165148735046387
-2.918627977371216
-2.920830488204956
-2.9232077598571777
-2.9257824420928955
-2.928570032119751
-2.931516170501709
-2.9343960285186768
-2.9372642040252686
-2.9398770332336426
-2.9423694610595703
-2.9445462226867676
-2.946937084197998
-2.9490408897399902
-2.9509990215301514
-2.9527971744537354
-2.954397201538086
-2.955919027328491
-2.957479953765869
-2.959155797958374
-2.9610023498535156
-2.9630050659179688
-2.9651694297790527
-2.9674060344696045
-2.969759464263916
-2.972024917602539
-2.974200963973999
-2.976395845413208
-2.9780917167663574
-2.9795494079589844
-2.980764627456665
-2.9818129539489746
-2.9826204776763916
-2.9832534790039062
-2.983858346939087
-2.9842443466186523
-2.9845659732818604
-2.984842538833618
-2.9851293563842773
-2.985459566116333
-2.985830307006836
-2.9862711429595947
-2.986781597137451
-2.987391233444214
-2.988093852996826
-2.9889297485351562
-2.989856243133545
-2.9909238815307617
-2.9920413494110107
-2.993215560913086
-2.9946322441101074
-2.996225118637085
-2.9973106384277344
-2.9983348846435547
-2.999424695968628
-3.000425100326538
-3.00130295753479
-3.0022265911102295
-3.0032663345336914
-3.0043773651123047
-3.0054218769073486
-3.006356716156006
-3.007158041000366
-3.0078518390655518
-3.0084388256073
-3.0089755058288574
-3.009472131729126
-3.009960651397705
-3.0104479789733887
-3.0109431743621826
-3.0114529132843018
-3.0119869709014893
-3.0125856399536133
-3.0132322311401367
-3.013976812362671
-3.014752149581909
-3.0155913829803467
-3.0165891647338867
-3.01792049407959
-3.0186996459960938
-3.019517660140991
-3.020437479019165
-3.0213680267333984
-3.022209405899048
-3.022942066192627
-3.023538112640381
-3.0240440368652344
-3.024467706680298
-3.024878740310669
-3.025301456451416
-3.0257513523101807
-3.0262436866760254
-3.0267364978790283
-3.027233362197876
-3.0277163982391357
-3.0282912254333496
-3.0287177562713623
-3.0291316509246826
-3.0296008586883545
-3.030111074447632
-3.030667304992676
-3.0312182903289795
-3.031747579574585
-3.032268762588501
-3.032747745513916
-3.0331578254699707
-3.03350830078125
-3.0338797569274902
-3.0343174934387207
-3.034949541091919
-3.0356054306030273
-3.036444902420044
-3.037538528442383
-3.0387067794799805
-3.040026903152466
-3.041560173034668
-3.0433952808380127
-3.0456511974334717
-3.047718048095703
-3.0494372844696045
-3.0507850646972656
-3.0520262718200684
-3.0532398223876953
-3.054555892944336
-3.0561165809631348
-3.057345151901245
-3.058852195739746
-3.060641288757324
-3.0625813007354736
-3.064391613006592
-3.0664286613464355
-3.0683236122131348
-3.0700879096984863
-3.0717897415161133
-3.073219060897827
-3.074428081512451
-3.0754687786102295
-3.076308250427246
-3.0769903659820557
-3.077578544616699
-3.0781540870666504
-3.0787391662597656
-3.0793304443359375
-3.0799379348754883
-3.0805108547210693
-3.081066370010376
-3.0816752910614014
-3.08243727684021
-3.0833888053894043
-3.084306240081787
-3.0852115154266357
-3.0862364768981934
-3.0870211124420166
-3.0878489017486572
-3.0887579917907715
-3.0898396968841553
-3.0905063152313232
-3.0911691188812256
-3.091939687728882
-3.0927515029907227
-3.0937001705169678
-3.0950253009796143
-3.096609115600586
-3.0984253883361816
-3.100545644760132
-3.1029884815216064
-3.105546236038208
-3.108104705810547
-3.110387086868286
-3.112771987915039
-3.115175485610962
-3.117277145385742
-3.1191446781158447
-3.1208462715148926
-3.1223227977752686
-3.1235837936401367
-3.124675750732422
-3.12557053565979
-3.1263320446014404
-3.1269516944885254
-3.127469062805176
-3.12797212600708
-3.1284594535827637
-3.1289823055267334
-3.1295042037963867
-3.1299591064453125
-3.130437135696411
-3.130864143371582
-3.131263017654419
-3.1316540241241455
-3.1320464611053467
-3.132450819015503
-3.132887601852417
-3.1333460807800293
-3.1338980197906494
-3.1344707012176514
-3.13512921333313
-3.1358273029327393
-3.1367783546447754
-3.1379666328430176
-3.139356851577759
-3.1408565044403076
-3.1424922943115234
-3.1440329551696777
-3.1455187797546387
-3.1467418670654297
-3.1478211879730225
-3.1487035751342773
-3.149466037750244
-3.1501073837280273
-3.1506590843200684
-3.1511104106903076
-3.151460647583008
-3.151754379272461
-3.1520915031433105
-3.1524624824523926
-3.152832269668579
-3.1531434059143066
-3.153414487838745
-3.1536858081817627
-3.1539254188537598
-3.1541337966918945
-3.1543233394622803
-3.154486656188965
-3.154634952545166
-3.1547696590423584
-3.154902696609497
-3.1550257205963135
-3.1551499366760254
-3.15527081489563
-3.1553940773010254
-3.155526876449585
-3.1556620597839355
-3.155775785446167
-3.1559321880340576
-3.1560959815979004
-3.156365156173706
-3.156710386276245
-3.1572506427764893
-3.157719612121582
-3.1584527492523193
-3.159236192703247
-3.1600399017333984
-3.16087007522583
-3.161674976348877
-3.1623382568359375
-3.1628923416137695
-3.1632986068725586
-3.163705587387085
-3.1641416549682617
-3.164607524871826
-3.1649725437164307
-3.165348529815674
-3.1658148765563965
-3.166142225265503
-3.166472911834717
-3.1668663024902344
-3.167301893234253
-3.1677300930023193
-3.168144941329956
-3.168429374694824
-3.168708562850952
-3.168980598449707
-3.1692495346069336
-3.169525623321533
-3.169804096221924
-3.1700832843780518
-3.1703579425811768
-3.1706368923187256
-3.170896291732788
-3.171149253845215
-3.171405076980591
-3.171682119369507
-3.17195463180542
-3.1723134517669678
-3.1727731227874756
-3.1732981204986572
-3.1736836433410645
-3.1740965843200684
-3.1745359897613525
-3.174992322921753
-3.1754395961761475
-3.1758439540863037
-3.176206588745117
-3.176539421081543
-3.1769039630889893
-3.177279233932495
-3.1777288913726807
-3.178201198577881
-3.1787328720092773
-3.1791584491729736
-3.179586410522461
-3.1800224781036377
-3.180377960205078
-3.1807281970977783
-3.181097984313965
-3.1814393997192383
-3.181758165359497
-3.182051658630371
-3.1823160648345947
-3.182614326477051
-3.182816505432129
-3.1830596923828125
-3.183319091796875
-3.1835711002349854
-3.183814525604248
-3.1840317249298096
-3.1842260360717773
-3.1844067573547363
-3.1845836639404297
-3.1847500801086426
-3.1849091053009033
-3.1850521564483643
-3.18518328666687
-3.1853137016296387
-3.1854348182678223
-3.1855549812316895
-3.185664653778076
-3.185793876647949
-3.1858913898468018
-3.186028242111206
-3.1861355304718018
-3.1863021850585938
-3.1865179538726807
-3.186779499053955
-3.1868937015533447
-3.187171220779419
-3.187465190887451
-3.1877708435058594
-3.188088893890381
-3.188417434692383
-3.188758373260498
-3.1891021728515625
-3.18945050239563
-3.189798593521118
-3.190138101577759
-3.1904869079589844
-3.190852165222168
-3.1912312507629395
-3.1915016174316406
-3.1918060779571533
-3.1921303272247314
-3.192338705062866
-3.1925692558288574
-3.192826986312866
-3.193089246749878
-3.193338632583618
-3.1935572624206543
-3.1937549114227295
-3.1939260959625244
-3.1940834522247314
-3.194244384765625
-3.1943931579589844
-3.194552421569824
-3.194715976715088
-3.194866418838501
-3.194997549057007
-3.195110559463501
-3.1952009201049805
-3.195291757583618
-3.1953837871551514
-3.19545578956604
-3.1955037117004395
-3.195559501647949
-3.195629596710205
-3.1957015991210938
-3.195772171020508
-3.195844888687134
-3.1959214210510254
-3.1960062980651855
-3.196103572845459
-3.1962168216705322
-3.196341037750244
-3.1964802742004395
-3.1966357231140137
-3.196805238723755
-3.196988105773926
-3.197181463241577
-3.1973822116851807
-3.1975820064544678
-3.1977767944335938
-3.19797420501709
-3.1981732845306396
-3.1983747482299805
-3.1985890865325928
-3.198817729949951
-3.1990880966186523
-3.1993319988250732
-3.199619770050049
-3.199920654296875
-3.200183868408203
-3.2004361152648926
-3.2006688117980957
-3.200880289077759
-3.2010631561279297
-3.2012062072753906
-3.2013320922851562
-3.201432466506958
-3.2015249729156494
-3.2016079425811768
