0.37000539898872375
8.017167091369629
5.131196022033691
3.282386541366577
2.098681688308716
1.3415096998214722
0.8573715090751648
0.5478763580322266
0.34998244047164917
0.2234969437122345
0.14275366067886353
0.09100183844566345
0.05792863294482231
0.03657914325594902
0.023054692894220352
0.01439224649220705
0.008831360377371311
0.005335937719792128
0.00301386509090662
0.0016456029843539
0.0006304355338215828
3.469298826530576e-05
-0.0001911880390252918
-0.0004973773611709476
-0.000707110040821135
-0.0008404218242503703
-0.0009144977084361017
-0.0009565106593072414
-0.0009835639502853155
-0.000993945519439876
-0.0009905300103127956
-0.0009771203622221947
-0.00095974444411695
-0.0009412477375008166
-0.0009213078301399946
-0.0008996458491310477
-0.0008785284589976072
-0.0008637724095024168
-0.0008601529989391565
-0.0008626930066384375
-0.0008860509842634201
-0.0009617430623620749
-0.0010512116132304072
-0.0010636459337547421
-0.0010719462297856808
-0.001083128503523767
-0.0009287606226280332
-0.0011190635850653052
-0.0011474809143692255
-0.0010596879292279482
-0.0011287808883935213
-0.0011349994456395507
-0.0014200983569025993
-0.0015670906286686659
-0.0017759916372597218
-0.0020773771684616804
-0.0025217500515282154
-0.003198011312633753
-0.004183297045528889
-0.0058428458869457245
-0.008655862882733345
-0.013009455054998398
-0.017127670347690582
-0.02025437355041504
-0.024094142019748688
-0.029630333185195923
-0.03638415038585663
-0.04429560899734497
-0.054398633539676666
-0.0668894574046135
-0.08027282357215881
-0.09284284710884094
-0.1044829934835434
-0.11314436793327332
-0.1189827024936676
-0.12280462682247162
-0.12532491981983185
-0.12697908282279968
-0.12811005115509033
-0.1287842094898224
-0.12922585010528564
-0.12949694693088531
-0.12969659268856049
-0.1298135221004486
-0.1298840045928955
-0.1299484521150589
-0.12997646629810333
-0.12999068200588226
-0.1300276517868042
-0.1300307661294937
-0.1300346851348877
-0.13005423545837402
-0.13004621863365173
-0.1300671100616455
-0.13007667660713196
-0.13008557260036469
-0.13008908927440643
-0.13009919226169586
-0.13026459515094757
-0.13043110072612762
-0.1304752081632614
-0.13064010441303253
-0.13066385686397552
-0.1306873857975006
-0.13078418374061584
-0.13078874349594116
-0.13078980147838593
-0.13084648549556732
-0.13086625933647156
-0.13087385892868042
-0.13086502254009247
-0.13088281452655792
-0.1309560090303421
-0.1309669017791748
-0.13096056878566742
-0.13095800578594208
-0.13104501366615295
-0.13109269738197327
-0.13101822137832642
-0.13114851713180542
-0.13136336207389832
-0.13157282769680023
-0.13173536956310272
-0.13248950242996216
-0.13307145237922668
-0.13439996540546417
-0.13721145689487457
-0.14109660685062408
-0.1420622169971466
-0.14409470558166504
-0.1484230011701584
-0.1546672284603119
-0.16229094564914703
-0.17310096323490143
-0.18539592623710632
-0.20167309045791626
-0.2187407910823822
-0.23402142524719238
-0.2443910837173462
-0.25128886103630066
-0.2570076584815979
-0.2606807351112366
-0.2635282278060913
-0.26582226157188416
-0.2674230635166168
-0.26875239610671997
-0.26981881260871887
-0.27065473794937134
-0.27138811349868774
-0.2720024883747101
-0.27257758378982544
-0.27312785387039185
-0.27365991473197937
-0.27425891160964966
-0.27479690313339233
-0.27543744444847107
-0.27629947662353516
-0.2773333787918091
-0.27835991978645325
-0.27930355072021484
-0.2803640365600586
-0.2812744379043579
-0.28251659870147705
-0.28368812799453735
-0.28471410274505615
-0.2858692407608032
-0.2869490683078766
-0.287759929895401
-0.28873687982559204
-0.2901298403739929
-0.2916732430458069
-0.2934489846229553
-0.2951373755931854
-0.29731351137161255
-0.2996539771556854
-0.3025471568107605
-0.3060445785522461
-0.31003960967063904
-0.3147241771221161
-0.31958717107772827
-0.3254077136516571
-0.33131617307662964
-0.33914288878440857
-0.3472106456756592
-0.3591468334197998
-0.3695761561393738
-0.38302960991859436
-0.3973090648651123
-0.4144878387451172
-0.42765241861343384
-0.4407338798046112
-0.45770367980003357
-0.47094136476516724
-0.4847943186759949
-0.5012645721435547
-0.5185669660568237
-0.5284518003463745
-0.5384448170661926
-0.5472806692123413
-0.5543167591094971
-0.5573574304580688
-0.5598911046981812
-0.5627254247665405
-0.5658007264137268
-0.5689727067947388
-0.5723865628242493
-0.5762575268745422
-0.5810589790344238
-0.5871726274490356
-0.5951609015464783
-0.6076224446296692
-0.6159430146217346
-0.6267179250717163
-0.6420407295227051
-0.6604270935058594
-0.677040159702301
-0.6921384334564209
-0.703545868396759
-0.7123586535453796
-0.7194880843162537
-0.725667417049408
-0.733574390411377
-0.7415735721588135
-0.7501628398895264
-0.7599747180938721
-0.7722424864768982
-0.7864559888839722
-0.8014969825744629
-0.8165031671524048
-0.830743134021759
-0.8451119661331177
-0.8595839738845825
-0.8748201131820679
-0.8905456066131592
-0.9055806398391724
-0.91969895362854
-0.930977463722229
-0.940244197845459
-0.947685718536377
-0.9536698460578918
-0.9583075642585754
-0.961836576461792
-0.964989185333252
-0.9682600498199463
-0.9719957113265991
-0.9764361381530762
-0.9819559454917908
-0.9888836741447449
-0.9978519678115845
-1.0096240043640137
-1.0259690284729004
-1.0491554737091064
-1.0803993940353394
-1.1120848655700684
-1.139146089553833
-1.165367603302002
-1.1891611814498901
-1.212571144104004
-1.2305097579956055
-1.2498730421066284
-1.2686519622802734
-1.2871270179748535
-1.2970521450042725
-1.306229591369629
-1.3157148361206055
-1.3254934549331665
-1.3360273838043213
-1.3480905294418335
-1.3616031408309937
-1.3773739337921143
-1.3931491374969482
-1.408005714416504
-1.4250843524932861
-1.443190574645996
-1.462550163269043
-1.4818851947784424
-1.5039258003234863
-1.529397964477539
-1.5543620586395264
-1.576885461807251
-1.5984961986541748
-1.6229822635650635
-1.6477465629577637
-1.6743971109390259
-1.701925277709961
-1.733119010925293
-1.7690738439559937
-1.807758092880249
-1.8444337844848633
-1.8778396844863892
-1.9110262393951416
-1.938810110092163
-1.973384141921997
-2.0008938312530518
-2.021721124649048
-2.041632890701294
-2.062278985977173
-2.0783586502075195
-2.0940065383911133
-2.108337640762329
-2.123905658721924
-2.1408181190490723
-2.1593523025512695
-2.181184768676758
-2.2050185203552246
-2.2296130657196045
-2.2555465698242188
-2.2826976776123047
-2.3038084506988525
-2.32319712638855
-2.352792501449585
-2.3837296962738037
-2.4092304706573486
-2.4352684020996094
-2.4621853828430176
-2.4880850315093994
-2.515451431274414
-2.5362751483917236
-2.552440643310547
-2.56606388092041
-2.5773251056671143
-2.586763858795166
-2.5944221019744873
-2.6003873348236084
-2.605398178100586
-2.609880208969116
-2.614353656768799
-2.61879563331604
-2.6235575675964355
-2.6285552978515625
-2.634054183959961
-2.6399190425872803
-2.6464638710021973
-2.6533761024475098
-2.6612749099731445
-2.669430732727051
-2.678983688354492
-2.6874661445617676
-2.696516990661621
-2.7072157859802246
-2.716484785079956
-2.7240941524505615
-2.7310945987701416
-2.7381927967071533
-2.744284152984619
-2.7495815753936768
-2.7543795108795166
-2.758352756500244
-2.762077569961548
-2.765838861465454
-2.7703840732574463
-2.7755651473999023
-2.7820887565612793
-2.7879207134246826
-2.7942616939544678
-2.800431966781616
-2.8064703941345215
-2.812138080596924
-2.817121744155884
-2.821793794631958
-2.826282501220703
-2.8306589126586914
-2.8348538875579834
-2.838925361633301
-2.84299898147583
-2.84712815284729
-2.85174822807312
-2.856732130050659
-2.8620104789733887
-2.8674001693725586
-2.872565507888794
-2.877366542816162
-2.8815243244171143
-2.885073661804199
-2.8880200386047363
-2.8908684253692627
-2.8936524391174316
-2.8964126110076904
-2.8989081382751465
-2.9010605812072754
-2.9031832218170166
-2.9052443504333496
-2.907200813293457
-2.9090867042541504
-2.911048650741577
-2.9132723808288574
-2.915825605392456
-2.918886184692383
-2.9223825931549072
-2.9264161586761475
-2.930697441101074
-2.9352221488952637
-2.939788818359375
-2.9442245960235596
-2.9484386444091797
-2.9523353576660156
-2.9561758041381836
-2.9597907066345215
-2.962877035140991
-2.9659817218780518
-2.968412399291992
-2.970672607421875
-2.9728634357452393
-2.9750571250915527
-2.9771335124969482
-2.9789814949035645
-2.980712413787842
-2.9823203086853027
-2.9838082790374756
-2.985154867172241
-2.9863555431365967
-2.9874706268310547
-2.9884676933288574
-2.9893858432769775
-2.99021053314209
-2.991027355194092
-2.99179744720459
-2.9927163124084473
-2.9939897060394287
-2.9952855110168457
-2.996608018875122
-2.9978883266448975
-2.999171495437622
-3.0003793239593506
-3.0015156269073486
-3.0025031566619873
-3.0034172534942627
-3.0042672157287598
-3.005138874053955
-3.0060601234436035
-3.006838321685791
-3.007540225982666
-3.00817608833313
-3.0087907314300537
-3.0093836784362793
-3.0099680423736572
-3.0105435848236084
-3.0111546516418457
-3.0118207931518555
-3.0126428604125977
-3.0136654376983643
-3.014909505844116
-3.0164811611175537
-3.0182297229766846
-3.019876003265381
-3.0216619968414307
-3.0235817432403564
-3.0254719257354736
-3.027228593826294
-3.028834104537964
-3.0303077697753906
-3.031543493270874
-3.0325584411621094
-3.033381938934326
-3.034149408340454
-3.0348823070526123
-3.0354950428009033
-3.036057472229004
-3.0365548133850098
-3.037020206451416
-3.037506103515625
-3.0378973484039307
-3.03828501701355
-3.0386810302734375
-3.0390961170196533
-3.0395069122314453
-3.0399296283721924
-3.040374279022217
-3.040802001953125
-3.041208267211914
-3.0415916442871094
-3.0419678688049316
-3.0423226356506348
-3.042694330215454
-3.043092727661133
-3.043488025665283
-3.043872833251953
-3.044215440750122
-3.044787883758545
-3.045167922973633
-3.045734167098999
-3.046496629714966
-3.0473599433898926
-3.0482606887817383
-3.049039602279663
-3.0497303009033203
-3.050231456756592
-3.0506420135498047
-3.050978183746338
-3.051328420639038
-3.0516984462738037
-3.0521554946899414
-3.0528578758239746
-3.053516387939453
-3.0542171001434326
-3.0551366806030273
-3.0559020042419434
-3.0569398403167725
-3.0582170486450195
-3.0596699714660645
-3.0611274242401123
-3.0625224113464355
-3.0637590885162354
-3.0648250579833984
-3.065729856491089
-3.06650972366333
-3.067195177078247
-3.0678489208221436
-3.068310499191284
-3.0692062377929688
-3.070204257965088
-3.071667194366455
-3.0737075805664062
-3.0756049156188965
-3.077859401702881
-3.0806121826171875
-3.0835981369018555
-3.086498975753784
-3.0892419815063477
-3.0916213989257812
-3.093668222427368
-3.095377206802368
-3.09682559967041
-3.0980892181396484
-3.0990781784057617
-3.0998282432556152
-3.1007676124572754
-3.1017844676971436
-3.102731704711914
-3.103738307952881
-3.1047961711883545
-3.1058359146118164
-3.1068365573883057
-3.107828140258789
-3.108802080154419
-3.109691858291626
-3.110588550567627
-3.1114420890808105
-3.112304210662842
-3.1131889820098877
-3.1139681339263916
-3.11466121673584
-3.115448474884033
-3.116506814956665
-3.117774486541748
-3.1189358234405518
-3.120220899581909
-3.1212005615234375
-3.1224312782287598
-3.1238369941711426
-3.125357151031494
-3.126835823059082
-3.128242015838623
-3.129490613937378
-3.1305716037750244
-3.131498336791992
-3.132266044616699
-3.132936716079712
-3.1334996223449707
-3.134091854095459
-3.134721279144287
-3.1353914737701416
-3.136171340942383
-3.136737823486328
-3.1373941898345947
-3.1380839347839355
-3.138754367828369
-3.1394410133361816
-3.1400415897369385
-3.1406896114349365
-3.141231060028076
-3.141692876815796
-3.1421191692352295
-3.1425578594207764
-3.1430349349975586
-3.1435277462005615
-3.1438891887664795
-3.1443727016448975
-3.1449427604675293
-3.145533561706543
-3.146162509918213
-3.146726131439209
-3.1471760272979736
-3.147596836090088
-3.1479949951171875
-3.1483442783355713
-3.148646593093872
-3.1488759517669678
-3.1490936279296875
-3.1492748260498047
-3.149451971054077
-3.1496336460113525
-3.149808883666992
-3.1499853134155273
-3.1501593589782715
-3.1503305435180664
-3.150501251220703
-3.150679588317871
-3.1508638858795166
-3.1510655879974365
-3.1513068675994873
-3.1516072750091553
-3.151963710784912
-3.1523942947387695
-3.1529037952423096
-3.153494358062744
-3.1541547775268555
-3.154867172241211
-3.1556179523468018
-3.1563687324523926
-3.1570651531219482
-3.1577444076538086
-3.1583304405212402
-3.1589126586914062
-3.1594579219818115
-3.1599409580230713
-3.1603987216949463
-3.1607236862182617
-3.161003589630127
-3.1612749099731445
-3.161534070968628
-3.161789655685425
-3.1620073318481445
-3.1622233390808105
-3.162472724914551
-3.1627540588378906
-3.1630353927612305
-3.1633105278015137
-3.1636433601379395
-3.1638994216918945
-3.164200782775879
-3.16463303565979
-3.164987564086914
-3.1653783321380615
-3.1659109592437744
-3.1666083335876465
-3.1673502922058105
-3.16796875
-3.1685402393341064
-3.1690876483917236
-3.1696271896362305
-3.1701455116271973
-3.17063570022583
-3.17108416557312
-3.1715097427368164
-3.1719024181365967
-3.172280788421631
-3.1726295948028564
-3.172959089279175
-3.1733105182647705
-3.173717737197876
-3.174241304397583
-3.174795150756836
-3.1752610206604004
-3.1757779121398926
-3.1763734817504883
-3.1769938468933105
-3.177569627761841
-3.1781229972839355
-3.1786396503448486
-3.179121494293213
-3.1795690059661865
-3.1799750328063965
-3.1803581714630127
-3.1807174682617188
-3.181069850921631
-3.1814255714416504
-3.181786060333252
-3.182161808013916
-3.1825132369995117
-3.1829113960266113
-3.1832642555236816
-3.183603048324585
-3.18397855758667
-3.1843507289886475
-3.1847004890441895
-3.185015916824341
-3.1853177547454834
-3.18560528755188
-3.185875654220581
-3.1861207485198975
-3.186331033706665
-3.1865298748016357
-3.18673038482666
-3.1869282722473145
-3.1871261596679688
-3.1873326301574707
-3.1875619888305664
-3.1877994537353516
-3.188058614730835
-3.1882407665252686
-3.18843674659729
-3.1886730194091797
-3.1889455318450928
-3.189213275909424
-3.1894843578338623
-3.189757823944092
-3.189979076385498
-3.190215587615967
-3.1904332637786865
-3.1906416416168213
-3.1908700466156006
-3.1910476684570312
-3.191251516342163
-3.1914641857147217
-3.1916425228118896
-3.1918094158172607
-3.1919753551483154
-3.192119836807251
-3.1922664642333984
-3.192416191101074
-3.192572832107544
-3.192730665206909
-3.192896842956543
-3.1930763721466064
-3.1932244300842285
-3.1933889389038086
-3.193593978881836
-3.1936135292053223
-3.1938493251800537
-3.1941077709198
-3.1943764686584473
-3.1946609020233154
-3.194960832595825
-3.1952757835388184
-3.1955924034118652
-3.1959128379821777
-3.196218729019165
-3.196500539779663
-3.1967573165893555
-3.1969974040985107
-3.1972262859344482
-3.1974523067474365
-3.1976804733276367
-3.197861671447754
-3.198035955429077
-3.19822359085083
-3.198415994644165
-3.1986019611358643
-3.1987695693969727
-3.1989285945892334
-3.1990761756896973
-3.1992132663726807
-3.1993296146392822
-3.1994383335113525
-3.199538230895996
-3.1996307373046875
-3.1997194290161133
-3.1998109817504883
-3.199885606765747
-3.199965715408325
-3.200059413909912
-3.200176954269409
-3.2003226280212402
-3.20046329498291
-3.200624465942383
-3.2007672786712646
-3.2009756565093994
-3.20127534866333
-3.2015485763549805
-3.201845407485962
-3.202164649963379
-3.202481269836426
-3.2027735710144043
-3.2030398845672607
-3.2032670974731445
-3.203467845916748
-3.2036361694335938
-3.2037911415100098
-3.2039310932159424
-3.204066753387451
-3.2041923999786377
-3.204301118850708
-3.2043955326080322
-3.2045090198516846
-3.2046477794647217
-3.2047767639160156
-3.204895257949829
-3.2050015926361084
-3.205106735229492
-3.205188512802124
-3.205263376235962
-3.2053370475769043
-3.205404758453369
-3.205472707748413
-3.205543279647827
-3.2056140899658203
-3.205677032470703
-3.2057385444641113
-3.205817699432373
-3.2059061527252197
-3.206014633178711
-3.206110715866089
-3.20621395111084
-3.2063491344451904
-3.206523895263672
-3.2066497802734375
-3.2068114280700684
-3.206961154937744
-3.207127809524536
