0.23573850095272064
7.776392459869385
4.976969242095947
3.1837196350097656
2.0355827808380127
1.301201343536377
0.8315659761428833
0.5313859581947327
0.33940887451171875
0.21667909622192383
0.13828852772712708
0.0880378782749176
0.055929046124219894
0.035399533808231354
0.022303467616438866
0.013820893131196499
0.008560623042285442
0.004984613507986069
0.002856137230992317
0.0014934663195163012
0.0005057633388787508
-5.715107545256615e-05
-0.0004127414431422949
-0.0005782721564173698
-0.0007351557724177837
-0.0009138946188613772
-0.0010218712268397212
-0.0010247172322124243
-0.0010280028218403459
-0.0009708387078717351
-0.0009818205144256353
-0.0010684407316148281
-0.001088039018213749
-0.001136688282713294
-0.0011369502171874046
-0.0010499224299564958
-0.0010542994132265449
-0.0010291463695466518
-0.0011648102663457394
-0.0010629678145051003
-0.0011595512041822076
-0.00104127312079072
-0.0010468277614563704
-0.0011389810824766755
-0.0010637210216373205
-0.001208213740028441
-0.0011341103818267584
-0.0012434100499376655
-0.0012007190380245447
-0.0013359857257455587
-0.0013839098392054439
-0.0014526088489219546
-0.001710729324258864
-0.0018210626440122724
-0.0021380430553108454
-0.002611343050375581
-0.003040209412574768
-0.003954346291720867
-0.0053073689341545105
-0.007267859298735857
-0.010541388764977455
-0.015018699690699577
-0.01965746283531189
-0.023795515298843384
-0.02837131917476654
-0.03444907069206238
-0.04212053120136261
-0.051380909979343414
-0.06195990741252899
-0.07301917672157288
-0.082623690366745
-0.09447246789932251
-0.10411684215068817
-0.11120069026947021
-0.11609767377376556
-0.11941608041524887
-0.12161629647016525
-0.12316158413887024
-0.1241917535662651
-0.12489812821149826
-0.12538506090641022
-0.12580347061157227
-0.12607474625110626
-0.12629613280296326
-0.12652558088302612
-0.12664590775966644
-0.1268027275800705
-0.12704969942569733
-0.12717151641845703
-0.12749406695365906
-0.12776610255241394
-0.128021240234375
-0.12828898429870605
-0.1285228580236435
-0.1286219358444214
-0.1287074089050293
-0.12879416346549988
-0.1289045661687851
-0.12898273766040802
-0.1290922909975052
-0.1292114108800888
-0.12928879261016846
-0.12937477231025696
-0.12952372431755066
-0.1297239065170288
-0.12992794811725616
-0.13023677468299866
-0.13067805767059326
-0.13130153715610504
-0.13249658048152924
-0.13357102870941162
-0.1340785026550293
-0.13590605556964874
-0.13873937726020813
-0.14397862553596497
-0.149577796459198
-0.15909919142723083
-0.15754853188991547
-0.17082136869430542
-0.1868748813867569
-0.1988242268562317
-0.21085840463638306
-0.22318246960639954
-0.23384207487106323
-0.2422262728214264
-0.2476309984922409
-0.2516013979911804
-0.25440648198127747
-0.25677409768104553
-0.2589363753795624
-0.2610603868961334
-0.26325851678848267
-0.2655499577522278
-0.26803144812583923
-0.2706785202026367
-0.273545503616333
-0.2765083312988281
-0.27897799015045166
-0.28075265884399414
-0.2820057272911072
-0.2828693985939026
-0.283474862575531
-0.2838945984840393
-0.2841651737689972
-0.28435277938842773
-0.284506618976593
-0.28461316227912903
-0.2846796214580536
-0.2847459316253662
-0.2847945988178253
-0.28486204147338867
-0.28493720293045044
-0.2850254774093628
-0.2851363718509674
-0.28523287177085876
-0.28527572751045227
-0.28535521030426025
-0.2854533791542053
-0.2855865955352783
-0.2857374846935272
-0.2859121561050415
-0.2861206829547882
-0.2863665223121643
-0.286662757396698
-0.2870674431324005
-0.287363201379776
-0.28785037994384766
-0.2883683443069458
-0.2889457643032074
-0.2898760437965393
-0.2909536063671112
-0.29209569096565247
-0.2931059002876282
-0.29419511556625366
-0.29518869519233704
-0.2961931824684143
-0.29715675115585327
-0.2979525327682495
-0.2986604869365692
-0.29933130741119385
-0.2999122738838196
-0.3005123734474182
-0.3007761538028717
-0.3013331890106201
-0.301665335893631
-0.30231109261512756
-0.3026445209980011
-0.3033025860786438
-0.30347415804862976
-0.30391788482666016
-0.3042275607585907
-0.3048166334629059
-0.30506861209869385
-0.30536898970603943
-0.3056287169456482
-0.3059562146663666
-0.3062303960323334
-0.30647212266921997
-0.30682462453842163
-0.30723607540130615
-0.3077639639377594
-0.30853667855262756
-0.3090999722480774
-0.30965203046798706
-0.3099849224090576
-0.3102268874645233
-0.31046244502067566
-0.3106992244720459
-0.31096917390823364
-0.31120893359184265
-0.31146055459976196
-0.31179291009902954
-0.312244176864624
-0.31282806396484375
-0.31346893310546875
-0.31448325514793396
-0.3158107399940491
-0.3179468512535095
-0.32079648971557617
-0.32318949699401855
-0.32638299465179443
-0.3301265835762024
-0.3369934558868408
-0.3467557430267334
-0.3555923104286194
-0.3627224266529083
-0.3704383969306946
-0.3860515356063843
-0.40354278683662415
-0.41535478830337524
-0.42999812960624695
-0.44647520780563354
-0.45960724353790283
-0.4729026257991791
-0.4850507080554962
-0.4958283305168152
-0.5073143243789673
-0.5186779499053955
-0.5294519066810608
-0.5401206016540527
-0.549035370349884
-0.5579135417938232
-0.5700711011886597
-0.5817731618881226
-0.5933249592781067
-0.6049313545227051
-0.6160080432891846
-0.6279805898666382
-0.6411643624305725
-0.6531683206558228
-0.666159987449646
-0.6808995008468628
-0.6956239938735962
-0.7057400345802307
-0.715391993522644
-0.7255570888519287
-0.7357956171035767
-0.7476539015769958
-0.7604467868804932
-0.7778855562210083
-0.798879861831665
-0.8212419152259827
-0.8451873064041138
-0.8675682544708252
-0.8869419097900391
-0.904513418674469
-0.9238609075546265
-0.9467989206314087
-0.9715918302536011
-0.9961329698562622
-1.022247552871704
-1.051092505455017
-1.0888140201568604
-1.1264457702636719
-1.1685643196105957
-1.2063721418380737
-1.2448012828826904
-1.27773118019104
-1.3054218292236328
-1.3278541564941406
-1.351660966873169
-1.3773688077926636
-1.4030176401138306
-1.4244675636291504
-1.4458811283111572
-1.4664065837860107
-1.484020471572876
-1.503066062927246
-1.5250327587127686
-1.5504571199417114
-1.5790892839431763
-1.610558271408081
-1.6405138969421387
-1.6678276062011719
-1.6966458559036255
-1.7216912508010864
-1.7450631856918335
-1.767411470413208
-1.787177562713623
-1.803796410560608
-1.817009687423706
-1.8283112049102783
-1.837881326675415
-1.8438787460327148
-1.8480377197265625
-1.851595163345337
-1.8557966947555542
-1.8612430095672607
-1.870082139968872
-1.8825026750564575
-1.899168610572815
-1.9181219339370728
-1.9396196603775024
-1.962773084640503
-1.9852588176727295
-2.006617784500122
-2.0259900093078613
-2.0433430671691895
-2.0589380264282227
-2.073465347290039
-2.0877583026885986
-2.1025233268737793
-2.116741180419922
-2.1303811073303223
-2.1436655521392822
-2.15838885307312
-2.176415205001831
-2.199169397354126
-2.227048635482788
-2.259779930114746
-2.2915122509002686
-2.321826219558716
-2.349367380142212
-2.374910593032837
-2.3997061252593994
-2.421055793762207
-2.438532590866089
-2.4547605514526367
-2.468412160873413
-2.480686902999878
-2.4914770126342773
-2.5012707710266113
-2.509646415710449
-2.516174554824829
-2.521883964538574
-2.528517246246338
-2.53879451751709
-2.548807144165039
-2.559551239013672
-2.5724687576293945
-2.586151123046875
-2.599789619445801
-2.6124463081359863
-2.6250011920928955
-2.636425256729126
-2.6472275257110596
-2.6571011543273926
-2.6662259101867676
-2.674685478210449
-2.6827547550201416
-2.690269708633423
-2.697661876678467
-2.7045135498046875
-2.712137222290039
-2.721968173980713
-2.7320404052734375
-2.7438879013061523
-2.7562789916992188
-2.7692220211029053
-2.783444404602051
-2.796696424484253
-2.8093204498291016
-2.8206396102905273
-2.83087158203125
-2.8396542072296143
-2.8469104766845703
-2.85275936126709
-2.8572304248809814
-2.8604495525360107
-2.8627023696899414
-2.8645975589752197
-2.8664138317108154
-2.868385076522827
-2.8703994750976562
-2.8724851608276367
-2.875030040740967
-2.877869129180908
-2.8811607360839844
-2.884739875793457
-2.8872292041778564
-2.890645742416382
-2.894937038421631
-2.89896559715271
-2.9026544094085693
-2.906611919403076
-2.9109690189361572
-2.915618896484375
-2.9207005500793457
-2.925386667251587
-2.9298152923583984
-2.9341297149658203
-2.9380428791046143
-2.941610336303711
-2.94472599029541
-2.9473371505737305
-2.9494504928588867
-2.9512650966644287
-2.953007221221924
-2.9547119140625
-2.956392288208008
-2.9580421447753906
-2.959702730178833
-2.961337089538574
-2.962954044342041
-2.96445894241333
-2.965730905532837
-2.9668686389923096
-2.9680335521698
-2.969266176223755
-2.970552921295166
-2.97182559967041
-2.9730052947998047
-2.9741501808166504
-2.9752256870269775
-2.9763259887695312
-2.9773330688476562
-2.978336811065674
-2.979243755340576
-2.9799814224243164
-2.980609178543091
-2.981131076812744
-2.981597900390625
-2.9820241928100586
-2.982412099838257
-2.9827842712402344
-2.983118772506714
-2.983520746231079
-2.9839298725128174
-2.984501838684082
-2.9853084087371826
-2.9862186908721924
-2.987292528152466
-2.9884631633758545
-2.989705801010132
-2.9909250736236572
-2.9921061992645264
-2.993100166320801
-2.993878126144409
-2.9944708347320557
-2.9949584007263184
-2.9953773021698
-2.9957284927368164
-2.9959988594055176
-2.996293306350708
-2.996464729309082
-2.99662184715271
-2.9968526363372803
-2.9972848892211914
-2.997683048248291
-2.998098611831665
-2.998711109161377
-2.9993486404418945
-3.000204086303711
-3.001225471496582
-3.002525806427002
-3.003852128982544
-3.0052080154418945
-3.0063273906707764
-3.007373332977295
-3.008404493331909
-3.009387969970703
-3.0102651119232178
-3.011011838912964
-3.0116236209869385
-3.0121424198150635
-3.0125784873962402
-3.01297664642334
-3.0133423805236816
-3.0136823654174805
-3.0139851570129395
-3.0142455101013184
-3.0144755840301514
-3.0147318840026855
-3.0150649547576904
-3.0154781341552734
-3.015881061553955
-3.016282796859741
-3.0167691707611084
-3.0173840522766113
-3.0179972648620605
-3.0187346935272217
-3.0195300579071045
-3.020415782928467
-3.021360158920288
-3.0224146842956543
-3.0234975814819336
-3.02445912361145
-3.0254032611846924
-3.0264627933502197
-3.0276124477386475
-3.028657913208008
-3.0295770168304443
-3.0303497314453125
-3.030972957611084
-3.031536102294922
-3.0319371223449707
-3.0323293209075928
-3.0327491760253906
-3.0332083702087402
-3.033729314804077
-3.0341758728027344
-3.034853458404541
-3.03554368019104
-3.0362377166748047
-3.036921977996826
-3.037574052810669
-3.0381650924682617
-3.038688898086548
-3.0391459465026855
-3.039602041244507
-3.040051221847534
-3.0404603481292725
-3.0409297943115234
-3.041372060775757
-3.041924238204956
-3.042595624923706
-3.043517589569092
-3.044398307800293
-3.045548677444458
-3.0469000339508057
-3.0485126972198486
-3.0499653816223145
-3.051754951477051
-3.053546190261841
-3.0556724071502686
-3.057596445083618
-3.059711217880249
-3.0614280700683594
-3.06302809715271
-3.0644688606262207
-3.065670967102051
-3.0666069984436035
-3.067382574081421
-3.068358898162842
-3.0695395469665527
-3.070624589920044
-3.0716495513916016
-3.0726606845855713
-3.073629140853882
-3.0747623443603516
-3.075976848602295
-3.0771098136901855
-3.0782086849212646
-3.07922625541687
-3.0801243782043457
-3.0809781551361084
-3.081815242767334
-3.0826148986816406
-3.083296298980713
-3.0838637351989746
-3.084413528442383
-3.084948778152466
-3.085507392883301
-3.0861260890960693
-3.086589813232422
-3.087055206298828
-3.087533712387085
-3.0880348682403564
-3.088587999343872
-3.0892395973205566
-3.0897843837738037
-3.0904717445373535
-3.0915393829345703
-3.092400550842285
-3.0933678150177
-3.094829797744751
-3.096095085144043
-3.0976600646972656
-3.099339008331299
-3.1010022163391113
-3.1025400161743164
-3.1039023399353027
-3.105020523071289
-3.105901002883911
-3.1067240238189697
-3.107473850250244
-3.108142852783203
-3.108726978302002
-3.1092565059661865
-3.1097500324249268
-3.1102309226989746
-3.1106929779052734
-3.1111459732055664
-3.111628770828247
-3.1121537685394287
-3.1127219200134277
-3.1133689880371094
-3.114077091217041
-3.1148524284362793
-3.1157286167144775
-3.1167354583740234
-3.117550849914551
-3.1184561252593994
-3.1193971633911133
-3.1204118728637695
-3.121401786804199
-3.1223185062408447
-3.1231584548950195
-3.124037981033325
-3.1250123977661133
-3.125854253768921
-3.1266016960144043
-3.12727689743042
-3.127983570098877
-3.128446340560913
-3.1289477348327637
-3.12951922416687
-3.1301348209381104
-3.1308131217956543
-3.131465196609497
-3.132072925567627
-3.1327059268951416
-3.133298397064209
-3.133864164352417
-3.134427070617676
-3.1350979804992676
-3.135859727859497
-3.136718511581421
-3.137681245803833
-3.1389522552490234
-3.140516519546509
-3.1422085762023926
-3.144217014312744
-3.1461069583892822
-3.1482620239257812
-3.149878740310669
-3.151702404022217
-3.153470993041992
-3.155155897140503
-3.156236171722412
-3.157092571258545
-3.157792568206787
-3.1584770679473877
-3.1590659618377686
-3.1595096588134766
-3.159856081008911
-3.160120725631714
-3.1603448390960693
-3.160529613494873
-3.1606807708740234
-3.1608078479766846
-3.1609277725219727
-3.161036491394043
-3.1611504554748535
-3.1612677574157715
-3.1614012718200684
-3.1615731716156006
-3.161715507507324
-3.1618897914886475
-3.1621086597442627
-3.162390947341919
-3.1626415252685547
-3.1629443168640137
-3.163325548171997
-3.1637656688690186
-3.1641852855682373
-3.164618730545044
-3.165062189102173
-3.165518045425415
-3.1659727096557617
-3.1664412021636963
-3.1668927669525146
-3.167325258255005
-3.1678707599639893
-3.1685373783111572
-3.1691949367523193
-3.1698691844940186
-3.1706864833831787
-3.1712944507598877
-3.171922445297241
-3.1725990772247314
-3.173285484313965
-3.1739654541015625
-3.1745569705963135
-3.175069808959961
-3.175537347793579
-3.175959825515747
-3.1763460636138916
-3.17671275138855
-3.1771163940429688
-3.177424430847168
-3.177738666534424
-3.178147792816162
-3.178640127182007
-3.1792244911193848
-3.1799423694610596
-3.1808314323425293
-3.1816887855529785
-3.182616710662842
-3.1836845874786377
-3.1847639083862305
-3.185823678970337
-3.186784267425537
-3.187647819519043
-3.18839168548584
-3.1890904903411865
-3.1895194053649902
-3.1898367404937744
-3.190117835998535
-3.1903960704803467
-3.1906113624572754
-3.1907737255096436
-3.190988540649414
-3.191251277923584
-3.19148325920105
-3.1916918754577637
-3.1918506622314453
-3.1920082569122314
-3.1921935081481934
-3.1923885345458984
-3.1925928592681885
-3.192805290222168
-3.1930153369903564
-3.193235397338867
-3.1934709548950195
-3.1937296390533447
-3.194002628326416
-3.1943085193634033
-3.194567918777466
-3.1948626041412354
-3.195223569869995
-3.1955721378326416
-3.1959011554718018
-3.1962053775787354
-3.1965065002441406
-3.196743965148926
-3.196946620941162
-3.197134494781494
-3.197270154953003
-3.197370767593384
-3.1974689960479736
-3.1975512504577637
-3.197638750076294
-3.1977362632751465
-3.197842597961426
-3.197939872741699
-3.198064088821411
-3.1982619762420654
-3.1985137462615967
-3.1986660957336426
-3.1988978385925293
-3.1992080211639404
-3.199568748474121
-3.199842929840088
-3.200193166732788
-3.20062255859375
-3.2010891437530518
-3.2015509605407715
-3.201970338821411
-3.2023541927337646
-3.202695608139038
-3.2030158042907715
-3.203281879425049
-3.203519821166992
-3.2037577629089355
-3.2040164470672607
-3.204288959503174
-3.2045705318450928
-3.204876184463501
-3.205223560333252
-3.2056543827056885
-3.205929756164551
-3.206258535385132
-3.206653594970703
-3.207071542739868
-3.2074930667877197
-3.2079014778137207
-3.2083144187927246
-3.208716630935669
-3.20908260345459
-3.2093911170959473
-3.209653377532959
-3.2099215984344482
-3.2102057933807373
-3.2105231285095215
-3.210883378982544
-3.211228847503662
-3.2115094661712646
-3.211796283721924
-3.2120842933654785
-3.212388515472412
-3.2126331329345703
-3.2128677368164062
-3.213111400604248
-3.2133264541625977
-3.213486909866333
-3.213636636734009
-3.2137932777404785
-3.2139334678649902
-3.214078187942505
