0.0006025448092259467
0.0006080475286580622
0.0006068781949579716
0.0006061903550289571
0.0006055025150999427
0.0006049522780813277
0.0006045395275577903
0.000604333181399852
0.000604058091994375
0.000603782944381237
0.0006035077967680991
0.0006033702520653605
0.0006033014506101608
0.0006032326491549611
0.0006031639059074223
0.0006030951044522226
0.0006030951044522226
0.0006029575015418231
0.0006029575015418231
0.0006029575015418231
0.0006029575015418231
0.0006029575015418231
0.0006029575015418231
0.0006028887582942843
0.0006029575015418231
0.0006029575015418231
0.0006028199568390846
0.0006028199568390846
0.0006028199568390846
0.0006028199568390846
0.0006028199568390846
0.0006028199568390846
0.0006028199568390846
0.0006028199568390846
0.0006028199568390846
0.0006028199568390846
0.0006028199568390846
0.0006028199568390846
0.0006028199568390846
0.0006028199568390846
0.0006028199568390846
0.0006026824121363461
0.0006026824121363461
0.0006026824121363461
0.0006025448092259467
0.0006025448092259467
0.0006024760659784079
0.0006023384630680084
0.0006020633154548705
0.0006019257707521319
0.0006015130784362555
0.0006009627832099795
0.0006004812894389033
0.0005995871033519506
0.0005986241740174592
0.00059731729561463
0.0005958728143014014
0.0005941532435826957
0.0005921584670431912
0.0005894759087823331
0.0005853489274159074
0.0005814970354549587
0.000577094848267734
0.0005712482379749417
0.0005669836536981165
0.0005635445122607052
0.0005619624862447381
0.0005632693646475673
0.000566846108995378
0.0005726927192881703
0.0005807403940707445
0.0005907828453928232
0.0006021321169100702
0.0006138941389508545
0.0006249683210626245
0.0006344604189507663
0.0006414763629436493
0.0006458785501308739
0.0006467727362178266
0.0006460160948336124
0.0006407885230146348
0.000634804368019104
0.0006287514115683734
0.0006230423459783196
0.0006182275246828794
0.0006141004851087928
0.0006107300869189203
0.0006079787272028625
0.0006057088612578809
0.000603782944381237
0.0006022009183652699
0.000600825238507241
0.0005997935077175498
0.0005988305201753974
0.0005982114817015827
0.0005975236417725682
0.0005969733465462923
0.0005964918527752161
0.0005959416157566011
0.0005953913205303252
0.000594909826759249
0.000594359589740634
0.0005937404930591583
0.0005929839098826051
0.0005920897237956524
0.0005909891915507615
0.0005896135116927326
0.0005878251395188272
0.0005855552735738456
0.0005827351124025881
0.0005792271695099771
0.0005748250405304134
0.0005697350134141743
0.0005639572045765817
0.0005573539528995752
0.0005499941180460155
0.0005410522571764886
0.000523443624842912
0.0004902898799628019
0.0004535594198387116
0.00041077600326389074
0.00030725658871233463
5.089990372653119e-05
2.7513463010109263e-06
0.00022863686899654567
0.00041689773206599057
0.000608391419518739
0.0006656882469542325
0.0007434137514792383
0.0006003437447361648
0.00046201981604099274
0.0002914363576564938
0.00012800638796761632
4.127019224142714e-07
0.00012133437121519819
0.00022327175247482955
0.00031998156919144094
0.00040348494076170027
0.00047474479652009904
0.0005266764783300459
0.0005514385993592441
0.0005781266372650862
0.0005874124472029507
0.000594634679146111
0.0005969045450910926
0.000601100386120379
0.0006023384630680084
0.0006059152074158192
0.0006074972334317863
0.0006137565360404551
0.0006158200558274984
0.0006321906112134457
0.0006384499138221145
0.000655301904771477
0.0006627305410802364
0.0006638998747803271
0.0006426456966437399
0.000642370549030602
0.0006387938046827912
0.0006304021808318794
0.0006202222430147231
0.0006056401180103421
0.000594909826759249
0.0005871372995898128
0.0005858304211869836
0.0005813594325445592
0.0005717297317460179
0.0006026136106811464
0.0005969045450910926
0.0005903700948692858
0.0005856928182765841
0.0005817721830680966
0.0005779890343546867
0.0005752377328462899
0.0005704916547983885
0.0005691847763955593
0.0005627190694212914
0.0005632005631923676
0.0005613433895632625
0.0005658143782056868
0.0005651952815242112
0.0005677402950823307
0.0005651265382766724
0.000563613255508244
0.000559830165002495
0.0005539835547097027
0.0005484808934852481
0.0005442850524559617
0.000540158071089536
0.0005367188714444637
0.000543390866369009
0.0005493750795722008
0.0005535020609386265
0.0005572852096520364
0.0005660894676111639
0.0005691159749403596
0.00057764514349401
0.0005819785292260349
0.0005861055105924606
0.0005907828453928232
0.0005963543080724776
0.0006046771304681897
0.0006149946711957455
0.0006301270914264023
0.0006426456966437399
0.0006956091383472085
0.0007080589421093464
0.0007841336773708463
0.0008308377582579851
0.0009358703973703086
0.0010639455867931247
0.00108409917447716
0.0010216436348855495
0.0009481139131821692
0.0009181242203339934
0.0008463828708045185
0.0008167371270246804
0.0007886734092608094
0.0007432762067764997
0.0007224347209557891
0.0006883180467411876
0.0006683020037598908
0.0006500743329524994
0.0006224233075045049
0.0006577781168743968
0.0005734493606723845
0.0006700215744785964
0.0006978102028369904
0.0007685197633691132
0.000951415509916842
0.0010965490946546197
0.001111887744627893
0.0012138939928263426
0.0012033700477331877
0.0012401004787534475
0.001252343994565308
0.001260460470803082
0.0012463598977774382
0.0012783441925421357
0.0012155447620898485
0.0012036452535539865
0.001109205186367035
0.0011625813785940409
0.0010097441263496876
0.0010019715409725904
0.0009282354149036109
0.0009089072118513286
0.0008630285155959427
0.0008361341315321624
0.0008054565987549722
0.0007618477684445679
0.0006964345229789615
0.0006803391152061522
0.0005716609884984791
0.0005521263810805976
0.00042934759403578937
0.0003889715881086886
0.00024273752933368087
0.00022244633873924613
5.1037473895121366e-05
3.60426347469911e-05
2.4349414161406457e-05
4.601626642397605e-05
9.959873568732291e-05
0.00011823910608654842
0.00011459356755949557
0.00011844545224448666
6.506934005301446e-05
9.787914314074442e-05
5.014328417018987e-05
7.772553544782568e-06
4.6635319449706e-05
7.731282676104456e-05
0.00011177344276802614
0.0001696892868494615
0.00019789057841990143
0.00023200726718641818
0.000285039481241256
0.0002815315092448145
0.000434300018241629
0.0003849821223411709
0.0004398027085699141
0.0004452365974429995
0.00045734253944829106
0.0004940042272210121
0.0005107186734676361
0.00048485599108971655
0.0005203483742661774
0.0005095493397675455
0.0004872634308412671
0.0005283960490487516
0.00048444329877384007
0.0005565285682678223
0.0005211049574427307
0.0005526766763068736
0.0005713858408853412
0.0005894071655347943
0.000611349125392735
0.0006452594534493983
0.0006200846401043236
0.0007334401016123593
0.0006547516095452011
0.0007293818634934723
0.0007212654454633594
0.0007471280987374485
0.0007547630812041461
0.0007683822186663747
0.0007533874013461173
0.0007694827509112656
0.0007800754392519593
0.0007556572672910988
0.0007690012571401894
0.0007022811332717538
0.0006951276445761323
0.0006100422469899058
0.0005616873386316001
0.00046463360195048153
0.0003877334820572287
0.0003116587467957288
0.00022017648734617978
0.00016136646445374936
0.00011817031918326393
6.843973824288696e-05
4.0513572457712144e-05
1.1349303349561524e-05
1.0455115443619434e-05
4.058235845150193e-06
3.480452869553119e-05
4.3883974285563454e-05
9.402725845575333e-05
0.00011727613309631124
0.0001861973578343168
0.0002110970381181687
0.00027575367130339146
0.00030423011048696935
0.000363521627150476
0.0003851196961477399
0.0004371201212052256
0.0004532154998742044
0.0004938666243106127
0.0004926973488181829
0.0005614809924736619
0.0005006074206903577
0.0005638196016661823
0.0005270891706459224
0.0005281209014356136
0.0005116128595545888
0.00047722100862301886
0.0004545911797322333
0.0004122204554732889
0.000379960925783962
0.0003486643545329571
0.0003108333330601454
0.00028765323804691434
0.0002593143726699054
0.00024115550331771374
0.0002171500091208145
0.00019981652440037578
0.0001793877745512873
0.0001568267325637862
0.00013412813132163137
0.0001141120883403346
9.485266491537914e-05
7.67625606385991e-05
6.99529773555696e-05
6.651379226241261e-05
7.531810115324333e-05
8.288430399261415e-05
0.00010413845302537084
0.00011452478793216869
0.00014341392670758069
0.00014616527187172323
0.00017966290761251003
0.00018502803868614137
0.0001950704463524744
0.00021219758491497487
0.00021501770243048668
0.00022774268290959299
0.00022753633675165474
0.0002366157714277506
0.0002273299905937165
0.00023544645227957517
0.0002051816409220919
0.0002051816409220919
0.0001878481707535684
0.0001616415975149721
0.0001419694599462673
0.00010922844376182184
7.132864993764088e-05
5.0693553930614144e-05
1.561389035487082e-05
1.6714428056729957e-05
4.979936784366146e-05
7.242918945848942e-05
0.00010744007158791646
0.00011713856656569988
0.0001488478301325813
0.00015304364205803722
0.00017883750842884183
0.00018041953444480896
0.00019403870101086795
0.00019121856894344091
0.00019396991410758346
0.00017023955297190696
0.00016851995314937085
0.00015049864305183291
0.0001441705389879644
0.00013027623936068267
0.00011569410708034411
0.00010530777944950387
8.99002407095395e-05
7.628107414348051e-05
6.458785355789587e-05
4.986815110896714e-05
3.30849397869315e-05
2.5174818802042864e-05
7.978904250194319e-06
3.8518846849910915e-06
1.9740909920074046e-05
2.4349414161406457e-05
3.693682447192259e-05
3.707439100253396e-05
3.748709423234686e-05
3.748709423234686e-05
3.102142727584578e-05
2.7582245820667595e-05
1.946577503986191e-05
1.2449841960915364e-05
2.26986071538704e-06
2.132293275280972e-06
1.980969318537973e-05
2.8201297936902847e-06
2.3317659724853e-05
3.9275466406252235e-05
8.116471144603565e-05
9.196374594466761e-05
9.760401007952169e-05
0.00011796397302532569
0.00011727613309631124
0.00013123921235091984
0.00013068894622847438
0.00013901176862418652
0.0001369482633890584
0.00014423932589124888
0.00014155676763039082
0.0001518055360065773
0.00014939809625502676
0.0001716840051813051
0.00017670521629042923
0.00015311241440940648
0.0001509801222709939
0.00015159917529672384
0.00014423932589124888
0.00016824482008814812
0.00015737699868623167
0.00015758335939608514
0.00014767851098440588
0.00014705945795867592
0.00013557258353102952
0.00013385299826040864
0.00012704341497737914
0.0001229851768584922
0.00013041381316725165
0.00012724976113531739
0.00011074168287450448
0.00010544534598011523
9.698495705379173e-05
9.49902314459905e-05
8.962510037235916e-05
8.790551510173827e-05
8.006417920114473e-05
8.487902960041538e-05
8.604835602454841e-05
8.86621346580796e-05
9.141347982222214e-05
9.251401934307069e-05
9.636590402806178e-05
9.471509110881016e-05
9.91860288195312e-05
9.787914314074442e-05
0.00010104318789672107
0.00010083684173878282
0.00010290034697391093
0.00010248764738207683
0.00010317548731109127
9.973630221793428e-05
9.966751531464979e-05
0.0001102602036553435
9.88421161309816e-05
0.00010372575343353674
0.00010496385948499665
0.00010083684173878282
0.0001073025050573051
0.0001030379135045223
0.0001089533107005991
0.00010668345203157514
0.00011156708933413029
0.00010633953206706792
0.00010544534598011523
0.00010874695726670325
0.00011005385022144765
0.00011259884195169434
0.00011755126615753397
0.00011933964560739696
0.00012993231939617544
0.00013213339843787253
0.00012202220386825502
0.00015201188216451555
0.0001433451398042962
0.0001420382468495518
0.0001183078857138753
0.00012374180369079113
9.897968266159296e-05
0.00010688979818951339
0.0001090220976038836
0.00010565169213805348
0.00010716493852669373
0.00010613317863317207
0.00010984749678755179
0.00010915966413449496
0.0001102602036553435
0.00011603802704485133
0.00011528140748851001
0.00012326030991971493
0.00012099045125069097
0.00013048260007053614
0.0001297947601415217
0.00013687947648577392
0.00014258851297199726
0.000149260537000373
0.00015889025235082954
0.00016542468802072108
0.00017436656344216317
0.00018213911971542984
0.00018881112919189036
0.00021377959637902677
0.00021467379701789469
0.0002369596913922578
0.00023510253231506795
0.000244181981543079
0.00024665819364599884
0.00024026131723076105
0.00024060522264335304
0.00023764753132127225
0.0002403300895821303
0.00023434592003468424
0.0002314570010639727
0.0002238908055005595
0.00022065796656534076
0.00021419230324681848
0.00020332448184490204
0.00020029800361953676
0.00019025559595320374
0.00018970532983075827
0.00018096980056725442
0.00018392749188933522
0.00018035074754152447
0.00017780574853532016
0.00017457292415201664
0.0001738162973197177
0.0001691390061751008
0.0001717527920845896
0.00015366268053185195
0.00015338754747062922
0.00016900144692044705
0.0001725094043649733
0.000176361296325922
0.00018007561448030174
0.00018702275701798499
0.00019541436631698161
0.00019596463243942708
0.0002052504278253764
0.00020119218970648944
0.00020868961291853338
0.00020793298608623445
0.00021130338427610695
0.00021164730424061418
0.00020263665646780282
0.00019954139133915305
0.0001976842322619632
0.0001738162973197177
0.0001712712983135134
0.0001683136069914326
0.00016666279407218099
0.00016308604972437024
0.00015916538541205227
0.0001487790432292968
0.00014595891116186976
0.00014052500773686916
0.00013433447747956961
0.00012828152102883905
0.00012174707080703229
0.00011658830044325441
0.00010702737199608237
0.00010640831897035241
9.636590402806178e-05
0.00010406967339804396
9.932360262610018e-05
9.24452324397862e-05
9.897968266159296e-05
9.739765664562583e-05
9.91860288195312e-05
0.00010276278044329956
0.00010572047904133797
0.00010675223165890202
0.00012326030991971493
0.0001229851768584922
0.00012731854803860188
0.00011246127542108297
0.00011803275265265256
0.0001229851768584922
0.00012814394722227007
0.0001309640792896971
0.00013495353050529957
0.00013935568858869374
0.00014086892770137638
0.000142519740620628
0.00014300121983978897
0.00013687947648577392
0.00013873663556296378
0.00013804879563394934
0.00013708582264371216
0.0001352974504698068
0.00013254610530566424
0.0001305513724219054
0.0001271809742320329
0.00012614922889042646
0.00012202220386825502
0.00012133437121519819
0.0001178951861220412
0.0001141120883403346
0.00011197978892596439
0.00010826547804754227
0.00010826547804754227
0.00010413845302537084
0.00010468872642377391
0.00010255643428536132
0.0001051702129188925
0.00010372575343353674
0.00010627074516378343
0.00010860939073609188
0.00011555654054973274
0.00011885815911227837
0.0001419694599462673
0.0001445832458557561
0.0001467843248974532
0.00014946688315831125
0.00015208066906780005
0.0001479536440456286
0.00014905417629051954
0.00014974201621953398
0.0001509801222709939
0.00014568377810064703
0.000146302831126377
0.00014568377810064703
0.00014554621884599328
0.00014644040493294597
0.00014726580411661416
0.00014513351197820157
0.00015077377611305565
0.00014994837692938745
0.00014733459101989865
0.00014726580411661416
9.829184273257852e-05
0.00010379454033682123
0.00010984749678755179
0.00011700100003508851
0.00012491112283896655
0.00013295881217345595
0.00014238216681405902
0.00014981080312281847
0.00018434019875712693
0.00018599101167637855
0.00018599101167637855
0.00018544073100201786
0.0001848216779762879
0.00018213911971542984
0.0001802131737349555
0.00017739305621944368
0.0001751231902744621
0.00017271576507482678
0.0001725094043649733
0.00016611252794973552
0.0001650119957048446
0.0001615728106116876
0.00016645644791424274
0.00016294847591780126
0.0001603347045602277
0.00016177915676962584
0.00015923415776342154
0.00015627646644134074
0.0001542817335575819
0.00015187430835794657
0.00015070498920977116
0.00014767851098440588
0.00014760972408112139
0.00014472081966232508
0.00014485837891697884
0.0001445832458557561
0.00014052500773686916
0.00014155676763039082
0.00013873663556296378
0.0001416255545336753
0.0001386678486596793
0.00014843512326478958
0.00014843512326478958
0.0001509801222709939
0.00014891661703586578
0.00015311241440940648
0.0001500171492807567
0.0001548320142319426
0.00015710186562500894
0.0001746416965033859
0.0001772554824128747
0.000179800481419079
0.00018158885359298438
0.00018296451889909804
0.0001828269596444443
0.00018550951790530235
0.00018124493362847716
0.0001828269596444443
0.00018103858747053891
0.00017952534835785627
0.00018234546587336808
0.00018090101366396993
0.00018213911971542984
0.00018041953444480896
0.00018007561448030174
0.0001785623753676191
0.00017753061547409743
0.00017622372251935303
0.0001751231902744621
0.0001738162973197177
0.00017312845739070326
0.00017244063201360404
0.0001716840051813051
0.00017140887212008238
0.0001705146860331297
0.0001716840051813051
0.00017017076606862247
0.00017484805721323937
0.00017085860599763691
0.0001729908981360495
0.0001718215789878741
0.00017285332432948053
0.00017457292415201664
0.00017753061547409743
0.00018000682757701725
0.00018179519975092262
0.00018372114573139697
0.00018427141185384244
0.0001861285709310323
0.00018702275701798499
0.00018853599613066763
0.00018757302314043045
0.00018764181004371494
0.00018599101167637855
0.00018509682558942586
0.00020882718672510237
0.0002082081336993724
0.0002064885338768363
0.0002030493487836793
0.00019850963144563138
0.00019362599414307624
0.0001933508610818535
0.00012745612184517086
0.0001314455730607733
0.00013619163655675948
0.00014052500773686916
0.00014423932589124888
0.00014726580411661416
0.00014981080312281847
0.00015187430835794657
0.00015201188216451555
0.0001569643063703552
0.00015655159950256348
0.00015655159950256348
0.00015510714729316533
0.00015833997167646885
0.0001556574134156108
0.0001535251212771982
0.00015070498920977116
0.00014822877710685134
0.0001441705389879644
0.0001424509537173435
0.0001391493424307555
0.00013853028940502554
0.0001352286635665223
0.00013474718434736133
0.00013240853149909526
0.00013137678615748882
0.0001297259732382372
0.00012869421334471554
0.0001275936810998246
0.0001264243619516492
0.00012587409582920372
0.00012470476212911308
0.0001251174689969048
0.00012367301678750664
0.00012587409582920372
