0.9886457324028015
0.9318532943725586
0.9453852772712708
0.9562210440635681
0.9648948311805725
0.9718326926231384
0.9773800373077393
0.9818145036697388
0.9853590130805969
0.9881918430328369
0.9904556274414062
0.9922642707824707
0.9937089085578918
0.9948620796203613
0.9957818388938904
0.9965147376060486
0.9970977306365967
0.9975605010986328
0.9979268312454224
0.9982159733772278
0.9984433054924011
0.99862140417099
0.9987603425979614
0.998868465423584
0.998952329158783
0.9990174770355225
0.9990679621696472
0.9991072416305542
0.9991379380226135
0.9991620779037476
0.9991812109947205
0.999196469783783
0.999208927154541
0.9992192387580872
0.9992281198501587
0.9992358684539795
0.9992429614067078
0.9992497563362122
0.999256432056427
0.9992632269859314
0.9992702603340149
0.9992775917053223
0.9992853999137878
0.9992933869361877
0.999301552772522
0.9993095397949219
0.9993166923522949
0.9993222951889038
0.9993249773979187
0.9993230104446411
0.9993137121200562
0.9992937445640564
0.9992579817771912
0.999199628829956
0.9991087317466736
0.9989694952964783
0.9987555146217346
0.9984183311462402
0.9978626370429993
0.9968905448913574
0.9951013922691345
0.9919633269309998
0.987860918045044
0.9838192462921143
0.9793984889984131
0.9738678932189941
0.9672455191612244
0.9598276019096375
0.9511523246765137
0.9439361095428467
0.940035343170166
0.9376639127731323
0.936964750289917
0.9373082518577576
0.9380317330360413
0.9388775825500488
0.9396905303001404
0.9404290318489075
0.9410715103149414
0.9416239857673645
0.9420936107635498
0.9424935579299927
0.9428345561027527
0.9431273937225342
0.9433794021606445
0.9435956478118896
0.9437761902809143
0.9439161419868469
0.9440029859542847
0.9440134763717651
0.9439258575439453
0.9438359141349792
0.9437403678894043
0.9436577558517456
0.9435940384864807
0.9435113072395325
0.9434628486633301
0.9433843493461609
0.9433549046516418
0.9432880878448486
0.9432758092880249
0.9432322382926941
0.9432350397109985
0.9432240724563599
0.9432460069656372
0.943280041217804
0.9433413743972778
0.9434678554534912
0.9436402320861816
0.9440920352935791
0.9447036981582642
0.9471338391304016
0.9471694231033325
0.9465415477752686
0.9458935856819153
0.9441426396369934
0.9414651393890381
0.9354950189590454
0.9375381469726562
0.9252198338508606
0.91731858253479
0.9092154502868652
0.9006078243255615
0.8950768113136292
0.8901970982551575
0.8888610005378723
0.887252926826477
0.8869788646697998
0.8866196274757385
0.8864392042160034
0.8861586451530457
0.8858655095100403
0.8854578137397766
0.8849726319313049
0.8843399882316589
0.8835287094116211
0.8820727467536926
0.8809770345687866
0.8802934885025024
0.8797537684440613
0.8794209361076355
0.8791245818138123
0.8789510130882263
0.8787736296653748
0.8786754608154297
0.8785629868507385
0.8785020112991333
0.8784278035163879
0.8783869743347168
0.8783368468284607
0.8783096075057983
0.8782734870910645
0.8782631754875183
0.8781998157501221
0.878179669380188
0.8781585097312927
0.8781458139419556
0.8781290054321289
0.8781158328056335
0.8780987858772278
0.8780818581581116
0.8780602812767029
0.8780354857444763
0.8780031800270081
0.8779621720314026
0.87790846824646
0.877838671207428
0.8777480721473694
0.8776330351829529
0.8774384260177612
0.8776034712791443
0.8772843480110168
0.8771253228187561
0.8767293691635132
0.8765916228294373
0.8764069080352783
0.8762111067771912
0.8759227991104126
0.8755818009376526
0.8751907348632812
0.8748190999031067
0.8742815852165222
0.8745286464691162
0.8737539052963257
0.8736558556556702
0.873234212398529
0.872878909111023
0.8725084662437439
0.8720437288284302
0.8716986179351807
0.8712199330329895
0.8710546493530273
0.8702422976493835
0.8700921535491943
0.8697507381439209
0.8694133162498474
0.86897873878479
0.8685612082481384
0.8681678175926208
0.8677612543106079
0.8672518134117126
0.8667985796928406
0.8665191531181335
0.8656525015830994
0.8657726049423218
0.8647722601890564
0.8643508553504944
0.8634257912635803
0.8627175092697144
0.8613783717155457
0.8604956865310669
0.8583188652992249
0.8626270294189453
0.8611303567886353
0.859320342540741
0.8544817566871643
0.8527196049690247
0.8502777218818665
0.8482670783996582
0.8444276452064514
0.8410952687263489
0.8369879722595215
0.8315894603729248
0.827264130115509
0.8234558701515198
0.8193740844726562
0.8158310055732727
0.805843710899353
0.8040034770965576
0.8035068511962891
0.8006168603897095
0.7979364395141602
0.7938767075538635
0.7889407873153687
0.7838866114616394
0.7785554528236389
0.7721914649009705
0.7684810757637024
0.7642784714698792
0.7597286105155945
0.7567310929298401
0.7476230263710022
0.7463082075119019
0.7374851107597351
0.7309220433235168
0.7258822321891785
0.720923662185669
0.7162888050079346
0.7085341811180115
0.6996411681175232
0.6879050135612488
0.6772139072418213
0.6683010458946228
0.6571655869483948
0.6470967531204224
0.6380329728126526
0.6303533911705017
0.6231947541236877
0.6160322427749634
0.6105712056159973
0.6072611212730408
0.5986399054527283
0.5955638289451599
0.586498498916626
0.5796758532524109
0.5664185881614685
0.5586156845092773
0.5482433438301086
0.5369882583618164
0.5314196944236755
0.5234653949737549
0.517498791217804
0.5118625164031982
0.5057801008224487
0.501253068447113
0.4927537739276886
0.4866158366203308
0.47846052050590515
0.46689486503601074
0.45503470301628113
0.44252872467041016
0.43015098571777344
0.4223468601703644
0.41245174407958984
0.4072294235229492
0.4018087685108185
0.39631780982017517
0.39226722717285156
0.3902808725833893
0.3850020170211792
0.38043761253356934
0.37250983715057373
0.36715832352638245
0.36079853773117065
0.35826340317726135
0.35485076904296875
0.3577392101287842
0.35620513558387756
0.35777032375335693
0.36039862036705017
0.3597199320793152
0.36106428503990173
0.3589363992214203
0.3589950501918793
0.3540092706680298
0.35123321413993835
0.34728169441223145
0.3422195613384247
0.33524075150489807
0.3297356367111206
0.3146688938140869
0.3107689321041107
0.3060614764690399
0.29963818192481995
0.29406243562698364
0.28866493701934814
0.2846640348434448
0.28071725368499756
0.2778379023075104
0.2742444574832916
0.27213358879089355
0.26935654878616333
0.26779136061668396
0.265800416469574
0.2637423276901245
0.2611541450023651
0.25849029421806335
0.2551615238189697
0.25193196535110474
0.24828334152698517
0.2444506734609604
0.2408371865749359
0.23660597205162048
0.23290131986141205
0.22898367047309875
0.22295382618904114
0.21891151368618011
0.21388058364391327
0.209726020693779
0.2055845856666565
0.20083127915859222
0.19718298316001892
0.19191837310791016
0.1883288472890854
0.1816340982913971
0.1791582852602005
0.17152340710163116
0.1639179140329361
0.15524284541606903
0.14766182005405426
0.1400793045759201
0.13447991013526917
0.12955400347709656
0.12586374580860138
0.12336377799510956
0.12076307088136673
0.11965321004390717
0.11820077896118164
0.11741369962692261
0.11663608253002167
0.11584420502185822
0.11548127233982086
0.11483092606067657
0.11445166915655136
0.11357075721025467
0.11323802173137665
0.11194959282875061
0.11111867427825928
0.10929172486066818
0.10842357575893402
0.10555407404899597
0.10353977233171463
0.10000964999198914
0.09878341853618622
0.09519414603710175
0.09159671515226364
0.08658377826213837
0.08284837007522583
0.07929981499910355
0.07674723863601685
0.07376497238874435
0.07210519909858704
0.07083607465028763
0.07008106261491776
0.06888309866189957
0.06822770833969116
0.06719057261943817
0.06721784919500351
0.06681723892688751
0.06703504174947739
0.06679482758045197
0.0671326071023941
0.06704992055892944
0.06736740469932556
0.06713429093360901
0.06727033853530884
0.06670765578746796
0.06632790714502335
0.06586211174726486
0.06480959802865982
0.06436154991388321
0.06313923746347427
0.06232227385044098
0.06104125455021858
0.06001053377985954
0.05850231274962425
0.05699072778224945
0.054810550063848495
0.05290919542312622
0.050666067749261856
0.048513539135456085
0.04633529111742973
0.0436137318611145
0.04105069115757942
0.03850409388542175
0.03597754240036011
0.033913739025592804
0.0317859873175621
0.0303910244256258
0.028954094275832176
0.028113653883337975
0.02736598625779152
0.027001556009054184
0.02663656324148178
0.026742039248347282
0.02674154005944729
0.027050059288740158
0.02726026251912117
0.02744363062083721
0.027740878984332085
0.028054129332304
0.028435122221708298
0.028794823214411736
0.029085347428917885
0.029354389756917953
0.029464099556207657
0.029429230839014053
0.02923683449625969
0.02884320169687271
0.02876182273030281
0.028185008093714714
0.027549976482987404
0.026175374165177345
0.025132637470960617
0.02375890500843525
0.021967941895127296
0.020100083202123642
0.017972644418478012
0.016360877081751823
0.014605778269469738
0.013419460505247116
0.012579580768942833
0.012050149962306023
0.01203975174576044
0.011667225509881973
0.012532011605799198
0.012754418887197971
0.013203653506934643
0.013741428032517433
0.014427951537072659
0.015179354697465897
0.016056593507528305
0.01696583442389965
0.017952783033251762
0.01875194162130356
0.019565297290682793
0.020085450261831284
0.020505422726273537
0.02071419358253479
0.020755473524332047
0.020670484751462936
0.02052995376288891
0.02024422399699688
0.019946353510022163
0.019531985744833946
0.019116871058940887
0.018562596291303635
0.018139885738492012
0.017520420253276825
0.016995348036289215
0.016344314441084862
0.015678588300943375
0.015209240838885307
0.014537847600877285
0.014232131652534008
0.014220301061868668
0.014414627104997635
0.014899291098117828
0.015534508973360062
0.016332734376192093
0.017190421000123024
0.01805165782570839
0.018907664343714714
0.0197735708206892
0.020420929417014122
0.0210654865950346
0.02162729576230049
0.02226942405104637
0.022930171340703964
0.023538989946246147
0.024266108870506287
0.024791616946458817
0.025429699569940567
0.02578859031200409
0.0262101162225008
0.026175498962402344
0.02609741874039173
0.025625769048929214
0.024784768000245094
0.023776089772582054
0.02244824729859829
0.020914621651172638
0.019184863194823265
0.017418555915355682
0.015926087275147438
0.014422721229493618
0.012939965352416039
0.01144394651055336
0.009975822642445564
0.008563611656427383
0.007008006330579519
0.005372641142457724
0.003646992612630129
0.0018516085110604763
0.00016313183004967868
0.002597158309072256
0.004789039958268404
0.007161300629377365
0.009047838859260082
0.010748208500444889
0.012036887928843498
0.012917425483465195
0.013502707704901695
0.013799956999719143
0.013802945613861084
0.013726547360420227
0.013466781936585903
0.013213803060352802
0.012837167829275131
0.012437494471669197
0.011919270269572735
0.011347437277436256
0.010680091567337513
0.010423688217997551
0.009009982459247112
0.008540698327124119
0.007866378873586655
0.007381341885775328
0.006733608897775412
0.006422910839319229
0.00610218895599246
0.00614004535600543
0.006172298453748226
0.006426024250686169
0.006627199240028858
0.00689281802624464
0.007160428911447525
0.007191934622824192
0.007261794526129961
0.007372251246124506
0.0074616000056266785
0.007911582477390766
0.008009088225662708
0.009296335279941559
0.010095618665218353
0.01125204935669899
0.012307362630963326
0.013725364580750465
0.014915852807462215
0.016158394515514374
0.017451681196689606
0.018880579620599747
0.020328467711806297
0.02185063622891903
0.023016158491373062
0.02433939278125763
0.024958111345767975
0.026118090376257896
0.02685585804283619
0.027462434023618698
0.028145408257842064
0.02871338091790676
0.029251093044877052
0.02983313798904419
0.030159464105963707
0.030732853338122368
0.03095743991434574
0.031391795724630356
0.03151775524020195
0.03161831200122833
0.03151121735572815
0.031227167695760727
0.030724946409463882
0.03000037930905819
0.028973769396543503
0.02775358036160469
0.026243552565574646
0.024534903466701508
0.02280321530997753
0.02085428684949875
0.019103670492768288
0.017132515087723732
0.015464959666132927
0.013549406081438065
0.012049526907503605
0.010524368844926357
0.009460213594138622
0.008733654394745827
0.008147376589477062
0.00800634827464819
0.008026895113289356
0.008498981595039368
0.009121373295783997
0.010151593945920467
0.011244826018810272
0.012694769538939
0.014210027642548084
0.015692658722400665
0.017237180843949318
0.018795713782310486
0.020383134484291077
0.021978963166475296
0.023695021867752075
0.025472411885857582
0.027413494884967804
0.02943265624344349
0.031212909147143364
0.03293413668870926
0.03442791476845741
0.03586166724562645
0.03728826344013214
0.038600292056798935
0.03983984515070915
0.040855370461940765
0.041807763278484344
0.042533013969659805
0.04319114610552788
0.043676555156707764
0.044039927423000336
0.044338732957839966
0.04452857747673988
0.04471200704574585
0.04482806473970413
0.045008257031440735
0.04517051950097084
0.04548582434654236
0.04580075666308403
0.046027395874261856
0.04656025394797325
0.046822261065244675
0.046944670379161835
0.04705139249563217
0.04702075570821762
0.04693209379911423
0.04672587662935257
0.0463450662791729
0.045906852930784225
0.04544609785079956
0.04493366554379463
0.04433991760015488
0.04370307922363281
0.04299968108534813
0.04218165576457977
0.04126114398241043
0.04024835675954819
0.03924478590488434
0.03847520053386688
0.03763806074857712
0.03678940236568451
0.03581590577960014
0.034978389739990234
0.03425830602645874
0.03384443745017052
0.03345310688018799
0.03320268169045448
0.03307018429040909
0.03310125321149826
0.03323007747530937
0.03343281149864197
0.03369257599115372
0.03386946767568588
0.033673834055662155
0.033860936760902405
0.03403621166944504
0.03420276567339897
0.03425046056509018
0.03430263698101044
0.034210674464702606
0.03410327062010765
0.03393658995628357
0.033779434859752655
0.033432312309741974
0.033191971480846405
0.03295399993658066
0.03272075951099396
0.032489072531461716
0.03230477124452591
0.032131243497133255
0.03202887997031212
0.031980935484170914
0.03203778341412544
0.03221019357442856
0.032505448907613754
0.0329747349023819
0.03355652838945389
0.034217771142721176
0.03490498289465904
0.035728298127651215
0.03647901490330696
0.03727182373404503
0.037934377789497375
0.038504403084516525
0.03903234004974365
0.03951768949627876
0.03997894003987312
0.04043533653020859
0.04090462252497673
0.0414816215634346
0.04212518408894539
0.04262734204530716
0.04312445968389511
0.043691810220479965
0.044178903102874756
0.04462209716439247
0.04489481449127197
0.04508870467543602
0.045077744871377945
0.04499094933271408
0.04475447162985802
0.04436805844306946
0.04392803832888603
0.04336953163146973
0.042800500988960266
0.04221409559249878
0.04160826653242111
0.04096520319581032
0.0403459258377552
0.039747629314661026
0.039158549159765244
0.038583915680646896
0.03794950619339943
0.03730519860982895
0.03662683069705963
0.03607025370001793
0.035479553043842316
0.03505335748195648
0.034708600491285324
0.03448077663779259
0.03431982547044754
0.034215591847896576
0.03415575623512268
0.03419840708374977
0.03428688645362854
0.034420378506183624
0.03460530564188957
0.03478892147541046
0.03503037989139557
0.03524525463581085
0.03545383736491203
0.03569149971008301
0.03601546213030815
0.03622647374868393
0.03637366741895676
0.036546073853969574
0.03670758754014969
0.036791518330574036
0.03687676042318344
0.03695819899439812
0.03724094107747078
0.037276867777109146
0.03734317794442177
0.03711871802806854
0.03716809302568436
0.03730003163218498
0.03742200508713722
0.0375715009868145
0.03769683837890625
0.03784869983792305
0.037975721061229706
0.03817490115761757
0.03827271983027458
0.038463059812784195
0.038634661585092545
0.03889286890625954
0.0391581766307354
0.039473794400691986
0.039868421852588654
0.04041491448879242
0.040995463728904724
0.041687965393066406
0.04242081195116043
0.043191954493522644
0.043880969285964966
0.04452907294034958
0.04510725662112236
0.04564335197210312
0.046036362648010254
0.04643559828400612
0.046721890568733215
0.04692487046122551
