0.9845279455184937
0.9316806793212891
0.9454680681228638
0.9565092325210571
0.9653477668762207
0.972417950630188
0.9780713319778442
0.982590913772583
0.9862039089202881
0.9890919327735901
0.991400420665741
0.9932454824447632
0.9947196245193481
0.9958969950675964
0.9968363642692566
0.9975845813751221
0.9981786012649536
0.9986468553543091
0.9990108013153076
0.9992843270301819
0.9994733333587646
0.9995778203010559
0.9996054768562317
0.9995832443237305
0.9995403289794922
0.9994936585426331
0.9994502663612366
0.9994124174118042
0.9993802905082703
0.9993534088134766
0.9993310570716858
0.9993124008178711
0.9992967247962952
0.9992833137512207
0.9992716908454895
0.9992611408233643
0.9992513656616211
0.9992417693138123
0.9992320537567139
0.9992218017578125
0.99921053647995
0.9991978406906128
0.9991831183433533
0.999165952205658
0.9991455078125
0.9991210699081421
0.9990915060043335
0.9990553855895996
0.9990110993385315
0.9989562630653381
0.9988877177238464
0.9988011717796326
0.9986905455589294
0.9985468983650208
0.998356819152832
0.9980984926223755
0.9977354407310486
0.9972010254859924
0.9963635206222534
0.9949361681938171
0.9922668933868408
0.987345814704895
0.9815694689750671
0.9770343899726868
0.9720649123191833
0.9656206369400024
0.9586493372917175
0.9516512155532837
0.9449197053909302
0.9385078549385071
0.9338322877883911
0.9324086308479309
0.9330095052719116
0.9345101118087769
0.9361115097999573
0.937550961971283
0.9387723207473755
0.9397845268249512
0.9406141638755798
0.9412899017333984
0.9418385624885559
0.9422833323478699
0.9426438808441162
0.9429367780685425
0.943175733089447
0.9433721303939819
0.9435352087020874
0.9436727166175842
0.9437912106513977
0.9438959360122681
0.9439911842346191
0.9440801739692688
0.9441653490066528
0.9442479610443115
0.9443275332450867
0.9444021582603455
0.9444678425788879
0.9445186853408813
0.9445470571517944
0.9445437788963318
0.9444898962974548
0.9443842172622681
0.9442629218101501
0.9441629648208618
0.9440635442733765
0.9439677000045776
0.9438783526420593
0.9437971115112305
0.9437233805656433
0.9436563849449158
0.9435946941375732
0.9435371160507202
0.9434823989868164
0.9434295892715454
0.9433780312538147
0.9433271288871765
0.9432759284973145
0.9432229399681091
0.9431654214859009
0.9430994391441345
0.9430197477340698
0.9429208040237427
0.9427940845489502
0.9426266551017761
0.9423972368240356
0.9420501589775085
0.9415148496627808
0.9405400156974792
0.9393481612205505
0.9386159181594849
0.9375757575035095
0.9357985854148865
0.9333825707435608
0.9300316572189331
0.9251050353050232
0.9163143634796143
0.9087704420089722
0.8982445597648621
0.8912944793701172
0.8849360942840576
0.8829174637794495
0.8813672065734863
0.8809301853179932
0.8814993500709534
0.8816695213317871
0.882495105266571
0.8828597068786621
0.8834229707717896
0.8836654424667358
0.8840084075927734
0.8840312957763672
0.8841661214828491
0.8840116858482361
0.8839468955993652
0.8838518261909485
0.8835874795913696
0.8832364678382874
0.8827496767044067
0.88210129737854
0.8814595341682434
0.8805021047592163
0.8799445629119873
0.8782790303230286
0.877291202545166
0.8746340274810791
0.8735871315002441
0.871618926525116
0.8703075051307678
0.8674368262290955
0.8651309013366699
0.8616881966590881
0.8583226203918457
0.8539782762527466
0.8502646088600159
0.8467297554016113
0.843434751033783
0.8414131999015808
0.83929842710495
0.8396469950675964
0.8386592268943787
0.8418167233467102
0.840387761592865
0.8375924229621887
0.8390874862670898
0.8365275263786316
0.8325910568237305
0.8270168304443359
0.8204801678657532
0.8150191307067871
0.8085602521896362
0.8042279481887817
0.7998279333114624
0.7961920499801636
0.7922661304473877
0.7877985239028931
0.7833847403526306
0.7770305275917053
0.7695275545120239
0.7649058103561401
0.7584419250488281
0.7516964077949524
0.7449703812599182
0.738582193851471
0.731241762638092
0.7262008786201477
0.7199289798736572
0.7171935439109802
0.7134445905685425
0.7124406695365906
0.7112017273902893
0.7108213901519775
0.7099792957305908
0.7093068957328796
0.7084081768989563
0.7070869207382202
0.7034897208213806
0.6999189853668213
0.691300094127655
0.6863188147544861
0.6815072894096375
0.6774239540100098
0.6716791391372681
0.6678828597068787
0.6630600094795227
0.6576976180076599
0.6538659334182739
0.6483134031295776
0.6451677083969116
0.6419066786766052
0.6392994523048401
0.6370936632156372
0.6345077157020569
0.6325950026512146
0.6295842528343201
0.6272092461585999
0.6226596236228943
0.6187924742698669
0.6121435761451721
0.605513870716095
0.5978979468345642
0.5891247987747192
0.5797773599624634
0.5695443153381348
0.5597677826881409
0.5489383339881897
0.5410482287406921
0.5305262804031372
0.5265436172485352
0.5235809683799744
0.5220914483070374
0.5214813351631165
0.5213998556137085
0.5215567350387573
0.52315354347229
0.52439945936203
0.5260120034217834
0.5292230844497681
0.5341069102287292
0.5398452877998352
0.5454825758934021
0.5519944429397583
0.5574868321418762
0.5627304911613464
0.5653806924819946
0.5703468918800354
0.5714046955108643
0.5719414949417114
0.5709678530693054
0.5684197545051575
0.5627269148826599
0.5566633343696594
0.5488302111625671
0.5393415689468384
0.5254927277565002
0.5098644495010376
0.4941486716270447
0.47710394859313965
0.46270084381103516
0.4489351212978363
0.4378224313259125
0.42622363567352295
0.4148024022579193
0.4039584994316101
0.39749273657798767
0.39263346791267395
0.3888394832611084
0.3857079744338989
0.38423654437065125
0.38341858983039856
0.38379329442977905
0.38389384746551514
0.3850395083427429
0.3848153352737427
0.3854055404663086
0.3848388195037842
0.3844588100910187
0.3827746510505676
0.38024553656578064
0.37545880675315857
0.36994022130966187
0.3628719449043274
0.3558994233608246
0.3480878472328186
0.3342488408088684
0.3229973614215851
0.31109482049942017
0.2910515367984772
0.27983471751213074
0.2676713764667511
0.2562284767627716
0.2401626855134964
0.2255767583847046
0.2095573991537094
0.1958753764629364
0.18218755722045898
0.17341922223567963
0.1658356487751007
0.15992698073387146
0.15565913915634155
0.15294785797595978
0.15106773376464844
0.15090958774089813
0.1501302868127823
0.15165625512599945
0.15235590934753418
0.15365393459796906
0.1552017480134964
0.15660598874092102
0.1586955189704895
0.16045111417770386
0.16262836754322052
0.16452504694461823
0.16637161374092102
0.16789640486240387
0.16904835402965546
0.16966140270233154
0.16978636384010315
0.1686333566904068
0.16765232384204865
0.16452161967754364
0.16276291012763977
0.1569824516773224
0.15407919883728027
0.1509275734424591
0.14770597219467163
0.14384803175926208
0.14050264656543732
0.13642771542072296
0.13268053531646729
0.12801900506019592
0.12354204058647156
0.11824759840965271
0.1131281852722168
0.10810428857803345
0.10331443697214127
0.09726859629154205
0.09303177893161774
0.08886799216270447
0.08536800742149353
0.08089159429073334
0.07807856798171997
0.07663752883672714
0.07538788765668869
0.07534940540790558
0.07527170330286026
0.07553153485059738
0.07601077854633331
0.07625603675842285
0.07672413438558578
0.07668939232826233
0.07696764916181564
0.07682749629020691
0.0767204612493515
0.0764545351266861
0.0759597197175026
0.07542107254266739
0.07450641691684723
0.07375619560480118
0.07255998253822327
0.07163068652153015
0.07022395730018616
0.06913097202777863
0.06763514131307602
0.06625748425722122
0.06460057944059372
0.06290251016616821
0.060992561280727386
0.05888417735695839
0.056571878492832184
0.05396444350481033
0.05118441581726074
0.04826740920543671
0.04529840871691704
0.04257117956876755
0.03989793732762337
0.03711037337779999
0.034236326813697815
0.03084791824221611
0.028236936777830124
0.025064395740628242
0.022436106577515602
0.018701942637562752
0.016155218705534935
0.013891173526644707
0.01323596853762865
0.012613140977919102
0.01381919626146555
0.015397278591990471
0.018308434635400772
0.021203963086009026
0.0240690428763628
0.026836680248379707
0.0292755626142025
0.03157123923301697
0.03328767418861389
0.03481314331293106
0.035895105451345444
0.036680255085229874
0.03713054955005646
0.037153273820877075
0.036889273673295975
0.03611116111278534
0.03507309406995773
0.03354861959815025
0.03185398131608963
0.02935015596449375
0.027160266414284706
0.025273852050304413
0.022715795785188675
0.020139247179031372
0.01701819896697998
0.014253114350140095
0.0107912328094244
0.008158584125339985
0.0046245381236076355
0.0026182658039033413
0.00014314506552182138
0.0010890606790781021
0.0027012014761567116
0.004061858169734478
0.004888351075351238
0.005457257851958275
0.005528114270418882
0.005900017451494932
0.005404457915574312
0.0053687808103859425
0.004966118838638067
0.004561776295304298
0.004352569114416838
0.003958935383707285
0.0038932468742132187
0.0037654810585081577
0.003861803561449051
0.004122814629226923
0.004456176422536373
0.004904851317405701
0.00543963722884655
0.005942730698734522
0.006548373028635979
0.007009874563664198
0.0074506415985524654
0.007777465507388115
0.007957284338772297
0.008115310221910477
0.00809476338326931
0.008205343969166279
0.008019672706723213
0.008014006540179253
0.007589864078909159
0.007313349284231663
0.006736721843481064
0.0062536150217056274
0.005421580281108618
0.004905099980533123
0.00414859177544713
0.0035816775634884834
0.0029355634469538927
0.0025003377813845873
0.002020655432716012
0.0017749614780768752
0.0014959562104195356
0.0015000656712800264
0.0015039260033518076
0.0018190444679930806
0.0021868383046239614
0.0028721163980662823
0.0038255660329014063
0.0053793033584952354
0.007326486986130476
0.009136316366493702
0.01120360754430294
0.012947561219334602
0.015141123905777931
0.016275450587272644
0.018698643893003464
0.019688516855239868
0.021547099575400352
0.022445257753133774
0.02331172488629818
0.02399507351219654
0.024319220334291458
0.024608561769127846
0.024631785228848457
0.0245685875415802
0.02442556619644165
0.024128692224621773
0.023680390790104866
0.023049406707286835
0.02238268405199051
0.021389197558164597
0.020804164931178093
0.019532546401023865
0.018249843269586563
0.017044100910425186
0.015789542347192764
0.014745810069143772
0.013829158619046211
0.013137778267264366
0.012781130149960518
0.012514639645814896
0.012621359899640083
0.012802548706531525
0.013374256901443005
0.01402560155838728
0.0148578230291605
0.01581644080579281
0.016930656507611275
0.018147731199860573
0.019391018897294998
0.02079395391047001
0.02210187166929245
0.023743774741888046
0.025221364572644234
0.026892779394984245
0.028155619278550148
0.029644478112459183
0.030487969517707825
0.03155990689992905
0.03198741376399994
0.032663412392139435
0.03280319646000862
0.033039551228284836
0.03295866772532463
0.033118437975645065
0.03295430913567543
0.03288021683692932
0.03266752138733864
0.0324399471282959
0.03225128725171089
0.03198056295514107
0.03191331773996353
0.03171706199645996
0.031632132828235626
0.0312536284327507
0.031014660373330116
0.030659569427371025
0.030374648049473763
0.029820498079061508
0.029366344213485718
0.028781872242689133
0.02816520817577839
0.02764841727912426
0.02724737487733364
0.026710471138358116
0.026151277124881744
0.02595178410410881
0.02557826228439808
0.02565920539200306
0.02565889246761799
0.025936217978596687
0.026158001273870468
0.026514962315559387
0.026812147349119186
0.027170415967702866
0.02745595946907997
0.02780233323574066
0.028047965839505196
0.02841719053685665
0.028628889471292496
0.02900620922446251
0.029203025624155998
0.02946397475898266
0.029660604894161224
0.029904866591095924
0.030222661793231964
0.030428258702158928
0.030649233609437943
0.030846547335386276
0.031045543029904366
0.031050587072968483
0.031046228483319283
0.030923942103981972
0.0308818519115448
0.0306993555277586
0.030469227582216263
0.03017316199839115
0.02994788996875286
0.02952984906733036
0.02958439290523529
0.02894880250096321
0.029187895357608795
0.02897806651890278
0.028949735686182976
0.02877589501440525
0.028794262558221817
0.028736107051372528
0.028804348781704903
0.028836539015173912
0.029006458818912506
0.029148980975151062
0.02936391532421112
0.029663966968655586
0.029986431822180748
0.030560070648789406
0.03110450692474842
0.03241360932588577
0.03314633294939995
0.03385452553629875
0.03401734307408333
0.03463400900363922
0.03505684435367584
0.035793550312519073
0.036209847778081894
0.03689836338162422
0.037547219544649124
0.038090597838163376
0.038653403520584106
0.03912430629134178
0.039818175137043
0.04031672328710556
0.04078943282365799
0.04130815342068672
0.041951216757297516
0.042099032551050186
0.04262460395693779
0.04245014116168022
0.04272995516657829
0.04239005595445633
0.04234534874558449
0.04175645485520363
0.041288916021585464
0.04048975557088852
0.039920661598443985
0.039243850857019424
0.03866635262966156
0.03809227794408798
0.03744747117161751
0.037063490599393845
0.03655373305082321
0.03633973374962807
0.03606253117322922
0.03590108081698418
0.03574343025684357
0.0356745645403862
0.03573259338736534
0.035826802253723145
0.03601807728409767
0.03625611215829849
0.03647409752011299
0.03682651370763779
0.03708354011178017
0.03739243000745773
0.03764154762029648
0.037983380258083344
0.038277264684438705
0.038553155958652496
0.03887568414211273
0.039054010063409805
0.03931558132171631
0.03956681489944458
0.03996175527572632
0.040382787585258484
0.0409579798579216
0.04142589494585991
0.041956011205911636
0.042327042669057846
0.04283785820007324
0.04314868152141571
0.043597105890512466
0.04387206584215164
0.044228650629520416
0.04448461905121803
0.04476679861545563
0.04507612809538841
0.045371633023023605
0.04575144127011299
0.04610161483287811
0.046490516513586044
0.0467500314116478
0.04706795513629913
0.0472734235227108
0.04741327092051506
0.04738898575305939
0.047209665179252625
0.046978168189525604
0.04650159925222397
0.04616176337003708
0.0456186942756176
0.045229170471429825
0.04475932568311691
0.04432602971792221
0.04377088323235512
0.04325950890779495
0.042773786932229996
0.0422695130109787
0.041811246424913406
0.041346821933984756
0.04090910404920578
0.04047064110636711
0.040068354457616806
0.03961233049631119
0.03919073939323425
0.03868453577160835
0.038189347833395004
0.03766533359885216
0.0371997244656086
0.03676910325884819
0.036277033388614655
0.03587019816040993
0.035469964146614075
0.035245005041360855
0.03477348014712334
0.03475666791200638
0.03483648970723152
0.035092271864414215
0.03551778569817543
0.036208417266607285
0.03698597103357315
0.0378485769033432
0.03872064873576164
0.03960959240794182
0.040406011044979095
0.04121438413858414
0.04192456975579262
0.04253755882382393
0.0430552214384079
0.043922994285821915
0.04426638409495354
0.04466879367828369
0.04465397447347641
0.04513353481888771
0.04511597380042076
0.045210618525743484
0.045330289751291275
0.045310862362384796
0.04528035223484039
0.045280974358320236
0.04508521780371666
0.045005396008491516
0.04484238848090172
0.04466468468308449
0.04451251029968262
0.04424359276890755
0.04395661875605583
0.04353621229529381
0.04318796843290329
0.04273269325494766
0.0423794686794281
0.041993867605924606
0.04162545129656792
0.041347816586494446
0.041055548936128616
0.0408853180706501
0.040706124156713486
0.0405750572681427
0.040436893701553345
0.040415722876787186
0.04032238945364952
0.040321145206689835
0.04033123329281807
0.04038446769118309
0.04046802595257759
0.0405639111995697
0.0407111681997776
0.040845658630132675
0.04102553799748421
0.041178397834300995
0.04137147590517998
0.041498370468616486
0.04172762855887413
0.04184897989034653
0.041981041431427
0.04210476204752922
0.04223140701651573
0.04233681783080101
0.04243762418627739
0.042500074952840805
0.04259191453456879
0.042591292411088943
0.042637553066015244
0.04260331019759178
0.042601753026247025
0.04255922511219978
0.04253207892179489
0.04248363897204399
0.04244241863489151
0.042400140315294266
0.04234977066516876
0.04232336953282356
0.04229416698217392
