0.0006149258697405457
0.0006101110484451056
0.0006110052345320582
0.0006117618177086115
0.0006122433114796877
0.0006126560037955642
0.0006130687543191016
0.0006132062990218401
0.0006134814466349781
0.0006136189913377166
0.0006137565360404551
0.0006138941389508545
0.0006138941389508545
0.0006139629404060543
0.0006139629404060543
0.0006139629404060543
0.0006141004851087928
0.0006141004851087928
0.0006141004851087928
0.0006141004851087928
0.0006142380298115313
0.0006142380298115313
0.0006142380298115313
0.0006142380298115313
0.0006142380298115313
0.0006142380298115313
0.000614306831266731
0.0006143756327219307
0.0006143756327219307
0.0006143756327219307
0.0006143756327219307
0.0006143756327219307
0.0006143756327219307
0.0006143756327219307
0.0006143756327219307
0.0006143756327219307
0.0006143756327219307
0.0006143756327219307
0.0006145131774246693
0.0006145131774246693
0.0006145131774246693
0.0006145131774246693
0.0006146507221274078
0.0006147883250378072
0.0006149258697405457
0.0006150634726509452
0.0006154761649668217
0.0006158200558274984
0.0006162327481433749
0.0006169205880723894
0.0006178835756145418
0.0006192592554725707
0.0006211851723492146
0.0006237301859073341
0.0006274445331655443
0.0006328096496872604
0.0006405134336091578
0.000651793903671205
0.000668783497530967
0.0006951276445761323
0.0007363290642388165
0.0007951390580274165
0.0008576633990742266
0.0009098013979382813
0.0009596695890650153
0.0010145589476451278
0.0010718556586652994
0.0011259884340688586
0.001164163346402347
0.0011824598768725991
0.0011745496885851026
0.0011479303939267993
0.0011133322259411216
0.0010782525641843677
0.001045786659233272
0.0010166224092245102
0.0009904158068820834
0.0009668918792158365
0.0009452250087633729
0.0009251401643268764
0.0009062246535904706
0.0008878594380803406
0.0008696317672729492
0.0008512665517628193
0.0008320758934132755
0.0008115095552057028
0.0007890173001214862
0.000763980089686811
0.0007363290642388165
0.0007061330252327025
0.0006751803448423743
0.0006399631383828819
0.0006121057667769492
0.0005911955377086997
0.0005739308544434607
0.0005596238188445568
0.0005481369444169104
0.0005387135897763073
0.0005314912996254861
0.0005256446893326938
0.0005214489065110683
0.0005182848544791341
0.000516427680850029
0.0005155334947630763
0.0005152583471499383
0.0005157398409210145
0.0005168403731659055
0.0005182160530239344
0.0005194541881792247
0.0005219991435296834
0.0005218615988269448
0.0005322479410097003
0.0005350680439732969
0.0005410522571764886
0.0005550840869545937
0.0005819785292260349
0.0006266878917813301
0.0006996673764660954
0.0008849017322063446
0.0010417972225695848
0.0010979934595525265
0.0012556456495076418
0.0013635671930387616
0.0014747215900570154
0.001499071018770337
0.0015427486505359411
0.0015194310108199716
0.0015081504825502634
0.0014780232449993491
0.001445419737137854
0.0014012606116011739
0.001348641118966043
0.0012828839244320989
0.001205158419907093
0.0011145704193040729
0.0010152467293664813
0.000916610995773226
0.000814948754850775
0.0007377046858891845
0.0006750428001396358
0.0006297831423580647
0.0005933278007432818
0.0005682217888534069
0.0005476554506458342
0.0005343114607967436
0.0005233748233877122
0.0005171155207790434
0.0005124382441863418
0.0005108562181703746
0.0005105810705572367
0.0005129884812049568
0.0005173218669369817
0.0005250256508588791
0.0005338299670256674
0.0005440099630504847
0.0005539835547097027
0.0005644386983476579
0.0005747562390752137
0.0005854864721186459
0.0005962167051620781
0.0006073596887290478
0.0006187777617014945
0.0006306085851974785
0.000642370549030602
0.0006543389172293246
0.0006657569902017713
0.0006762121338397264
0.0006850851932540536
0.0006921699387021363
0.000698704388923943
0.0007060642237775028
0.000709503423422575
0.0007096409681253135
0.0007073023589327931
0.0006987731903791428
0.0006858418346382678
0.0006676141638308764
0.0006440213765017688
0.0006154761649668217
0.0005850737798027694
0.0005570788052864373
0.0005374067113734782
0.000512919737957418
0.000495104759465903
0.0004928348935209215
0.0005023270496167243
0.0005173906683921814
0.0005433221231214702
0.000566846108995378
0.0005944971344433725
0.0006160264019854367
0.0006452594534493983
0.0006607358227483928
0.0006869423668831587
0.0007013869471848011
0.0007163130212575197
0.0007328210631385446
0.0007417629240080714
0.000747265643440187
0.0007467153482139111
0.0007436888990923762
0.0007308263448067009
0.0007237416575662792
0.0006912069511599839
0.0006938207661733031
0.0006601855275221169
0.0006434710812754929
0.0006187089602462947
0.0006093544070608914
0.0005922272684983909
0.0006084602209739387
0.0005797086632810533
0.0007571704918518662
0.0007315141847357154
0.0006705718697048724
0.0007338528521358967
0.0006982228951528668
0.0006797200767323375
0.0006610109121538699
0.0006162327481433749
0.0006326033035293221
0.0005796398618258536
0.0006645876565016806
0.0006019257707521319
0.0006797200767323375
0.0006810957565903664
0.000746440258808434
0.001073850435204804
0.001031479681842029
0.001026664860546589
0.0009962624171748757
0.0010030033299699426
0.0009635902242735028
0.0009590504923835397
0.0008969389018602669
0.0008377849590033293
0.0007423132192343473
0.0006530320388264954
0.0005188350914977491
0.00046036901767365634
0.0003659290377981961
0.0002703197824303061
0.00025972709408961236
0.00021006529277656227
8.721767517272383e-05
0.00017608616326469928
0.00016267334285657853
0.0001950016594491899
0.0002056631346931681
0.00019252544734627008
0.0004223316500429064
0.0003258969518356025
0.00033779654768295586
0.00026915044873021543
0.00026990706101059914
0.00024665819364599884
0.00025965829263441265
0.0003221826336812228
0.00030161632457748055
0.0004676600801758468
0.00043443756294436753
0.0006102485931478441
0.000672291440423578
0.0007802817854098976
0.0008302875212393701
0.0009391032508574426
0.000859451771248132
0.000987251871265471
0.0007818638114258647
0.0007795939454808831
0.0007893612491898239
0.0006920323357917368
0.0006889370852150023
0.0006240741349756718
0.0006615612073801458
0.0005478617968037724
0.0005645074415951967
0.0005281209014356136
0.0005513697979040444
0.0005722112255170941
0.0005572852096520364
0.000652069051284343
0.0006648628041148186
0.0007414190331473947
0.0007482973742298782
0.0008793302695266902
0.0007670065388083458
0.0008651608368381858
0.000878848775755614
0.000866467715241015
0.0008423246326856315
0.0007389428210444748
0.0006497991853393614
0.0004100193618796766
0.00029136755620129406
0.0001335778651991859
5.1794093451462686e-05
7.813823322067037e-05
8.336579048773274e-05
0.0001873666769824922
0.00020112341735512018
0.00020896474597975612
0.0002594519464764744
0.00020194881653878838
0.0003111772530246526
0.0002522296563256532
0.0002749282866716385
0.0002238908055005595
0.00021604946232400835
0.00017498561646789312
0.00014705945795867592
0.0001305513724219054
8.171498484443873e-05
7.318580901483074e-05
4.127019224142714e-07
1.1142952644149773e-05
5.543962834053673e-05
4.347127105575055e-05
9.20325328479521e-05
8.178376447176561e-05
0.00010964115062961355
0.0001093660102924332
0.00011266762885497883
0.0001128051953855902
0.00010255643428536132
0.00010324426693841815
7.855093281250447e-05
8.260917093139142e-05
4.574112972477451e-05
4.587869989336468e-05
2.489968392183073e-05
5.571476322074886e-06
3.5767500321526313e-06
3.7211957533145323e-05
2.6481708118808456e-05
3.618020491558127e-05
2.0979015971533954e-05
2.441819742671214e-05
1.4513351743516978e-05
1.0248764738207683e-05
5.365125161915785e-06
6.809581918787444e-06
6.3968800532165915e-06
2.221712020400446e-05
2.3867929485277273e-05
2.7169544409844093e-05
2.9370621632551774e-05
2.4486980692017823e-05
2.3042524844640866e-05
1.5338755474658683e-05
1.3619163837574888e-05
6.190529120431165e-07
1.0317548003513366e-05
1.7952534108189866e-05
1.4513351743516978e-05
2.5243602067348547e-05
9.629711712477729e-07
1.5407538739964366e-05
1.3344028957362752e-05
1.0523899618419819e-05
1.8846722014131956e-05
1.1899572200491093e-05
1.9259423424955457e-05
1.4307000128610525e-05
2.0497529476415366e-05
1.5338755474658683e-05
2.2836173229734413e-05
2.0910230887238868e-05
2.785738070087973e-05
2.675684299902059e-05
3.748709423234686e-05
4.292100129532628e-05
5.7090433983830735e-05
5.3582469263346866e-05
7.002176425885409e-05
6.919635779922828e-05
0.00010723371815402061
0.00010214372741756961
0.0001297259732382372
0.00013240853149909526
0.00016996441991068423
0.00017065224528778344
0.000186541277798824
0.00019066828826908022
0.00020800177298951894
0.0001976154453586787
0.00022994376195129007
0.0002124039310729131
0.0002337268670089543
0.00021886959439143538
0.00023902321117930114
0.00022251512564253062
0.00023475861235056072
0.00022320296557154506
0.0002302876819157973
0.0002201077004428953
0.00022334052482619882
0.00021494893007911742
0.00020738271996378899
0.00020215516269672662
0.00018475290562491864
0.0001853719586506486
0.00015324998821597546
0.00015806483861524612
0.00012835030793212354
0.00012587409582920372
9.217009937856346e-05
9.485266491537914e-05
5.667773439199664e-05
5.13126069563441e-05
2.5449951863265596e-05
3.8518846849910915e-06
1.657686152611859e-05
3.893155007972382e-05
5.6884084187913686e-05
7.077838381519541e-05
9.196374594466761e-05
9.760401007952169e-05
0.00011019141675205901
0.00011459356755949557
0.00011596924741752446
0.00011927085870411247
0.00011452478793216869
0.00011837667261715978
0.00011081046977778897
0.00010523899254621938
0.00010028656834037974
8.701132173882797e-05
7.758796709822491e-05
6.630744610447437e-05
4.732315574074164e-05
4.3058567825937644e-05
1.602659176569432e-05
1.5201188034552615e-05
5.021207016397966e-06
1.1211735909455456e-05
2.6275356503902003e-05
3.294736961834133e-05
5.6333814427489415e-05
5.9910566051257774e-05
7.325459591811523e-05
6.493177352240309e-05
8.405363041674718e-05
8.302187052322552e-05
9.058807336259633e-05
9.37521253945306e-05
9.430239151697606e-05
9.904846228891984e-05
9.443995804758742e-05
8.824942779028788e-05
9.03129403013736e-05
8.288430399261415e-05
8.811186125967652e-05
7.875728624640033e-05
8.281552436528727e-05
8.728646207600832e-05
8.604835602454841e-05
8.893726771930233e-05
8.914362115319818e-05
9.120712638832629e-05
9.189496631734073e-05
9.272036550100893e-05
9.292671893490478e-05
9.20325328479521e-05
8.907483424991369e-05
8.701132173882797e-05
8.192133100237697e-05
7.958269270602614e-05
7.346094207605347e-05
7.304824248421937e-05
6.6169879573863e-05
6.376244709827006e-05
5.874124326510355e-05
5.564597813645378e-05
5.117504042573273e-05
4.821734182769433e-05
4.2370731534902006e-05
3.507966539473273e-05
3.34976393787656e-05
1.8296452253707685e-05
1.802131737349555e-05
1.5063620594446547e-05
2.070388109132182e-05
3.225953332730569e-05
4.2852218030020595e-05
5.4545438615605235e-05
6.685771222691983e-05
7.586837455164641e-05
8.756159513723105e-05
9.045050683198497e-05
0.00010159346129512414
0.00010063048830488697
0.00010744007158791646
0.00010881574416998774
0.00010695858509279788
0.00010640831897035241
0.00010296913387719542
9.959873568732291e-05
9.787914314074442e-05
8.886848081601784e-05
8.879970118869096e-05
7.359850860666484e-05
7.174135680543259e-05
5.6333814427489415e-05
5.406395212048665e-05
4.044478919240646e-05
3.789979382418096e-05
3.8725196645827964e-05
2.8407650461304e-05
3.90003333450295e-05
2.8545216991915368e-05
4.574112972477451e-05
4.629139948519878e-05
5.372003579395823e-05
6.610109267057851e-05
6.871487130410969e-05
8.487902960041538e-05
8.742402860661969e-05
0.00010214372741756961
0.0001077152046491392
0.00012105923815397546
0.00012828152102883905
0.0001373609557049349
0.00014499595272354782
0.0001522870152257383
0.00015510714729316533
0.00015723943943157792
0.0001573082263348624
0.00015806483861524612
0.00015063620230648667
0.0001441705389879644
0.00013749852951150388
0.00012236612383276224
0.00011803275265265256
9.87733292276971e-05
9.457752457819879e-05
8.102714491542429e-05
7.297945558093488e-05
6.300582754192874e-05
4.91803148179315e-05
4.8492478526895866e-05
1.5201188034552615e-05
1.0799033589137252e-05
1.767739922797773e-05
4.5809916628059e-05
5.798462370876223e-05
7.325459591811523e-05
8.756159513723105e-05
0.00010503264638828114
0.00011383694800315425
0.00012986354704480618
0.00012869421334471554
0.00013742974260821939
0.0001311016530962661
0.00013117042544763535
0.0001229851768584922
0.00011851423914777115
0.00010909087723121047
0.00010530777944950387
9.402725845575333e-05
8.157741831382737e-05
9.574685100233182e-05
7.745039329165593e-05
8.804308163234964e-05
8.467268344247714e-05
6.575717270607129e-05
7.67625606385991e-05
6.500055314972997e-05
6.568839307874441e-05
6.48629866191186e-05
4.684166924562305e-05
5.956664608675055e-05
4.91803148179315e-05
6.19052880210802e-05
5.206922651268542e-05
6.630744610447437e-05
4.574112972477451e-05
7.091595034580678e-05
6.19052880210802e-05
6.713284528814256e-05
6.493177352240309e-05
6.809581827837974e-05
6.40375874354504e-05
7.091595034580678e-05
6.362488056765869e-05
7.119108340702951e-05
5.922272612224333e-05
8.487902960041538e-05
8.130227797664702e-05
7.703769369982183e-05
7.813823322067037e-05
7.566202111775056e-05
7.834458665456623e-05
7.834458665456623e-05
8.343457739101723e-05
8.384727698285133e-05
9.340820543002337e-05
9.272036550100893e-05
0.00010296913387719542
0.00010957236372632906
0.00011294276191620156
0.00012697462807409465
0.00012002747826045379
0.00014774729788769037
0.00013089529238641262
0.00016425536887254566
0.0001602659176569432
0.0001696892868494615
0.00016755698015913367
0.00017450413724873215
0.0001780808815965429
0.00018090101366396993
0.0001848216779762879
0.000186541277798824
0.00019156248890794814
0.00019225031428504735
0.00019617099314928055
0.00019651489856187254
0.00019919747137464583
0.00019857841834891587
0.00020064192358404398
0.00019919747137464583
0.00020160489657428116
0.00019850963144563138
0.00020022921671625227
0.00020029800361953676
0.00019823449838440865
0.00020132976351305842
0.0002010546304518357
0.00020160489657428116
0.00019864720525220037
0.00019954139133915305
0.0001950704463524744
0.00019493288709782064
0.00018984288908541203
0.0001886735699372366
0.00018427141185384244
0.00018213911971542984
0.00018007561448030174
0.00017670521629042923
0.00017477927030995488
0.00017195913824252784
0.0001700331922620535
0.00016893266001716256
0.0001670755009399727
0.00017271576507482678
0.00016982684610411525
0.0001747104834066704
0.00016597496869508177
0.00017017076606862247
0.00016514955495949835
0.00017189035133924335
0.0001700331922620535
0.0001751919771777466
0.00017498561646789312
0.00018337722576688975
0.00018172641284763813
0.00018681641086004674
0.00018578465096652508
0.00018970532983075827
0.00018936140986625105
0.00019128734129481018
0.00019149370200466365
0.00019156248890794814
0.00019541436631698161
0.0001929381542140618
0.00018812330381479114
0.0001869539701147005
0.00018571587861515582
0.00018647249089553952
0.0001882608630694449
0.00018709154392126948
0.00020126097660977393
0.00019692760542966425
0.00019452018023002893
0.0001929381542140618
0.00019108099513687193
0.00019307572802063078
0.00019376355339773
0.00019307572802063078
0.0001908058620756492
0.00020064192358404398
0.00019878476450685412
0.00019651489856187254
0.00019348842033650726
0.000189980462891981
0.00018592222477309406
0.00018303330580238253
0.00017704913625493646
0.00018351479957345873
0.00018083222676068544
0.00016652523481752723
0.00016865752695593983
0.00016466807574033737
0.00016054105071816593
0.00015710186562500894
0.00015441930736415088
0.00015125525533221662
0.00014891661703586578
0.00014609648496843874
0.0001445832458557561
0.0001421070337528363
0.0001412816345691681
0.0001420382468495518
0.00013942447549197823
0.0001419694599462673
0.00013722339645028114
0.00014657796418759972
0.0001433451398042962
0.00015290606825146824
0.00015276849444489926
0.00015297485515475273
0.00015380025433842093
0.00015380025433842093
0.00015441930736415088
0.00015414417430292815
0.00015462565352208912
0.00015366268053185195
0.0001542817335575819
0.00015373146743513644
0.00015194309526123106
0.00015153038839343935
0.0001500171492807567
0.0001487790432292968
0.00014767851098440588
0.0001458901388105005
0.00014472081966232508
0.00014217582065612078
0.0001412816345691681
0.00013853028940502554
0.00013804879563394934
0.00013598529039882123
0.0001357101573375985
0.0001357101573375985
0.00013626042346004397
0.0001365355565212667
0.00013729218335356563
0.00013811758253723383
0.00013928690168540925
0.00014031866157893091
0.00014265729987528175
0.00014355148596223444
0.0001466467510908842
0.00014898540393915027
0.0001500171492807567
0.00015297485515475273
0.00015503836038988084
0.0001581336255185306
0.00015978443843778223
0.00016508076805621386
0.00016563104873057455
0.0001674882078077644
0.00016611252794973552
0.00017010197916533798
0.00016556226182729006
0.00016755698015913367
0.000156001333380118
0.0001555198396090418
0.0001543505204608664
0.0001522182283224538
0.00015187430835794657
0.00015070498920977116
0.00014939809625502676
0.00014912296319380403
0.00014781607023905963
0.00014829756401013583
0.0001471282448619604
0.0001480224309489131
0.0001416255545336753
0.00014423932589124888
0.00014478959201369435
0.0001535251212771982
0.00015324998821597546
0.0001581336255185306
0.00015799605171196163
0.00015889025235082954
0.00015957807772792876
0.0001602659176569432
0.00016067862452473491
0.00016184794367291033
0.00016177915676962584
0.00016184794367291033
0.00016377388965338469
0.00016349875659216195
0.00016349875659216195
0.00015909659850876778
0.0001581336255185306
0.00015586375957354903
0.00015414417430292815
0.0001522870152257383
0.00014595891116186976
0.00014423932589124888
0.00014141919382382184
0.00014059379464015365
0.00013543502427637577
0.0001352286635665223
0.00013034502626396716
0.00013261489220894873
0.00012986354704480618
0.00013123921235091984
