0.9969306588172913
0.9295879006385803
0.9435995817184448
0.9548237919807434
0.9638156890869141
0.9710081219673157
0.9767565727233887
0.9813492894172668
0.9850180149078369
0.987948477268219
0.9902891516685486
0.9921585917472839
0.9936512112617493
0.9948425889015198
0.995792806148529
0.9965499043464661
0.9971523284912109
0.9976305365562439
0.9980090260505676
0.9983075857162476
0.9985419511795044
0.9987250566482544
0.9988673329353333
0.9989773631095886
0.9990620613098145
0.9991270303726196
0.9991768598556519
0.9992151856422424
0.9992446899414062
0.9992676377296448
0.9992855787277222
0.9992997646331787
0.9993112683296204
0.9993207454681396
0.9993287920951843
0.9993358254432678
0.9993422627449036
0.9993483424186707
0.9993542432785034
0.9993600845336914
0.9993659257888794
0.9993716478347778
0.9993771314620972
0.999381959438324
0.9993855953216553
0.9993873238563538
0.9993858933448792
0.9993798136711121
0.9993672966957092
0.9993461966514587
0.9993141889572144
0.9992693066596985
0.9992100596427917
0.9991358518600464
0.9990478157997131
0.9989483952522278
0.9988416433334351
0.9987313151359558
0.9986149072647095
0.9984580278396606
0.9982446432113647
0.9980828762054443
0.9977495670318604
0.9976046681404114
0.9971575736999512
0.9965875744819641
0.995690643787384
0.9945457577705383
0.9932118654251099
0.9915444254875183
0.989389181137085
0.9866896867752075
0.9834312796592712
0.9796220064163208
0.9753278493881226
0.9706657528877258
0.965734601020813
0.9603522419929504
0.9556434750556946
0.9511680006980896
0.9485434293746948
0.9467149972915649
0.9456421732902527
0.9449661374092102
0.9445412755012512
0.9442629218101501
0.9440770745277405
0.9439507722854614
0.9438637495040894
0.9438031911849976
0.9437604546546936
0.9437300562858582
0.9437083005905151
0.9436925053596497
0.9436809420585632
0.9436725378036499
0.9436664581298828
0.9436621069908142
0.9436591267585754
0.9436572790145874
0.9436566829681396
0.9436575770378113
0.9436602592468262
0.9436658024787903
0.9436755776405334
0.9436917901039124
0.9437178373336792
0.9437583684921265
0.9438194632530212
0.9439069032669067
0.9440230131149292
0.944159746170044
0.9442973732948303
0.9444125890731812
0.9444915652275085
0.944556474685669
0.9446215033531189
0.9449611902236938
0.9452682137489319
0.9449747800827026
0.9444364905357361
0.9446160793304443
0.9421271085739136
0.9395236372947693
0.9388905763626099
0.930448055267334
0.9228855967521667
0.9095120429992676
0.9000919461250305
0.8906920552253723
0.8890082240104675
0.8870231509208679
0.8874393701553345
0.8879004120826721
0.8885524868965149
0.8889439702033997
0.889246940612793
0.8892350792884827
0.8889932632446289
0.8883413672447205
0.887485921382904
0.886641263961792
0.8862276077270508
0.8857800364494324
0.8854460716247559
0.8850972056388855
0.8847989439964294
0.8844820857048035
0.8841925859451294
0.8838748335838318
0.8836459517478943
0.8832391500473022
0.8833314776420593
0.8827990293502808
0.883058488368988
0.8826048374176025
0.8829163312911987
0.8828448057174683
0.882405161857605
0.8821247816085815
0.8813174962997437
0.8813127279281616
0.8805790543556213
0.8805358409881592
0.8801815509796143
0.8801454901695251
0.8795215487480164
0.8812752366065979
0.8808502554893494
0.880504846572876
0.8799660801887512
0.8797200918197632
0.8791229724884033
0.8790072202682495
0.8783988356590271
0.8783944845199585
0.8777832388877869
0.8778880834579468
0.8775665760040283
0.8774195909500122
0.8768374919891357
0.8769628405570984
0.8763765692710876
0.8764715790748596
0.8758676648139954
0.8756725788116455
0.875236988067627
0.8750681281089783
0.8744980096817017
0.8746923208236694
0.8736634850502014
0.8741353154182434
0.873933732509613
0.8739898800849915
0.8734664916992188
0.8736034035682678
0.8734095692634583
0.8732472062110901
0.8730639815330505
0.8726400136947632
0.8724831938743591
0.8717184662818909
0.87147456407547
0.8702117800712585
0.8703019022941589
0.8681334853172302
0.8680763840675354
0.8661676645278931
0.8651215434074402
0.8645301461219788
0.8633763194084167
0.8623062968254089
0.8628942370414734
0.8624407052993774
0.8630661964416504
0.8625275492668152
0.8633449673652649
0.8633987903594971
0.8635033965110779
0.8635545372962952
0.8626894950866699
0.8624417781829834
0.8610520362854004
0.8595107197761536
0.8583142161369324
0.8523913025856018
0.8510153293609619
0.8463701605796814
0.8391181826591492
0.8264129161834717
0.8162060976028442
0.8089709877967834
0.7955260872840881
0.78359454870224
0.7731084227561951
0.7643369436264038
0.7583439350128174
0.7509641051292419
0.7436899542808533
0.735149085521698
0.7297291159629822
0.7217541337013245
0.7138155698776245
0.7045591473579407
0.6974799036979675
0.6899557113647461
0.6805778741836548
0.671611487865448
0.6620527505874634
0.652799665927887
0.6435236930847168
0.6319723129272461
0.6235655546188354
0.6102629899978638
0.6021939516067505
0.5903160572052002
0.5822664499282837
0.5718194246292114
0.5653171539306641
0.5588676333427429
0.5541738867759705
0.5524830222129822
0.5527868866920471
0.5531864762306213
0.5553815364837646
0.5555981397628784
0.5563591122627258
0.5537902116775513
0.5477643013000488
0.5460453629493713
0.5411532521247864
0.5360821485519409
0.5297545790672302
0.5226863622665405
0.5155138969421387
0.5098788142204285
0.5034012198448181
0.49631577730178833
0.48651909828186035
0.4792691171169281
0.4673539996147156
0.46133333444595337
0.4523831307888031
0.4442794620990753
0.4296761751174927
0.42228958010673523
0.4161134958267212
0.410774290561676
0.40463244915008545
0.39929845929145813
0.3957517743110657
0.3904834985733032
0.38712236285209656
0.38129669427871704
0.3768998384475708
0.3722309172153473
0.36568981409072876
0.36022037267684937
0.35605451464653015
0.35036998987197876
0.3450402021408081
0.3392215669155121
0.33602723479270935
0.33315593004226685
0.33146288990974426
0.32890185713768005
0.32785287499427795
0.3254643678665161
0.32392963767051697
0.3232647180557251
0.32150617241859436
0.32080161571502686
0.3192872107028961
0.3179859519004822
0.31601473689079285
0.31354260444641113
0.31105050444602966
0.30693820118904114
0.30407044291496277
0.2979309558868408
0.2946341335773468
0.29034414887428284
0.2867122292518616
0.2816726267337799
0.2768639922142029
0.2702920138835907
0.2634362280368805
0.2554304599761963
0.24554777145385742
0.2378005087375641
0.22915688157081604
0.22272270917892456
0.21577061712741852
0.210664764046669
0.20628100633621216
0.20243501663208008
0.19932174682617188
0.1960936188697815
0.19374196231365204
0.19137106835842133
0.18904146552085876
0.18769262731075287
0.1837134063243866
0.18288709223270416
0.17932559549808502
0.17790615558624268
0.17576271295547485
0.1747327446937561
0.1735486090183258
0.1734599471092224
0.1726672649383545
0.17346735298633575
0.17298953235149384
0.17366671562194824
0.17345334589481354
0.17385469377040863
0.17331673204898834
0.17312677204608917
0.1721569448709488
0.1707601100206375
0.16819003224372864
0.16468077898025513
0.1603238433599472
0.15377697348594666
0.14702853560447693
0.1389073133468628
0.1306271255016327
0.12217515707015991
0.11374317109584808
0.10713116079568863
0.10024289041757584
0.09563124179840088
0.09168382734060287
0.0881522074341774
0.08610701560974121
0.08374596387147903
0.08249670267105103
0.08104787766933441
0.0799095630645752
0.0785248726606369
0.07687325775623322
0.07485378533601761
0.07240381836891174
0.06965268403291702
0.06736011803150177
0.06483686715364456
0.06265096366405487
0.06037882715463638
0.05797381326556206
0.05622631311416626
0.054519589990377426
0.05237945169210434
0.05016596242785454
0.0476190522313118
0.04494250938296318
0.042419444769620895
0.03962036222219467
0.037399716675281525
0.03483717516064644
0.032992228865623474
0.030831728130578995
0.029249973595142365
0.02762189321219921
0.026559978723526
0.025328271090984344
0.024395368993282318
0.023399269208312035
0.022374775260686874
0.021884072571992874
0.020527152344584465
0.02024148404598236
0.01951231062412262
0.01931648887693882
0.019057346507906914
0.01905149407684803
0.01994790881872177
0.020593712106347084
0.021357256919145584
0.022185182198882103
0.02302555926144123
0.024338334798812866
0.025130022317171097
0.02540784515440464
0.026094991713762283
0.02654385194182396
0.026632267981767654
0.027096383273601532
0.026655055582523346
0.026796706020832062
0.026316463947296143
0.026297099888324738
0.024165241047739983
0.02352292463183403
0.02286180481314659
0.024111568927764893
0.023275239393115044
0.022502416744828224
0.021089209243655205
0.019846605136990547
0.018604500219225883
0.01725997030735016
0.016205528751015663
0.015093990601599216
0.014256787486374378
0.013411428779363632
0.012765439227223396
0.012064594775438309
0.01181802898645401
0.01133697759360075
0.010596346110105515
0.00962670799344778
0.009184570983052254
0.008585653267800808
0.0082166763022542
0.008220038376748562
0.008987629786133766
0.009406106546521187
0.010252461768686771
0.010521567426621914
0.011145017109811306
0.010976593010127544
0.01124725490808487
0.01059404294937849
0.010680277831852436
0.010847892612218857
0.010388011112809181
0.010134907439351082
0.009285376407206059
0.008817151188850403
0.008243076503276825
0.0076334490440785885
0.007155821193009615
0.006810255814343691
0.006748987827450037
0.007012053392827511
0.007335141766816378
0.007867872714996338
0.00829892698675394
0.008838880807161331
0.009321365505456924
0.009853847324848175
0.010383838787674904
0.010956855490803719
0.011561376973986626
0.012249830178916454
0.012885297648608685
0.013464851304888725
0.014270486310124397
0.014810999855399132
0.015338252298533916
0.015981439501047134
0.01601269654929638
0.016294939443469048
0.015919985249638557
0.01566009595990181
0.015021141618490219
0.0142658781260252
0.013650772161781788
0.01245436817407608
0.011679367162287235
0.01017376035451889
0.009112282656133175
0.00718327984213829
0.005775177851319313
0.004041186533868313
0.002395547227934003
0.0008325327071361244
0.00100612489040941
0.0025043226778507233
0.003602287033572793
0.004717187024652958
0.0056302896700799465
0.004573232494294643
0.005468340590596199
0.005485401023179293
0.005357012618333101
0.00518242409452796
0.00485958531498909
0.004528215620666742
0.0041930484585464
0.003828928107395768
0.003569100284948945
0.003292461158707738
0.0027866901364177465
0.002694165799766779
0.0021872117649763823
0.0020512270275503397
0.001761823776178062
0.0017402181401848793
0.001815682160668075
0.0020624345634132624
0.0025848301593214273
0.003104423638433218
0.0038036489859223366
0.00456208735704422
0.004873968195170164
0.005984634160995483
0.006481937598437071
0.008221408352255821
0.009102756157517433
0.010716142132878304
0.012169758789241314
0.013751515187323093
0.015221071429550648
0.016977041959762573
0.018384646624326706
0.019741006195545197
0.02068592607975006
0.02170039340853691
0.022381002083420753
0.022948600351810455
0.023616693913936615
0.023883558809757233
0.024484843015670776
0.02441597916185856
0.02524072863161564
0.025345955044031143
0.025429388508200645
0.025473346933722496
0.02550516277551651
0.025451242923736572
0.02538972534239292
0.02516240067780018
0.024970626458525658
0.024809861555695534
0.02457001991569996
0.02431068941950798
0.023852799087762833
0.02349870465695858
0.023048721253871918
0.022649982944130898
0.02231612242758274
0.0218355692923069
0.021525805816054344
0.02116255648434162
0.021074390038847923
0.02092638984322548
0.020658031105995178
0.020607223734259605
0.020625965669751167
0.02045642025768757
0.0204844381660223
0.02061948925256729
0.02094320021569729
0.021287521347403526
0.02165381982922554
0.022288229316473007
0.02295028232038021
0.02354421839118004
0.02420639805495739
0.025115391239523888
0.026186954230070114
0.02742519974708557
0.028843512758612633
0.030305098742246628
0.0319928303360939
0.03335995972156525
0.03483213111758232
0.03600475192070007
0.037242498248815536
0.038071732968091965
0.03858908265829086
0.038709625601768494
0.03877294808626175
0.03864194452762604
0.038207218050956726
0.03730787709355354
0.03651674836874008
0.03530241176486015
0.03451358899474144
0.03367669880390167
0.032594550400972366
0.03172895312309265
0.03047645092010498
0.029665399342775345
0.028556475415825844
0.028053008019924164
0.02701905183494091
0.028182892128825188
0.02751075103878975
0.02691619098186493
0.026582393795251846
0.02617674320936203
0.026187825947999954
0.026140008121728897
0.02629018947482109
0.026339812204241753
0.026682015508413315
0.0268901027739048
0.027374953031539917
0.027825558558106422
0.028549501672387123
0.029208317399024963
0.030357712879776955
0.031222373247146606
0.0323651060461998
0.033268433064222336
0.034273747354745865
0.03512122482061386
0.03606085106730461
0.0369398333132267
0.037808291614055634
0.0383918322622776
0.03891410306096077
0.03914964571595192
0.039534375071525574
0.039731938391923904
0.03983598202466965
0.04011523723602295
0.04028845578432083
0.04034673422574997
0.04026180878281593
0.04009213671088219
0.039908334612846375
0.03955068811774254
0.03924684226512909
0.03869997709989548
0.03826001659035683
0.03776819258928299
0.037553571164608
0.03709275275468826
0.0365527980029583
0.036050889641046524
0.03522203117609024
0.03485977649688721
0.034421563148498535
0.03406659513711929
0.03370434418320656
0.03348000720143318
0.03327852115035057
0.03330878168344498
0.03178785741329193
0.03205721080303192
0.032555196434259415
0.03308948501944542
0.03374145179986954
0.034342363476753235
0.03496189042925835
0.03550576791167259
0.03604765236377716
0.036498814821243286
0.03695894777774811
0.03735451027750969
0.037699952721595764
0.03794172406196594
0.03821742907166481
0.03843466937541962
0.038517605513334274
0.038924314081668854
0.0389905609190464
0.03897518292069435
0.038904137909412384
0.038790132850408554
0.03864891827106476
0.03847675770521164
0.038272034376859665
0.038072291761636734
0.037825603038072586
0.03763563558459282
0.037193745374679565
0.03686293587088585
0.03646787256002426
0.036173611879348755
0.03575494885444641
0.03558795526623726
0.03526374697685242
0.03501562401652336
0.034752123057842255
0.034561220556497574
0.034271880984306335
0.034315962344408035
0.034382522106170654
0.03456875681877136
0.03478624299168587
0.035080380737781525
0.03543173521757126
0.03579523414373398
0.03616109490394592
0.03649800643324852
0.03683466836810112
0.03707967698574066
0.03702164813876152
0.037472937256097794
0.037568576633930206
0.03774907812476158
0.03783537819981575
0.03793114051222801
0.03798786178231239
0.03803468495607376
0.03810404613614082
0.03810691088438034
0.03818405419588089
0.038196444511413574
0.038311198353767395
0.038396500051021576
0.038596805185079575
0.03880862519145012
0.03914840146899223
0.03952285647392273
0.040061626583337784
0.04062013700604439
0.041449181735515594
0.04212051257491112
0.04290454462170601
0.043682657182216644
0.0444280207157135
0.045185089111328125
0.04586052894592285
0.04637022316455841
0.046957869082689285
0.04734739288687706
0.04764240235090256
0.04773567244410515
0.04778324440121651
0.04756108671426773
0.04729297757148743
0.04679000750184059
0.04629027470946312
0.04643510282039642
0.04583138972520828
0.0450378954410553
0.04408992454409599
0.04303598403930664
0.04197045788168907
0.04101844131946564
0.03826238214969635
0.03782404586672783
0.03750251233577728
0.037258125841617584
0.0371355302631855
0.037094682455062866
0.03716304898262024
0.037286147475242615
0.03756153956055641
0.03775680065155029
0.03809775784611702
0.03847557678818703
0.03895308077335358
0.039300575852394104
0.039889778941869736
0.04058408737182617
0.04115087538957596
0.041779618710279465
0.04232069104909897
0.04291606321930885
0.04340514540672302
0.043895598500967026
0.04430953040719032
0.044716738164424896
0.0450594387948513
0.04538097232580185
0.04567485675215721
0.04593661427497864
0.04618629440665245
0.04638192802667618
0.04656809940934181
0.04666423425078392
0.04674156382679939
0.04667942598462105
0.04659935459494591
