0.0006006876938045025
0.000597867532633245
0.0005983490264043212
0.000598692917264998
0.0005989680648781359
0.0005991056677885354
0.0005993807571940124
0.0005995871033519506
0.0005996559048071504
0.0005997247062623501
0.0005998622509650886
0.0005999310524202883
0.0005999310524202883
0.0006000685971230268
0.0006000685971230268
0.0006001373985782266
0.0006001373985782266
0.0006001373985782266
0.0006001373985782266
0.0006001373985782266
0.0006002062000334263
0.0006002062000334263
0.0006001373985782266
0.0006001373985782266
0.0006001373985782266
0.0006001373985782266
0.0006001373985782266
0.0006002062000334263
0.0006002062000334263
0.0006002062000334263
0.0006002062000334263
0.0006002062000334263
0.0006002062000334263
0.0006002062000334263
0.0006001373985782266
0.0006001373985782266
0.0006001373985782266
0.0006001373985782266
0.0006001373985782266
0.0006001373985782266
0.0006001373985782266
0.0006001373985782266
0.0006001373985782266
0.0006001373985782266
0.0006001373985782266
0.0006001373985782266
0.0006001373985782266
0.0006001373985782266
0.0006000685971230268
0.0005999310524202883
0.0005998622509650886
0.0005996559048071504
0.0005995871033519506
0.0005992432124912739
0.0005989680648781359
0.0005984865711070597
0.0005977299879305065
0.0005966981989331543
0.0005949786282144487
0.0005924336146563292
0.0005882378318347037
0.0005819097277708352
0.0005759255727753043
0.0005713858408853412
0.0005663646152243018
0.0005591423250734806
0.000550131662748754
0.0005392638850025833
0.0005267452215775847
0.0005164964823052287
0.0005050096078775823
0.0005012952606193721
0.0005011577159166336
0.0005031524342484772
0.0005058349925093353
0.0005084488075226545
0.0005109937628731132
0.0005134012317284942
0.000515602296218276
0.0005177345592528582
0.000519660534337163
0.0005215177079662681
0.000523168477229774
0.0005249568494036794
0.0005265388754196465
0.0005279833567328751
0.0005295653827488422
0.0005311474087648094
0.0005327981780283153
0.0005346553516574204
0.0005365813267417252
0.0005388511344790459
0.0005416712956503034
0.0005448353476822376
0.0005489623872563243
0.0005539148114621639
0.0005599677679128945
0.000567121256608516
0.0005753752775490284
0.0005839732475578785
0.0005907828453928232
0.0005964231095276773
0.0006021321169100702
0.0006044707843102515
0.0006052273674868047
0.0006048146751709282
0.0006035765982232988
0.0006017882260493934
0.0005994495586492121
0.0005967670003883541
0.0005937404930591583
0.000590301351621747
0.0005863806582055986
0.0005817721830680966
0.0005764070665463805
0.0005702165071852505
0.0005627878708764911
0.0005537772085517645
0.0005430469755083323
0.0005298405303619802
0.0005136763211339712
0.000493247585836798
0.0004673161602113396
0.00043278676457703114
0.0003851196961477399
0.0003145476512145251
0.00020112341735512018
4.058235845150193e-06
0.00020834569295402616
0.0002861400134861469
0.0003598760813474655
0.00045775523176416755
0.0005541211576201022
0.000635079515632242
0.0006918947910889983
0.0007317205308936536
0.0006837783148512244
0.0005698726163245738
0.0003483892069198191
0.00015153038839343935
5.7296783779747784e-05
0.00018578465096652508
0.00029783323407173157
0.00036909308983013034
0.0004269401542842388
0.0004715807444881648
0.0005051471525803208
0.0005337611655704677
0.0005569412605836987
0.0005769573035649955
0.0005911955377086997
0.0006038517458364367
0.0006081163301132619
0.0006134814466349781
0.0006176772294566035
0.0006200846401043236
0.0006182275246828794
0.0006166454986669123
0.0006102485931478441
0.0006039204890839756
0.000593259057495743
0.0005833542090840638
0.0005643698968924582
0.0005482745473273098
0.0005235811695456505
0.000509136647451669
0.0004943481180816889
0.0004847872187383473
0.00047089290455915034
0.0004642896819859743
0.0004583742702379823
0.000465321441879496
0.0004925597459077835
0.0005365813267417252
0.0005997935077175498
0.0006813021027483046
0.0007716838154010475
0.0008730709669180214
0.0009194311569444835
0.0009247962734661996
0.0009598071337677538
0.0009137220913544297
0.0008579385466873646
0.0008011232712306082
0.0007261490682139993
0.0006564712384715676
0.0006012379308231175
0.0005349993007257581
0.0004958614008501172
0.00045376576599664986
0.0004219189577270299
0.00039750075666233897
0.00037720956606790423
0.00035299771116115153
0.0003371087077539414
0.00030670632258988917
0.00026213450473733246
0.0003302991099189967
0.00025601277593523264
0.00029494432965293527
0.00019947260443586856
0.00019410747336223722
0.00021309177100192755
0.00016459928883705288
0.00023634063836652786
0.00022506012464873493
0.00027547855279408395
0.0003446748887654394
0.0003854636161122471
0.0004428291867952794
0.00047336911666207016
0.0005334860179573298
0.0005603116587735713
0.000610523740760982
0.0006373493815772235
0.0007331650122068822
0.0007832394912838936
0.0008663301705382764
0.0008769228588789701
0.0009357328526675701
0.0009000341524370015
0.0008593830280005932
0.0008429437293671072
0.0007723716553300619
0.0007473344448953867
0.0006755930953659117
0.0006220106151886284
0.0005856240750290453
0.000532866979483515
0.0005068667815066874
0.000465321441879496
0.00044461755896918476
0.0004079558711964637
0.00038780225440859795
0.00034536272869445384
0.00032796047162264585
0.00025051008560694754
0.0002480338735040277
0.0002031869225902483
0.00019369478104636073
0.00017092737834900618
0.0001705146860331297
0.00017319724429398775
0.00018110735982190818
0.00020064192358404398
0.00026013978640548885
0.00029349984833970666
0.0002964575542137027
0.0003373838262632489
0.0003018226707354188
0.00032369588734582067
0.00031110848067328334
0.0002964575542137027
0.00029687024652957916
0.0002854521735571325
0.000278298684861511
0.0002545683237258345
0.00023537766537629068
0.00015792727936059237
0.00011713856656569988
9.478387801209465e-05
6.259312795009464e-05
1.0317548913008068e-06
3.5423581721261144e-05
2.7926163966185413e-05
1.56826736201765e-05
1.0179981472902e-05
3.363520954735577e-05
0.0001009056213661097
0.00013137678615748882
0.0001967900461750105
0.0002760288189165294
0.0002801558293867856
0.0003811990318354219
0.00040293464553542435
0.0004902898799628019
0.0004752950626425445
0.0005424966802820563
0.0005149832577444613
0.000535824685357511
0.0005050096078775823
0.0005020519020035863
0.0004166913859080523
0.000373220129404217
0.0003197752230335027
0.00030037821852602065
0.00024370048777200282
0.0002097901451634243
0.0001820015604607761
0.00014994837692938745
0.0001296571863349527
0.00011727613309631124
0.00012387936294544488
0.00012456720287445933
0.00023001254885457456
0.00023338294704444706
0.00031482279882766306
0.00034770139609463513
0.0004499826754909009
0.0004899459891021252
0.0006082538748160005
0.0006465663900598884
0.000764530326705426
0.0006085290224291384
0.0007516677724197507
0.0007526995614171028
0.0006830217316746712
0.0006824714364483953
0.000681439705658704
0.0006871487130410969
0.0006852915394119918
0.0006202222430147231
0.0005960791604593396
0.0005375442560762167
0.0004823110066354275
0.00045211496762931347
0.00040417275158688426
0.0003706063434947282
0.00035079664667136967
0.00032761655165813863
0.0003027168568223715
0.00030883861472830176
0.00026915044873021543
0.00028799715801142156
0.00026887530111707747
0.00026474829064682126
0.00026605516904965043
0.0002497534442227334
0.00025842018658295274
0.00025085400557145476
0.00024989101802930236
0.00026151546626351774
0.0002449385938234627
0.00025965829263441265
0.00024287508858833462
0.00025085400557145476
0.00024576400755904615
0.0002391607704339549
0.0002531926438678056
0.00022574796457774937
0.0002688065287657082
0.00020022921671625227
0.00019995408365502954
0.00021632459538523108
0.00020965258590877056
0.0002301501081092283
0.00023764753132127225
0.00024665819364599884
0.0002679123426787555
0.0002680499164853245
0.0002984522725455463
0.00029535702196881175
0.0003230768197681755
0.0003265160194132477
0.00036441581323742867
0.0003342885756865144
0.0003653787716757506
0.0003447436902206391
0.0003675110638141632
0.00035010880674235523
0.0003642782394308597
0.00035581784322857857
0.00034199233050458133
0.00033593937405385077
0.00032080698292702436
0.0003105582145508379
0.00029797080787830055
0.0002833198814187199
0.00027513463282957673
0.0002604149340186268
0.00025449952227063477
0.0002425311686238274
0.00023861050431150943
0.00022856808209326118
0.0002282241766806692
0.00021907594054937363
0.00022017648734617978
0.00021515527623705566
0.00021694364841096103
0.00021494893007911742
0.00021756270143669099
0.00021721878147218376
0.00022107067343313247
0.00021818175446242094
0.00022540404461324215
0.0002213458064943552
0.00022959984198678285
0.00022506012464873493
0.0002348961861571297
0.00022932470892556012
0.0002362030791118741
0.0002348961861571297
0.00023180092102847993
0.0002314570010639727
0.00022499133774545044
0.0002267797099193558
0.00020298057643231004
0.00021054677199572325
0.00019981652440037578
0.00018908627680502832
0.00018434019875712693
0.00016563104873057455
0.00016253578360192478
6.685771222691983e-05
6.747676525264978e-05
5.138139022164978e-05
5.6127464631572366e-05
3.968816963606514e-05
4.1063842218136415e-05
4.230194826959632e-05
4.1063842218136415e-05
4.470937710721046e-05
4.3608837586361915e-05
4.5603563194163144e-05
4.422789061209187e-05
4.230194826959632e-05
4.058235572301783e-05
3.783101055887528e-05
3.432304583839141e-05
3.0471159334410913e-05
2.4486980692017823e-05
1.802131737349555e-05
1.038633217831375e-05
3.439182876263658e-07
7.566202384623466e-06
3.074629421462305e-05
3.5767501685768366e-05
6.307461444521323e-05
7.751918019494042e-05
9.155104635283351e-05
0.00010915966413449496
0.00011927085870411247
0.00013467839744407684
0.00013928690168540925
0.0001509801222709939
0.00014733459101989865
0.00015311241440940648
0.00013591650349553674
0.00013701703574042767
0.00010455115989316255
9.987386874854565e-05
9.361455886391923e-05
8.501659613102674e-05
8.102714491542429e-05
6.919635779922828e-05
7.50429680920206e-05
6.259312795009464e-05
5.3238549298839644e-05
5.261949627310969e-05
4.32649212598335e-05
4.601626642397605e-05
4.216438173898496e-05
4.4915726903127506e-05
4.587869989336468e-05
4.807977529708296e-05
5.351368599804118e-05
5.1450173486955464e-05
6.19052880210802e-05
6.059840234229341e-05
6.99529773555696e-05
7.015933078946546e-05
7.559324149042368e-05
7.765674672555178e-05
7.978903886396438e-05
8.233403787016869e-05
7.930755236884579e-05
8.095836528809741e-05
7.600594108225778e-05
7.469904812751338e-05
7.091595034580678e-05
6.678893259959295e-05
6.44502870272845e-05
4.677288598031737e-05
6.48629866191186e-05
4.347127105575055e-05
4.5603563194163144e-05
2.751346255536191e-05
2.7375896024750546e-05
9.492144272371661e-06
2.3386442080663983e-06
1.073025032383157e-05
1.78149675775785e-05
2.620657323859632e-05
3.253467002650723e-05
3.7211957533145323e-05
4.2852218030020595e-05
4.223316500429064e-05
4.3058567825937644e-05
4.230194826959632e-05
3.9275466406252235e-05
2.5518736947560683e-05
1.637050991121214e-05
1.7883750160763157e-06
1.8984288544743322e-05
3.941303657484241e-05
5.4339088819688186e-05
7.46302685001865e-05
8.01329588284716e-05
9.664103708928451e-05
9.959873568732291e-05
0.00010957236372632906
0.00010867817763937637
0.00011975234519923106
0.00011982113210251555
0.00012057775165885687
0.0001242232829099521
0.00012202220386825502
0.0001251174689969048
0.00012154071737313643
0.00012305396376177669
0.00012656192120630294
0.00012587409582920372
0.0001212655843119137
0.00011727613309631124
0.00011583167361095548
0.0001090220976038836
0.00010888453107327223
0.00010358818690292537
0.0001022125143208541
9.746644354891032e-05
9.471509110881016e-05
9.471509110881016e-05
8.274673746200278e-05
8.529173646820709e-05
8.205890480894595e-05
8.756159513723105e-05
8.460389653919265e-05
8.948753384174779e-05
8.708010864211246e-05
9.217009937856346e-05
8.714889554539695e-05
9.217009937856346e-05
9.533414413454011e-05
0.00010214372741756961
0.0001030379135045223
0.0001081279042409733
0.0001090220976038836
0.00011418086796766147
0.0001141120883403346
0.00011975234519923106
0.00011817031918326393
0.00012319152301643044
0.00011933964560739696
0.00012587409582920372
0.00011988991172984242
0.00011631316010607406
0.00011142952280351892
0.00010888453107327223
0.00010324426693841815
0.0001000802221824415
9.49902314459905e-05
9.333941852673888e-05
8.914362115319818e-05
8.941875421442091e-05
8.687375520821661e-05
8.556686952942982e-05
8.343457739101723e-05
8.171498484443873e-05
8.027052535908297e-05
7.490540156140924e-05
7.346094207605347e-05
6.025448237778619e-05
5.72280005144421e-05
5.3995168855180964e-05
5.0487204134697095e-05
4.6635319449706e-05
4.278343476471491e-05
4.188924503978342e-05
3.9825736166676506e-05
4.230194826959632e-05
4.319613435654901e-05
4.752950553665869e-05
5.007450090488419e-05
5.447665535029955e-05
5.853488983120769e-05
6.238677451619878e-05
6.665136606898159e-05
6.451906665461138e-05
7.311702938750386e-05
6.65825791656971e-05
7.229162292787805e-05
7.33233755454421e-05
8.343457739101723e-05
8.219647133955732e-05
0.00010461993952048942
0.0001030379135045223
0.00010874695726670325
0.00010964115062961355
0.00011170465586474165
0.00010757763811852783
0.00010757763811852783
0.00010461993952048942
0.00010716493852669373
0.00010248764738207683
0.00010083684173878282
9.526536450721323e-05
9.430239151697606e-05
8.721767517272383e-05
9.20325328479521e-05
8.150863141054288e-05
7.669377373531461e-05
7.738161366432905e-05
7.559324149042368e-05
7.71752602304332e-05
7.662499410798773e-05
7.875728624640033e-05
7.958269270602614e-05
8.329701086040586e-05
8.584200259065256e-05
9.113834676099941e-05
9.629711712477729e-05
0.00010241886047879234
0.00011246127542108297
0.00011899572564288974
0.00012360422988422215
0.00013385299826040864
0.00013818636944051832
0.0001407313538948074
0.000142519740620628
0.00014396419283002615
0.00014472081966232508
0.00014644040493294597
0.0001407313538948074
0.00014272608677856624
0.0001419694599462673
0.00014059379464015365
0.00013901176862418652
0.00013667313032783568
0.00013873663556296378
0.00013509110431186855
0.00013460961054079235
0.00013371542445383966
0.0001250486820936203
0.00012924449401907623
0.00012353544298093766
0.0001275936810998246
0.00012408570910338312
0.00012656192120630294
0.00012786881416104734
0.00012958841398358345
0.0001306201593251899
0.000135641370434314
0.00013811758253723383
0.000142519740620628
0.0001467843248974532
0.00014623405877500772
0.00015545106725767255
0.00015662038640584797
0.00016425536887254566
0.00016143523680511862
0.00016693792713340372
0.00016955171304289252
0.00017526074952911586
0.0001785623753676191
0.0001802131737349555
0.00018378993263468146
0.0001839962787926197
0.0001861285709310323
0.00018523438484407961
0.0001875042507890612
0.0001869539701147005
0.00018599101167637855
0.0001878481707535684
0.00018227669352199882
0.0001869539701147005
0.00018392749188933522
0.00019369478104636073
0.00019307572802063078
0.00019231910118833184
0.00019266302115283906
0.00019190639432054013
0.00019225031428504735
0.0001942450471688062
0.00019390112720429897
0.00019651489856187254
0.00019665247236844152
0.00019981652440037578
0.00020208637579344213
0.0002043562417384237
0.00020800177298951894
0.00020999650587327778
0.0002132293302565813
0.0002154304092982784
0.00021900716819800436
0.00022148336574900895
0.00022361567243933678
0.00022719241678714752
0.0002120600111084059
0.00021364203712437302
0.0002214145933976397
0.00022368444479070604
0.00022581673692911863
0.000227261203690432
0.0002294622827321291
0.00022918713511899114
0.00022953105508349836
0.0002267797099193558
0.00022753633675165474
0.00022622944379691035
0.00022567917767446488
0.00022650457685813308
0.00022375323169399053
0.00022320296557154506
0.00022334052482619882
0.00022237756638787687
0.0002226526994490996
0.0002214145933976397
0.00022285904560703784
0.00022189607261680067
0.00022416593856178224
0.00022237756638787687
0.00022423472546506673
0.00022237756638787687
0.00022148336574900895
0.00022196485952008516
0.0002213458064943552
0.00022182728571351618
0.00022065796656534076
0.00022024525969754905
0.0002199701266363263
0.0002192135143559426
0.00021845688752364367
0.00021770027524325997
0.00021811296755913645
0.00021639338228851557
0.00021859446133021265
0.00021494893007911742
0.0002179754083044827
0.0002153616223949939
0.0002171500091208145
0.00021522406314034015
0.00021893838129471987
0.00021811296755913645
0.0002213458064943552
0.0002226526994490996
0.00022409715165849775
0.0002221712056780234
0.00022636701760347933
0.000227261203690432
0.0002327638940187171
0.0002336580801056698
0.00023627185146324337
0.000241224275669083
0.00024363171542063355
0.0002463142736814916
0.00024851533817127347
0.0002494783257134259
0.00025388048379682004
0.00025291749625466764
0.00025587520212866366
0.00025587520212866366
0.0002634414122439921
0.0002643355983309448
0.00026275357231497765
0.0002624096523504704
0.00026302869082428515
0.00025924560031853616
0.0002594519464764744
0.0002557376283220947
0.0002534677623771131
0.0002494783257134259
0.0002476211520843208
0.00024081158335320652
0.00023867929121479392
0.00023510253231506795
0.00023269510711543262
0.00022932470892556012
0.0002260918845422566
0.0002221024187747389
0.00021990135428495705
0.0002166685153497383
0.0002158431161660701
0.0002133669040631503
0.00021267906413413584
0.00021150974498596042
0.00021040919818915427
0.0002124727179761976
0.00020868961291853338
0.0002199701266363263
0.00021384838328231126
0.0002165997284464538
0.00021990135428495705
0.00022251512564253062
0.00022664215066470206
0.00022932470892556012
0.0002322824002476409
0.00023352050629910082
0.0002370284782955423
0.00023723482445348054
0.0002390919835306704
0.00023936711659189314
0.00024074279644992203
0.00024074279644992203
0.00024115550331771374
0.000240880370256491
0.00024081158335320652
0.00024067400954663754
0.0002396422642050311
0.00023971103655640036
0.0002382665843470022
