0.23573815822601318
7.776392459869385
4.976969242095947
3.1837196350097656
2.035583019256592
1.3012014627456665
0.8315660953521729
0.5313859581947327
0.33940884470939636
0.21667906641960144
0.1382884979248047
0.088037870824337
0.055929046124219894
0.03539948910474777
0.022303437814116478
0.013820923864841461
0.008560609072446823
0.004984574392437935
0.002856068778783083
0.001493494026362896
0.0005057461094111204
-5.712127313017845e-05
-0.0004127505235373974
-0.0005783180240541697
-0.0007351458771154284
-0.0009138622554019094
-0.0010218474781140685
-0.001024581491947174
-0.0010281068971380591
-0.0009709147270768881
-0.000981972087174654
-0.0010685279266908765
-0.0010880257468670607
-0.001136700389906764
-0.0011369447456672788
-0.0010499710915610194
-0.0010542958043515682
-0.0010291123762726784
-0.0011647972278296947
-0.0010629354510456324
-0.0011595000978559256
-0.0010411679977551103
-0.0010468884138390422
-0.001139154308475554
-0.0010637636296451092
-0.0012082613538950682
-0.0011339280754327774
-0.0012434613890945911
-0.0012006729375571012
-0.0013359605800360441
-0.0013839094899594784
-0.0014527076855301857
-0.0017107363091781735
-0.0018214363371953368
-0.0021384782157838345
-0.002611174015328288
-0.003039988223463297
-0.0039542056620121
-0.005307418759912252
-0.007267920300364494
-0.010541193187236786
-0.015018777921795845
-0.019657446071505547
-0.02379530668258667
-0.02837112545967102
-0.0344478115439415
-0.04212114214897156
-0.051380377262830734
-0.06195972114801407
-0.07301576435565948
-0.0826217383146286
-0.09447231888771057
-0.10411673784255981
-0.11120212078094482
-0.11609891802072525
-0.11941677331924438
-0.12161780148744583
-0.12316258251667023
-0.12419312447309494
-0.12489748001098633
-0.12538640201091766
-0.12580448389053345
-0.12607638537883759
-0.12629789113998413
-0.1265266090631485
-0.12664662301540375
-0.12680360674858093
-0.12705263495445251
-0.12717260420322418
-0.12749485671520233
-0.12776722013950348
-0.12797345221042633
-0.12818272411823273
-0.12830328941345215
-0.1285189986228943
-0.12861402332782745
-0.12869641184806824
-0.12877875566482544
-0.12888593971729279
-0.12895436584949493
-0.12903377413749695
-0.12916159629821777
-0.129238098859787
-0.12933936715126038
-0.1294873207807541
-0.12970176339149475
-0.12991809844970703
-0.13023759424686432
-0.130680114030838
-0.13131111860275269
-0.13266706466674805
-0.133494034409523
-0.13406167924404144
-0.1358172446489334
-0.13830989599227905
-0.14272530376911163
-0.14861522614955902
-0.1576726883649826
-0.16437995433807373
-0.17862945795059204
-0.18781092762947083
-0.2003706395626068
-0.2147216498851776
-0.2278880625963211
-0.2384440004825592
-0.24543768167495728
-0.2504286766052246
-0.253620982170105
-0.25620487332344055
-0.2584877908229828
-0.2606426477432251
-0.2627970576286316
-0.2649940848350525
-0.2673444151878357
-0.2698022425174713
-0.27241384983062744
-0.2754803001880646
-0.2781989276409149
-0.2801366448402405
-0.28148871660232544
-0.2824341058731079
-0.2830878496170044
-0.2835438847541809
-0.28387710452079773
-0.28412458300590515
-0.2842860817909241
-0.2844181954860687
-0.2845281958580017
-0.2846171259880066
-0.28469139337539673
-0.28476041555404663
-0.2848528027534485
-0.2849346995353699
-0.2850338816642761
-0.2851240336894989
-0.2851943373680115
-0.2852601408958435
-0.28534579277038574
-0.2854187488555908
-0.2854693531990051
-0.28553006052970886
-0.2856164872646332
-0.28570759296417236
-0.2858315110206604
-0.28599292039871216
-0.2861964702606201
-0.28634706139564514
-0.2865713834762573
-0.286810040473938
-0.28724682331085205
-0.2877661883831024
-0.28845837712287903
-0.28924280405044556
-0.2901325225830078
-0.29113465547561646
-0.29199567437171936
-0.2926570177078247
-0.2934992015361786
-0.29431024193763733
-0.2950766682624817
-0.29590004682540894
-0.29682663083076477
-0.2976246476173401
-0.2983763813972473
-0.2989993393421173
-0.29961490631103516
-0.30023956298828125
-0.30098044872283936
-0.3015116751194
-0.30201688408851624
-0.3025069236755371
-0.3027897775173187
-0.30319440364837646
-0.3033043444156647
-0.3036392331123352
-0.3037889003753662
-0.3043365478515625
-0.3046051561832428
-0.30498114228248596
-0.3054962754249573
-0.3061372935771942
-0.30668431520462036
-0.3074178993701935
-0.3084738850593567
-0.30956971645355225
-0.3109778165817261
-0.31209421157836914
-0.3136254549026489
-0.31532251834869385
-0.3173479437828064
-0.3193967342376709
-0.32179927825927734
-0.32348868250846863
-0.3252643942832947
-0.3275921940803528
-0.330799400806427
-0.3334624767303467
-0.3363260328769684
-0.34094953536987305
-0.3458538055419922
-0.3509458601474762
-0.3591918349266052
-0.36814844608306885
-0.3788754940032959
-0.3885914981365204
-0.402639240026474
-0.4168868064880371
-0.4309474527835846
-0.44270962476730347
-0.45323672890663147
-0.4654362201690674
-0.47749751806259155
-0.48992985486984253
-0.5030925869941711
-0.5177608132362366
-0.5338383316993713
-0.5505090951919556
-0.5690164566040039
-0.5858972072601318
-0.6036912202835083
-0.623620331287384
-0.6463766098022461
-0.6737639904022217
-0.6955681443214417
-0.716507613658905
-0.732397198677063
-0.7439947724342346
-0.7561633586883545
-0.7726314067840576
-0.7940981388092041
-0.8217563629150391
-0.8449145555496216
-0.8678310513496399
-0.8956888914108276
-0.9297344088554382
-0.960357666015625
-0.9933562278747559
-1.0244287252426147
-1.0566776990890503
-1.0848875045776367
-1.1123400926589966
-1.1483067274093628
-1.1818796396255493
-1.2242566347122192
-1.2755647897720337
-1.3268167972564697
-1.3718891143798828
-1.405920147895813
-1.436710000038147
-1.461507797241211
-1.479182481765747
-1.4980124235153198
-1.513697624206543
-1.5267233848571777
-1.5420924425125122
-1.559644341468811
-1.5759401321411133
-1.596173882484436
-1.6248887777328491
-1.6566627025604248
-1.6880428791046143
-1.7188127040863037
-1.7448056936264038
-1.7665916681289673
-1.7851040363311768
-1.8012168407440186
-1.8175902366638184
-1.8309142589569092
-1.8420684337615967
-1.861377477645874
-1.8930386304855347
-1.9322609901428223
-1.9768145084381104
-2.0239386558532715
-2.0716896057128906
-2.105961322784424
-2.13569974899292
-2.1589677333831787
-2.177238702774048
-2.191661834716797
-2.202416181564331
-2.210702419281006
-2.2193334102630615
-2.2290992736816406
-2.2401978969573975
-2.2507529258728027
-2.2615010738372803
-2.2744204998016357
-2.288292407989502
-2.3024308681488037
-2.3193142414093018
-2.343813180923462
-2.3558969497680664
-2.3676116466522217
-2.3787999153137207
-2.3887972831726074
-2.3974804878234863
-2.4053714275360107
-2.413001537322998
-2.4204392433166504
-2.4277596473693848
-2.4342551231384277
-2.440509080886841
-2.446845054626465
-2.4539754390716553
-2.4625542163848877
-2.472222089767456
-2.4835991859436035
-2.495973587036133
-2.5093677043914795
-2.5229761600494385
-2.53763747215271
-2.5523228645324707
-2.567941904067993
-2.582602024078369
-2.5964345932006836
-2.610133171081543
-2.621372938156128
-2.6313414573669434
-2.6397647857666016
-2.6475462913513184
-2.655075788497925
-2.6623106002807617
-2.6704800128936768
-2.679311513900757
-2.6908857822418213
-2.702247142791748
-2.714486837387085
-2.7274317741394043
-2.7401084899902344
-2.7510790824890137
-2.7603559494018555
-2.767580270767212
-2.7730703353881836
-2.7772443294525146
-2.7803471088409424
-2.7826220989227295
-2.784346580505371
-2.7857494354248047
-2.786933660507202
-2.7879726886749268
-2.7888760566711426
-2.7897462844848633
-2.790720224380493
-2.7919392585754395
-2.7935848236083984
-2.7954983711242676
-2.7978901863098145
-2.8010048866271973
-2.805450677871704
-2.8109400272369385
-2.818023681640625
-2.826542377471924
-2.8360979557037354
-2.8456618785858154
-2.854779005050659
-2.8639285564422607
-2.8715696334838867
-2.877194404602051
-2.881730318069458
-2.88576602935791
-2.888655424118042
-2.890645980834961
-2.8923537731170654
-2.894505739212036
-2.8970210552215576
-2.8992807865142822
-2.9012181758880615
-2.9029181003570557
-2.904585599899292
-2.9063942432403564
-2.9082322120666504
-2.9100341796875
-2.9117610454559326
-2.9135549068450928
-2.9153804779052734
-2.9173645973205566
-2.919419527053833
-2.921572685241699
-2.9239513874053955
-2.926295518875122
-2.9287469387054443
-2.931516647338867
-2.9342150688171387
-2.9368155002593994
-2.939274549484253
-2.9417059421539307
-2.944105863571167
-2.9461255073547363
-2.947903633117676
-2.9493651390075684
-2.951054811477661
-2.95297908782959
-2.9548137187957764
-2.956644058227539
-2.958397388458252
-2.960033416748047
-2.9614360332489014
-2.9626824855804443
-2.963766098022461
-2.9647064208984375
-2.9655728340148926
-2.96639347076416
-2.967313289642334
-2.9683055877685547
-2.9694292545318604
-2.9707999229431152
-2.972060441970825
-2.9734160900115967
-2.974802017211914
-2.9761886596679688
-2.977456569671631
-2.9786505699157715
-2.979618787765503
-2.980457067489624
-2.981133460998535
-2.981793165206909
-2.9824631214141846
-2.9832828044891357
-2.983968734741211
-2.984668493270874
-2.985562801361084
-2.986534595489502
-2.987560272216797
-2.9886627197265625
-2.9900054931640625
-2.9915900230407715
-2.993211507797241
-2.994844436645508
-2.996225357055664
-2.9973626136779785
-2.99831223487854
-2.999154806137085
-2.9999289512634277
-3.000620126724243
-3.0012705326080322
-3.001624822616577
-3.001978874206543
-3.0023698806762695
-3.0027756690979004
-3.0032124519348145
-3.0036840438842773
-3.004218578338623
-3.004809617996216
-3.0054688453674316
-3.006115436553955
-3.0067317485809326
-3.007315158843994
-3.0078516006469727
-3.0083396434783936
-3.008781671524048
-3.0091559886932373
-3.00947904586792
-3.0097618103027344
-3.0100204944610596
-3.010284423828125
-3.0105538368225098
-3.0108468532562256
-3.0111677646636963
-3.0115156173706055
-3.0118932723999023
-3.0123908519744873
-3.012848138809204
-3.013482093811035
-3.014230966567993
-3.015042543411255
-3.0159122943878174
-3.0167810916900635
-3.0176126956939697
-3.0183727741241455
-3.0190463066101074
-3.0196309089660645
-3.0201313495635986
-3.0205538272857666
-3.02089262008667
-3.021188497543335
-3.021497964859009
-3.0218515396118164
-3.0222349166870117
-3.022677421569824
-3.0231800079345703
-3.023768663406372
-3.024437427520752
-3.0252580642700195
-3.026247978210449
-3.0274429321289062
-3.028867483139038
-3.0303730964660645
-3.0318806171417236
-3.0332882404327393
-3.0346779823303223
-3.0359487533569336
-3.037219524383545
-3.0381717681884766
-3.0389111042022705
-3.0395491123199463
-3.040144443511963
-3.0407016277313232
-3.04121732711792
-3.0417261123657227
-3.042273998260498
-3.0428626537323
-3.0434796810150146
-3.0441765785217285
-3.0450055599212646
-3.045999765396118
-3.0470690727233887
-3.0482044219970703
-3.0491960048675537
-3.0502402782440186
-3.0511014461517334
-3.0519258975982666
-3.0526375770568848
-3.053251028060913
-3.053776264190674
-3.054187059402466
-3.054549217224121
-3.054874897003174
-3.055210828781128
-3.055588722229004
-3.0560314655303955
-3.0565860271453857
-3.0571320056915283
-3.0578360557556152
-3.0587806701660156
-3.0595779418945312
-3.060518741607666
-3.0618326663970947
-3.063457727432251
-3.065176486968994
-3.0668787956237793
-3.0684850215911865
-3.069934606552124
-3.0712623596191406
-3.072476625442505
-3.073723793029785
-3.0750272274017334
-3.076564073562622
-3.078246593475342
-3.0801165103912354
-3.082155227661133
-3.0846004486083984
-3.0870587825775146
-3.090038299560547
-3.092698812484741
-3.0955982208251953
-3.0986554622650146
-3.101222038269043
-3.1034369468688965
-3.1054720878601074
-3.1080119609832764
-3.110447406768799
-3.1128907203674316
-3.1151578426361084
-3.11706805229187
-3.118624687194824
-3.1201000213623047
-3.1213889122009277
-3.1223506927490234
-3.123167037963867
-3.123886823654175
-3.124587297439575
-3.125244617462158
-3.1257903575897217
-3.12624192237854
-3.1267008781433105
-3.1272008419036865
-3.127742052078247
-3.1281256675720215
-3.1286392211914062
-3.1292765140533447
-3.1299681663513184
-3.1307060718536377
-3.1315226554870605
-3.1324331760406494
-3.133413314819336
-3.134483814239502
-3.135591745376587
-3.136721134185791
-3.1378180980682373
-3.1388659477233887
-3.139910936355591
-3.140941858291626
-3.1419553756713867
-3.1428871154785156
-3.1438066959381104
-3.1445207595825195
-3.1452457904815674
-3.14607310295105
-3.146895170211792
-3.147671699523926
-3.148460865020752
-3.1492183208465576
-3.149941921234131
-3.1506378650665283
-3.1512935161590576
-3.151841640472412
-3.1523120403289795
-3.152731418609619
-3.153128147125244
-3.1534926891326904
-3.1538572311401367
-3.154237747192383
-3.1546363830566406
-3.155066728591919
-3.1555066108703613
-3.1558990478515625
-3.156282901763916
-3.1566481590270996
-3.157031297683716
-3.157447338104248
-3.1578691005706787
-3.1582863330841064
-3.158684253692627
-3.159072160720825
-3.159437417984009
-3.159797191619873
-3.1601336002349854
-3.1604511737823486
-3.1607565879821777
-3.161043643951416
-3.1613266468048096
-3.161606550216675
-3.161905527114868
-3.162203550338745
-3.162564516067505
-3.162994861602783
-3.163442611694336
-3.1639909744262695
-3.16445255279541
-3.164977550506592
-3.165590763092041
-3.166177749633789
-3.166733741760254
-3.167210340499878
-3.1676666736602783
-3.1680350303649902
-3.168354034423828
-3.1686317920684814
-3.168870449066162
-3.169084072113037
-3.169276237487793
-3.1694796085357666
-3.1696951389312744
-3.1699328422546387
-3.1701440811157227
-3.1704256534576416
-3.1706454753875732
-3.170895576477051
-3.1711859703063965
-3.17146635055542
-3.171743869781494
-3.1720526218414307
-3.172283887863159
-3.1725144386291504
-3.172750949859619
-3.1729838848114014
-3.1732170581817627
-3.173431158065796
-3.1736855506896973
-3.173902988433838
-3.174143075942993
-3.174346685409546
-3.1745729446411133
-3.174816370010376
-3.1750636100769043
-3.1753034591674805
-3.1755242347717285
-3.1757168769836426
-3.1758885383605957
-3.176006555557251
-3.176136016845703
-3.176278829574585
-3.1763737201690674
-3.176473379135132
-3.1765804290771484
-3.1766974925994873
-3.1768364906311035
-3.1769869327545166
-3.177154302597046
-3.177335023880005
-3.1775314807891846
-3.1777291297912598
-3.177927017211914
-3.178117275238037
-3.178281545639038
-3.1784331798553467
-3.1785786151885986
-3.1786949634552
-3.1787946224212646
-3.178870916366577
-3.1789326667785645
-3.1789865493774414
-3.1790342330932617
-3.179079532623291
-3.1791257858276367
-3.1791799068450928
-3.1792490482330322
-3.179342031478882
-3.1794116497039795
-3.1795077323913574
-3.1796398162841797
-3.179793357849121
-3.179962635040283
-3.1801464557647705
-3.180333375930786
-3.18052077293396
-3.180701494216919
-3.1808688640594482
-3.181021213531494
-3.1811575889587402
-3.1812832355499268
-3.1813952922821045
-3.18149471282959
-3.1815874576568604
-3.1816673278808594
-3.1817383766174316
-3.18179988861084
-3.1818599700927734
-3.1819241046905518
-3.182000160217285
-3.1820859909057617
-3.1821794509887695
-3.182279586791992
-3.1823813915252686
-3.1824777126312256
-3.1825695037841797
-3.182666778564453
-3.182758092880249
-3.182851791381836
-3.1829347610473633
-3.183013916015625
-3.1830930709838867
-3.183166980743408
-3.1832387447357178
-3.1832995414733887
-3.183373212814331
-3.183434247970581
-3.183504104614258
-3.1835827827453613
-3.18367338180542
-3.183743476867676
-3.183802604675293
-3.183882474899292
-3.183972120285034
-3.1840739250183105
-3.184187412261963
-3.1843137741088867
-3.1844482421875
-3.184584617614746
-3.1846866607666016
-3.18479585647583
-3.1848721504211426
-3.184952974319458
-3.1850333213806152
-3.1850969791412354
-3.1851463317871094
-3.1851894855499268
-3.1852238178253174
-3.1852567195892334
-3.1852877140045166
-3.1853108406066895
-3.185337543487549
-3.1853723526000977
-3.18540620803833
-3.185471773147583
-3.185546875
-3.1856582164764404
-3.185805559158325
-3.1859748363494873
-3.186176300048828
-3.1863739490509033
-3.1865687370300293
-3.1867663860321045
-3.1869726181030273
-3.187164783477783
-3.187352180480957
-3.1875407695770264
-3.1877121925354004
-3.1878693103790283
