0.018557438626885414
8.26512622833252
5.2896223068237305
3.3829939365386963
2.1615777015686035
1.3806428909301758
0.8817562460899353
0.5630873441696167
0.35958775877952576
0.22961710393428802
0.1465819776058197
0.09351973980665207
0.059603072702884674
0.03791915625333786
0.02405315265059471
0.015184775926172733
0.009511764161288738
0.005882155615836382
0.0035594829823821783
0.002072806004434824
0.001120940549299121
0.0005112406797707081
0.00012045702897012234
-0.00013024872168898582
-0.0002913224743679166
-0.00039503886364400387
-0.00046204414684325457
-0.0005055750953033566
-0.0005340824136510491
-0.0005529820919036865
-0.0005657436558976769
-0.0005745873786509037
-0.0005809641443192959
-0.0005858003860339522
-0.0005897156661376357
-0.0005931389750912786
-0.0005963862058706582
-0.0005997429834678769
-0.0006034699035808444
-0.0006078592268750072
-0.00061328976880759
-0.0006202186923474073
-0.0006292746402323246
-0.0006412907969206572
-0.0006573743303306401
-0.0006790303159505129
-0.0007082179072313011
-0.000747573038097471
-0.0008004728006199002
-0.000871267169713974
-0.0009653144516050816
-0.0010890266858041286
-0.0012496339622884989
-0.001454559271223843
-0.001710444688796997
-0.002021798398345709
-0.0023899229709059
-0.002814873121678829
-0.0032498789951205254
-0.003913116175681353
-0.004803900606930256
-0.0057736048474907875
-0.006917404010891914
-0.008599803782999516
-0.010235626250505447
-0.012274869717657566
-0.014822809025645256
-0.01744852215051651
-0.02003682777285576
-0.023059889674186707
-0.026714343577623367
-0.03117600455880165
-0.03662709519267082
-0.04318063706159592
-0.05092664808034897
-0.059919748455286026
-0.06998641043901443
-0.08112169802188873
-0.09288293868303299
-0.10279126465320587
-0.11090973019599915
-0.11705200374126434
-0.12156400084495544
-0.12459266930818558
-0.12661220133304596
-0.1279505491256714
-0.12883582711219788
-0.12944507598876953
-0.1298397332429886
-0.13007497787475586
-0.1302109658718109
-0.1303052455186844
-0.13037212193012238
-0.13041219115257263
-0.13044533133506775
-0.13047318160533905
-0.13049909472465515
-0.1305168867111206
-0.13052524626255035
-0.13053755462169647
-0.13054654002189636
-0.13054603338241577
-0.13055065274238586
-0.1305689662694931
-0.13058669865131378
-0.13058650493621826
-0.1305728703737259
-0.1306276172399521
-0.1306627094745636
-0.13073013722896576
-0.13075707852840424
-0.1308620125055313
-0.1309482753276825
-0.1310710608959198
-0.1312418431043625
-0.1314891129732132
-0.1317957192659378
-0.13251303136348724
-0.1332874745130539
-0.1342879682779312
-0.13580435514450073
-0.139076367020607
-0.1441417932510376
-0.147025465965271
-0.15449628233909607
-0.16668491065502167
-0.1772976517677307
-0.1953657567501068
-0.2080255150794983
-0.21659982204437256
-0.22445595264434814
-0.23166945576667786
-0.2371806800365448
-0.24155399203300476
-0.24495536088943481
-0.2478126734495163
-0.2505025267601013
-0.25309252738952637
-0.255368709564209
-0.2575249671936035
-0.2593868672847748
-0.26091015338897705
-0.2619609534740448
-0.26267921924591064
-0.2632545828819275
-0.2638390064239502
-0.264423131942749
-0.2650392949581146
-0.26576554775238037
-0.26666635274887085
-0.26772215962409973
-0.2689128816127777
-0.27008217573165894
-0.27139729261398315
-0.2726081609725952
-0.27395015954971313
-0.2752864956855774
-0.27635496854782104
-0.27756497263908386
-0.278961718082428
-0.2803706228733063
-0.2815656065940857
-0.28260642290115356
-0.28328678011894226
-0.28388553857803345
-0.2843174636363983
-0.28475990891456604
-0.28512823581695557
-0.2853710651397705
-0.28559619188308716
-0.285831093788147
-0.2861294746398926
-0.2864374816417694
-0.2867865264415741
-0.28721171617507935
-0.2876284122467041
-0.2882121503353119
-0.28858309984207153
-0.28903913497924805
-0.2893819808959961
-0.2898159623146057
-0.2901672124862671
-0.2904431223869324
-0.2907305955886841
-0.29117703437805176
-0.29157280921936035
-0.2919284999370575
-0.2923516631126404
-0.29295215010643005
-0.2935391664505005
-0.29416918754577637
-0.2946385145187378
-0.2952139973640442
-0.2954937815666199
-0.2961738109588623
-0.2966251075267792
-0.29699283838272095
-0.29751110076904297
-0.2980644106864929
-0.2987646758556366
-0.29956790804862976
-0.30063140392303467
-0.3019639849662781
-0.3034237027168274
-0.3056327700614929
-0.3089616298675537
-0.3117314875125885
-0.3176361620426178
-0.324562668800354
-0.3338881731033325
-0.3396957814693451
-0.34700721502304077
-0.35345882177352905
-0.359935998916626
-0.36541321873664856
-0.3709567189216614
-0.3755838871002197
-0.3801511526107788
-0.3840886652469635
-0.3878488540649414
-0.3924315869808197
-0.39776164293289185
-0.4034234881401062
-0.41036826372146606
-0.4184916019439697
-0.4324953258037567
-0.4452713131904602
-0.46140632033348083
-0.4851652979850769
-0.5249338746070862
-0.5520334243774414
-0.5757707953453064
-0.6203456521034241
-0.6642793416976929
-0.6955897808074951
-0.7275505661964417
-0.7485819458961487
-0.7689881920814514
-0.789717972278595
-0.8059569001197815
-0.8156894445419312
-0.8276267051696777
-0.8431703448295593
-0.8568316698074341
-0.8693279027938843
-0.8841582536697388
-0.9028847217559814
-0.9227817058563232
-0.942922830581665
-0.963572084903717
-0.9852308630943298
-1.0092453956604004
-1.032654881477356
-1.0570310354232788
-1.0783590078353882
-1.1037344932556152
-1.1294686794281006
-1.1572532653808594
-1.18074631690979
-1.2045124769210815
-1.2234389781951904
-1.2357412576675415
-1.2473796606063843
-1.2593214511871338
-1.2704246044158936
-1.2848758697509766
-1.3045077323913574
-1.334869384765625
-1.376853585243225
-1.421194076538086
-1.4608154296875
-1.4929962158203125
-1.5274449586868286
-1.56553316116333
-1.597022533416748
-1.626847267150879
-1.6542006731033325
-1.6857128143310547
-1.7213165760040283
-1.7565968036651611
-1.800886869430542
-1.8276506662368774
-1.8606544733047485
-1.8943397998809814
-1.9292018413543701
-1.9570246934890747
-1.9738997220993042
-1.9914579391479492
-2.0064079761505127
-2.018146276473999
-2.028733968734741
-2.0384199619293213
-2.04891300201416
-2.0596351623535156
-2.069441318511963
-2.0807836055755615
-2.093332290649414
-2.1069424152374268
-2.117401123046875
-2.1335513591766357
-2.155160665512085
-2.1753737926483154
-2.19246506690979
-2.2060821056365967
-2.218590497970581
-2.2301342487335205
-2.240534543991089
-2.2499685287475586
-2.257233142852783
-2.262948989868164
-2.267683744430542
-2.2722268104553223
-2.279393196105957
-2.290652275085449
-2.303893804550171
-2.3197596073150635
-2.336851119995117
-2.3542983531951904
-2.3720362186431885
-2.388868808746338
-2.401308298110962
-2.412609338760376
-2.4248206615448
-2.4378743171691895
-2.451639175415039
-2.4673805236816406
-2.48403263092041
-2.502861738204956
-2.5212504863739014
-2.5381510257720947
-2.552661895751953
-2.566051959991455
-2.577850580215454
-2.587921619415283
-2.5963222980499268
-2.604093313217163
-2.6113996505737305
-2.6181211471557617
-2.6244513988494873
-2.630519390106201
-2.6370344161987305
-2.644329309463501
-2.6533195972442627
-2.6619744300842285
-2.670675277709961
-2.679157257080078
-2.687668800354004
-2.6962080001831055
-2.703577995300293
-2.710141181945801
-2.715585470199585
-2.720128059387207
-2.7237589359283447
-2.726613759994507
-2.72904372215271
-2.7312521934509277
-2.733666181564331
-2.7363057136535645
-2.739635705947876
-2.744231700897217
-2.750128746032715
-2.757328510284424
-2.7658371925354004
-2.776073694229126
-2.786747455596924
-2.797837495803833
-2.8088793754577637
-2.8196053504943848
-2.829280138015747
-2.8377625942230225
-2.844728708267212
-2.849809169769287
-2.8540468215942383
-2.857656478881836
-2.8605124950408936
-2.8628005981445312
-2.864767551422119
-2.8666162490844727
-2.868626832962036
-2.871047019958496
-2.874150514602661
-2.8781025409698486
-2.882817506790161
-2.888007402420044
-2.8926260471343994
-2.897514820098877
-2.9024248123168945
-2.907188892364502
-2.9122824668884277
-2.9163942337036133
-2.920001745223999
-2.9244225025177
-2.9286341667175293
-2.932868003845215
-2.9371964931488037
-2.941296339035034
-2.945164442062378
-2.948671817779541
-2.951995611190796
-2.9549217224121094
-2.957566499710083
-2.959916591644287
-2.9618537425994873
-2.9636082649230957
-2.9650259017944336
-2.966287136077881
-2.967451572418213
-2.9686026573181152
-2.9698433876037598
-2.970996141433716
-2.97202730178833
-2.972956895828247
-2.973933219909668
-2.975026845932007
-2.97623348236084
-2.9776463508605957
-2.9788551330566406
-2.9800169467926025
-2.9812629222869873
-2.98248291015625
-2.9836206436157227
-2.984549045562744
-2.9853627681732178
-2.986172914505005
-2.986837863922119
-2.987436056137085
-2.9880530834198
-2.9887535572052
-2.9894330501556396
-2.990299940109253
-2.9914233684539795
-2.9927759170532227
-2.9940149784088135
-2.995382785797119
-2.997169017791748
-2.998610496520996
-3.000471830368042
-3.002458095550537
-3.004268169403076
-3.0057947635650635
-3.0070242881774902
-3.0080008506774902
-3.0087640285491943
-3.0093796253204346
-3.009891986846924
-3.0103793144226074
-3.0108642578125
-3.0116138458251953
-3.012246608734131
-3.0133817195892334
-3.0147178173065186
-3.0163965225219727
-3.018322229385376
-3.0204219818115234
-3.02225661277771
-3.023822546005249
-3.0251262187957764
-3.026289701461792
-3.0273563861846924
-3.0283896923065186
-3.029533624649048
-3.0309107303619385
-3.0324857234954834
-3.034262180328369
-3.0362045764923096
-3.0383591651916504
-3.04048752784729
-3.0426857471466064
-3.0448129177093506
-3.0467734336853027
-3.0486714839935303
-3.0503592491149902
-3.0516886711120605
-3.052699565887451
-3.0536012649536133
-3.054389476776123
-3.055027961730957
-3.0555801391601562
-3.0560555458068848
-3.0564849376678467
-3.056880474090576
-3.0572714805603027
-3.057680130004883
-3.058163642883301
-3.0587470531463623
-3.059567451477051
-3.0605108737945557
-3.061689853668213
-3.0631215572357178
-3.0647389888763428
-3.0662953853607178
-3.0677120685577393
-3.0691699981689453
-3.070464611053467
-3.071664333343506
-3.07271671295166
-3.073707103729248
-3.0746946334838867
-3.075599431991577
-3.076411724090576
-3.077238082885742
-3.0780816078186035
-3.079007863998413
-3.07991623878479
-3.081170082092285
-3.082533597946167
-3.0841517448425293
-3.0862069129943848
-3.0880939960479736
-3.08998703956604
-3.092251777648926
-3.094378709793091
-3.096393346786499
-3.0984556674957275
-3.099855899810791
-3.1012232303619385
-3.1024856567382812
-3.103694200515747
-3.104912042617798
-3.106083393096924
-3.1073076725006104
-3.1085641384124756
-3.109802484512329
-3.1110990047454834
-3.1124229431152344
-3.113699436187744
-3.114859104156494
-3.11590838432312
-3.1169559955596924
-3.118039131164551
-3.119108200073242
-3.1201224327087402
-3.1210248470306396
-3.1219420433044434
-3.1228442192077637
-3.1237704753875732
-3.1246674060821533
-3.125540018081665
-3.1264805793762207
-3.127415895462036
-3.1283931732177734
-3.1294565200805664
-3.130521774291992
-3.1315953731536865
-3.132755994796753
-3.1338083744049072
-3.134739875793457
-3.1355457305908203
-3.1362593173980713
-3.136850118637085
-3.13735294342041
-3.1377832889556885
-3.1381125450134277
-3.1383934020996094
-3.1386351585388184
-3.138881206512451
-3.1390109062194824
-3.139150857925415
-3.13932204246521
-3.1395280361175537
-3.1397721767425537
-3.1400485038757324
-3.1403748989105225
-3.1406424045562744
-3.141056537628174
-3.1414661407470703
-3.1419687271118164
-3.1425769329071045
-3.1432576179504395
-3.143864870071411
-3.144476890563965
-3.1450917720794678
-3.145695209503174
-3.146230697631836
-3.146695613861084
-3.14713454246521
-3.147474765777588
-3.147855520248413
-3.148159980773926
-3.148439645767212
-3.148728370666504
-3.148920774459839
-3.149099349975586
-3.1493191719055176
-3.149557590484619
-3.1498050689697266
-3.1500792503356934
-3.150393486022949
-3.1506032943725586
-3.150853157043457
-3.1511647701263428
-3.1515331268310547
-3.151944160461426
-3.1524009704589844
-3.1529369354248047
-3.1534998416900635
-3.1541268825531006
-3.154724597930908
-3.155393362045288
-3.156158924102783
-3.1568591594696045
-3.1574692726135254
-3.158097267150879
-3.1586191654205322
-3.1591274738311768
-3.159658193588257
-3.160104990005493
-3.160444498062134
-3.1608104705810547
-3.1610679626464844
-3.1613383293151855
-3.161630153656006
-3.1619458198547363
-3.162266969680786
-3.1625661849975586
-3.1628475189208984
-3.1631157398223877
-3.1633753776550293
-3.1636111736297607
-3.1637821197509766
-3.1639513969421387
-3.164137601852417
-3.164341688156128
-3.1645383834838867
-3.164717435836792
-3.1648807525634766
-3.1650609970092773
-3.1652486324310303
-3.1654605865478516
-3.1656806468963623
-3.1659255027770996
-3.166229009628296
-3.166586399078369
-3.166996717453003
-3.1674413681030273
-3.167875051498413
-3.1683051586151123
-3.168732166290283
-3.169191360473633
-3.169633388519287
-3.1700894832611084
-3.17056941986084
-3.1709706783294678
-3.171426296234131
-3.171828269958496
-3.172250270843506
-3.1726858615875244
-3.173037528991699
-3.173386335372925
-3.173661470413208
-3.173940658569336
-3.1742048263549805
-3.1744518280029297
-3.174654483795166
-3.174826145172119
-3.1750011444091797
-3.175191640853882
-3.1753365993499756
-3.175488233566284
-3.1756651401519775
-3.1758222579956055
-3.176002025604248
-3.1762287616729736
-3.1764907836914062
-3.176715135574341
-3.1770029067993164
-3.1773555278778076
-3.177769422531128
-3.1782400608062744
-3.1787588596343994
-3.17931866645813
-3.179783582687378
-3.1802027225494385
-3.1806304454803467
-3.1810388565063477
-3.1814119815826416
-3.181739091873169
-3.1820225715637207
-3.1822690963745117
-3.182486057281494
-3.182677984237671
-3.182849645614624
-3.1830203533172607
-3.1831459999084473
-3.183255434036255
-3.1833741664886475
-3.1834819316864014
-3.183586597442627
-3.183732271194458
-3.1838250160217285
-3.1839165687561035
-3.1840062141418457
-3.1840896606445312
-3.1841676235198975
-3.184242010116577
-3.184312105178833
-3.1843838691711426
-3.1844582557678223
-3.1845450401306152
-3.184661626815796
-3.1847939491271973
-3.1849288940429688
-3.185089349746704
-3.1852784156799316
-3.1855199337005615
-3.185722827911377
-3.1859772205352783
-3.186311721801758
-3.1866414546966553
-3.1869983673095703
-3.1873793601989746
-3.187701463699341
-3.188044548034668
-3.1882951259613037
-3.1885488033294678
-3.18879771232605
-3.189028739929199
-3.1892364025115967
-3.189420461654663
-3.1895949840545654
-3.189699649810791
-3.1898036003112793
-3.1899280548095703
-3.190014123916626
-3.190091848373413
-3.1901676654815674
-3.190237283706665
-3.190305233001709
-3.1903676986694336
-3.190429925918579
-3.1904892921447754
-3.190545082092285
-3.1906018257141113
-3.1906657218933105
-3.1907413005828857
-3.190828800201416
-3.1909332275390625
-3.191054582595825
-3.1911933422088623
-3.1913468837738037
-3.1915171146392822
-3.1917035579681396
-3.191865921020508
-3.1920433044433594
-3.192216396331787
-3.1923928260803223
-3.192592144012451
-3.1927571296691895
-3.1929147243499756
-3.1930880546569824
-3.193242073059082
-3.1933839321136475
-3.193535089492798
-3.193693161010742
-3.193857431411743
-3.194016695022583
-3.1941921710968018
-3.1943488121032715
-3.194528579711914
-3.194685459136963
-3.194882869720459
-3.1951138973236084
-3.195371389389038
-3.1956398487091064
-3.1959056854248047
-3.1961755752563477
-3.1963393688201904
-3.1964924335479736
-3.1966326236724854
-3.196758508682251
-3.1968700885772705
-3.1969714164733887
-3.1970622539520264
-3.1971490383148193
-3.197237014770508
-3.197303295135498
-3.1973628997802734
-3.1974239349365234
-3.197500705718994
-3.1975646018981934
-3.1976232528686523
-3.19767689704895
-3.1977224349975586
-3.1977663040161133
-3.197808265686035
-3.197845697402954
-3.1978790760040283
-3.197910785675049
-3.1979405879974365
-3.197969913482666
-3.198003053665161
-3.1980342864990234
-3.198070526123047
-3.198112964630127
-3.198159694671631
-3.1982154846191406
-3.1982791423797607
-3.1983535289764404
-3.198437452316284
-3.198537826538086
