0.37000539898872375
8.017168045043945
5.131196022033691
3.2823867797851562
2.098681688308716
1.3415098190307617
0.8573716878890991
0.5478764772415161
0.34998250007629395
0.22349703311920166
0.14275366067886353
0.0910017341375351
0.057928625494241714
0.03657925873994827
0.023054683580994606
0.01439228281378746
0.008831357583403587
0.005335626192390919
0.0030138646252453327
0.0016454418655484915
0.0006304351845756173
3.469260991550982e-05
-0.00019119854550808668
-0.0004973554750904441
-0.0007071516592986882
-0.0008405376574955881
-0.0009144978830590844
-0.0009565107757225633
-0.00098355149384588
-0.0009938913863152266
-0.000990442931652069
-0.0009770498145371675
-0.0009597532916814089
-0.0009412465733475983
-0.0009214155725203454
-0.0008998174453154206
-0.0008785426034592092
-0.0008638573344796896
-0.0008601591107435524
-0.0008627037750557065
-0.0008859561639837921
-0.0009615943999961019
-0.0010511602740734816
-0.0010636459337547421
-0.0010719462297856808
-0.0010831287363544106
-0.0009288138244301081
-0.0011190632358193398
-0.0011474811471998692
-0.0010598014341667295
-0.001128613599576056
-0.0011350598651915789
-0.001420097891241312
-0.0015670934226363897
-0.00177599280141294
-0.0020773778669536114
-0.0025217467918992043
-0.00319803599268198
-0.004183205775916576
-0.00584274809807539
-0.008656071498990059
-0.013010013848543167
-0.017128411680459976
-0.02025507390499115
-0.024094313383102417
-0.02963084727525711
-0.03638350963592529
-0.044296130537986755
-0.05439918488264084
-0.06688672304153442
-0.0802755132317543
-0.09284902364015579
-0.10448647290468216
-0.11314649879932404
-0.1189836710691452
-0.12280674278736115
-0.12532752752304077
-0.12698039412498474
-0.12811170518398285
-0.12878672778606415
-0.1292261779308319
-0.12949775159358978
-0.12969747185707092
-0.12981420755386353
-0.12988364696502686
-0.12994827330112457
-0.1299785077571869
-0.1299917995929718
-0.1300281435251236
-0.13003206253051758
-0.13003624975681305
-0.13005496561527252
-0.13004808127880096
-0.1300676316022873
-0.13007836043834686
-0.13008521497249603
-0.13009116053581238
-0.13009917736053467
-0.1302659660577774
-0.1304323673248291
-0.13047538697719574
-0.13063381612300873
-0.1306617259979248
-0.13067509233951569
-0.1307494193315506
-0.13078558444976807
-0.1307893991470337
-0.13079074025154114
-0.13083866238594055
-0.13086074590682983
-0.1308702975511551
-0.13086166977882385
-0.13086405396461487
-0.13086634874343872
-0.13096636533737183
-0.13096316158771515
-0.13095496594905853
-0.13103227317333221
-0.13109058141708374
-0.13102000951766968
-0.13115468621253967
-0.13138040900230408
-0.1316264122724533
-0.13188312947750092
-0.1325424760580063
-0.13324226438999176
-0.13494446873664856
-0.13767588138580322
-0.14044564962387085
-0.14178729057312012
-0.14352725446224213
-0.1469932198524475
-0.1515413224697113
-0.15729987621307373
-0.16581588983535767
-0.17877647280693054
-0.19256308674812317
-0.20921002328395844
-0.22606663405895233
-0.2394985556602478
-0.24995166063308716
-0.2570198178291321
-0.2618584632873535
-0.26485711336135864
-0.2671501040458679
-0.26874133944511414
-0.2700076997280121
-0.2709495723247528
-0.2719513475894928
-0.272832453250885
-0.27381473779678345
-0.2746250629425049
-0.27538496255874634
-0.27626198530197144
-0.2770746350288391
-0.27808377146720886
-0.27915051579475403
-0.2803209125995636
-0.2815457582473755
-0.282819539308548
-0.28417617082595825
-0.2856930196285248
-0.2875348925590515
-0.289264976978302
-0.29110729694366455
-0.29257285594940186
-0.2940937876701355
-0.295817494392395
-0.2984561026096344
-0.30171307921409607
-0.30623918771743774
-0.3114469647407532
-0.3190760016441345
-0.32688647508621216
-0.3365688920021057
-0.3480340242385864
-0.3606793284416199
-0.3737401068210602
-0.384324848651886
-0.3976917266845703
-0.4128132462501526
-0.4306254982948303
-0.43924710154533386
-0.44793862104415894
-0.45598846673965454
-0.466655969619751
-0.4773164987564087
-0.48645350337028503
-0.49427950382232666
-0.5002214312553406
-0.5045979022979736
-0.5080732107162476
-0.5112119317054749
-0.5148618221282959
-0.5189990997314453
-0.524217963218689
-0.5306737422943115
-0.5392748713493347
-0.5451332330703735
-0.5530180931091309
-0.5649827718734741
-0.5767090320587158
-0.5915253162384033
-0.6078405380249023
-0.6241562366485596
-0.6387205719947815
-0.6535671353340149
-0.6647025942802429
-0.6728145480155945
-0.6797196269035339
-0.6857290267944336
-0.6922866106033325
-0.6997948884963989
-0.7087866067886353
-0.718254566192627
-0.7299604415893555
-0.745256781578064
-0.7631999254226685
-0.7783982753753662
-0.7944376468658447
-0.8117519021034241
-0.8271974325180054
-0.841762900352478
-0.856348991394043
-0.8705158233642578
-0.8846868872642517
-0.8957996368408203
-0.9041568636894226
-0.9103515148162842
-0.914921224117279
-0.9184731245040894
-0.9214794635772705
-0.9242825508117676
-0.9272699356079102
-0.9309569001197815
-0.9360761046409607
-0.9430413842201233
-0.9520936012268066
-0.9622658491134644
-0.9747031331062317
-0.9896155595779419
-1.0075312852859497
-1.0280519723892212
-1.0511691570281982
-1.076025128364563
-1.1028639078140259
-1.124746322631836
-1.1438302993774414
-1.1570943593978882
-1.169400930404663
-1.1805230379104614
-1.1899478435516357
-1.2003066539764404
-1.2110806703567505
-1.2170649766921997
-1.2250173091888428
-1.2418855428695679
-1.2689460515975952
-1.30193030834198
-1.334038257598877
-1.3664435148239136
-1.3932009935379028
-1.4157365560531616
-1.436350703239441
-1.4567350149154663
-1.472585678100586
-1.4848746061325073
-1.4973775148391724
-1.5133283138275146
-1.5338324308395386
-1.5535774230957031
-1.5716607570648193
-1.5957207679748535
-1.625807285308838
-1.6581249237060547
-1.6875733137130737
-1.7183939218521118
-1.7425072193145752
-1.7656904458999634
-1.785857915878296
-1.8092559576034546
-1.834826111793518
-1.858961582183838
-1.8772761821746826
-1.8950107097625732
-1.9154140949249268
-1.9370462894439697
-1.9585204124450684
-1.9788048267364502
-1.9985078573226929
-2.0197386741638184
-2.0417675971984863
-2.0659375190734863
-2.0910346508026123
-2.1163387298583984
-2.1422367095947266
-2.1648805141448975
-2.18918514251709
-2.2152016162872314
-2.242197275161743
-2.2653653621673584
-2.285046100616455
-2.304396390914917
-2.3276193141937256
-2.3496599197387695
-2.3681559562683105
-2.392733335494995
-2.4097583293914795
-2.42779278755188
-2.453032970428467
-2.477046012878418
-2.5000269412994385
-2.5250086784362793
-2.5493392944335938
-2.569047451019287
-2.5846710205078125
-2.597263813018799
-2.6086645126342773
-2.618406057357788
-2.6250414848327637
-2.630959987640381
-2.6363964080810547
-2.6411664485931396
-2.6454246044158936
-2.648855447769165
-2.652115821838379
-2.655444622039795
-2.6590700149536133
-2.6632165908813477
-2.6678056716918945
-2.6731557846069336
-2.6790356636047363
-2.685264825820923
-2.6917362213134766
-2.6981537342071533
-2.704771041870117
-2.7113475799560547
-2.718130588531494
-2.7244577407836914
-2.7306628227233887
-2.736659049987793
-2.7426466941833496
-2.7469418048858643
-2.750920057296753
-2.754751205444336
-2.75825834274292
-2.7613871097564697
-2.7643885612487793
-2.767357110977173
-2.7704763412475586
-2.773862600326538
-2.77748703956604
-2.781623125076294
-2.7858762741088867
-2.7910091876983643
-2.7968695163726807
-2.802546262741089
-2.80950927734375
-2.818432092666626
-2.8291120529174805
-2.839325428009033
-2.8496429920196533
-2.85913348197937
-2.86767840385437
-2.8752362728118896
-2.881776809692383
-2.8876760005950928
-2.892888069152832
-2.8977701663970947
-2.902419328689575
-2.9067952632904053
-2.91078782081604
-2.9145052433013916
-2.9180257320404053
-2.921452283859253
-2.924793004989624
-2.927828788757324
-2.930588483810425
-2.93300199508667
-2.935136556625366
-2.9369869232177734
-2.938600778579712
-2.9400200843811035
-2.94130802154541
-2.9424891471862793
-2.9435906410217285
-2.9446470737457275
-2.945683240890503
-2.946744918823242
-2.9478297233581543
-2.94892954826355
-2.9500133991241455
-2.95100998878479
-2.951923131942749
-2.952826499938965
-2.9538211822509766
-2.955002546310425
-2.9562947750091553
-2.957484483718872
-2.9591379165649414
-2.9605791568756104
-2.9628703594207764
-2.9652624130249023
-2.9689033031463623
-2.97176456451416
-2.975459575653076
-2.9793219566345215
-2.9831061363220215
-2.9864468574523926
-2.9893460273742676
-2.9917075634002686
-2.993572950363159
-2.99505615234375
-2.9962446689605713
-2.997225284576416
-2.9980692863464355
-2.9988455772399902
-2.9995803833007812
-3.000293731689453
-3.0010435581207275
-3.0018279552459717
-3.0026843547821045
-3.003618001937866
-3.0046491622924805
-3.005807399749756
-3.0070641040802
-3.0083670616149902
-3.0099191665649414
-3.0117287635803223
-3.013580799102783
-3.0155622959136963
-3.017699956893921
-3.0199570655822754
-3.022447109222412
-3.024998426437378
-3.027775287628174
-3.0303866863250732
-3.0330939292907715
-3.035489559173584
-3.037951707839966
-3.040297746658325
-3.042372226715088
-3.044172763824463
-3.046041965484619
-3.0478556156158447
-3.04970121383667
-3.0515737533569336
-3.0533323287963867
-3.054931402206421
-3.0564019680023193
-3.057800531387329
-3.0591249465942383
-3.0604538917541504
-3.0616965293884277
-3.0629098415374756
-3.063997268676758
-3.0650720596313477
-3.066007614135742
-3.06687068939209
-3.0676047801971436
-3.068270683288574
-3.068844795227051
-3.0693557262420654
-3.0698130130767822
-3.0702152252197266
-3.0706233978271484
-3.0710256099700928
-3.071446657180786
-3.071906089782715
-3.0723817348480225
-3.072894334793091
-3.0734596252441406
-3.0741183757781982
-3.0749013423919678
-3.0756282806396484
-3.0763614177703857
-3.077150583267212
-3.0780158042907715
-3.0789244174957275
-3.079824209213257
-3.080728054046631
-3.0816290378570557
-3.082584857940674
-3.0836069583892822
-3.0847957134246826
-3.0861072540283203
-3.087775707244873
-3.0899858474731445
-3.0925941467285156
-3.095247983932495
-3.098074197769165
-3.101166009902954
-3.104067325592041
-3.106773614883423
-3.1091809272766113
-3.1111884117126465
-3.112809181213379
-3.11409592628479
-3.1150872707366943
-3.1158576011657715
-3.1164510250091553
-3.116969108581543
-3.1174826622009277
-3.1179463863372803
-3.1183905601501465
-3.1187968254089355
-3.119203805923462
-3.119633436203003
-3.1201000213623047
-3.1205873489379883
-3.121182441711426
-3.121763229370117
-3.1224746704101562
-3.123190402984619
-3.1239852905273438
-3.1248292922973633
-3.125612497329712
-3.126286268234253
-3.126948356628418
-3.127584457397461
-3.1281702518463135
-3.1287641525268555
-3.1293935775756836
-3.1299498081207275
-3.1304492950439453
-3.1309478282928467
-3.1314432621002197
-3.1319191455841064
-3.13242769241333
-3.132948398590088
-3.133610963821411
-3.1344492435455322
-3.135364532470703
-3.1362831592559814
-3.1372008323669434
-3.138122081756592
-3.139012575149536
-3.1398494243621826
-3.140639066696167
-3.1414055824279785
-3.1421003341674805
-3.142742395401001
-3.1433322429656982
-3.143902063369751
-3.144408941268921
-3.1448822021484375
-3.1453359127044678
-3.1457319259643555
-3.146047830581665
-3.1463029384613037
-3.1465303897857666
-3.1467132568359375
-3.1468663215637207
-3.1470136642456055
-3.1471402645111084
-3.1472666263580322
-3.1474111080169678
-3.1475632190704346
-3.1477198600769043
-3.147909641265869
-3.148139238357544
-3.1484718322753906
-3.148782253265381
-3.1492154598236084
-3.14970064163208
-3.15024995803833
-3.150857448577881
-3.1514644622802734
-3.1520445346832275
-3.152560234069824
-3.153007984161377
-3.1533854007720947
-3.153696060180664
-3.153961658477783
-3.154184579849243
-3.1543822288513184
-3.154559373855591
-3.1547276973724365
-3.1548964977264404
-3.155048370361328
-3.1551806926727295
-3.1553142070770264
-3.1554806232452393
-3.155672073364258
-3.155911684036255
-3.1561732292175293
-3.1564605236053467
-3.1567890644073486
-3.157151937484741
-3.157580852508545
-3.158027172088623
-3.1585185527801514
-3.159104347229004
-3.159700870513916
-3.160308837890625
-3.1609113216400146
-3.1614935398101807
-3.1620123386383057
-3.1625027656555176
-3.163015604019165
-3.16349458694458
-3.1638026237487793
-3.1640803813934326
-3.164355516433716
-3.1646077632904053
-3.164851665496826
-3.165104389190674
-3.1653687953948975
-3.165656328201294
-3.165949583053589
-3.166271448135376
-3.166621685028076
-3.1670045852661133
-3.1673622131347656
-3.1677067279815674
-3.168067455291748
-3.168360710144043
-3.16862154006958
-3.1689107418060303
-3.169177293777466
-3.169443130493164
-3.1696860790252686
-3.1699378490448
-3.1701879501342773
-3.1704297065734863
-3.1706364154815674
-3.170839786529541
-3.1710598468780518
-3.171323299407959
-3.1715619564056396
-3.1718552112579346
-3.172250270843506
-3.172717332839966
-3.173194646835327
-3.1737043857574463
-3.1742444038391113
-3.174823045730591
-3.175386428833008
-3.175985097885132
-3.1765060424804688
-3.176995038986206
-3.1774299144744873
-3.1777658462524414
-3.178041696548462
-3.178274631500244
-3.178495407104492
-3.1787028312683105
-3.178853988647461
-3.179006576538086
-3.1791739463806152
-3.1792988777160645
-3.179419755935669
-3.1795706748962402
-3.1797194480895996
-3.1798624992370605
-3.1800053119659424
-3.180126428604126
-3.18023419380188
-3.1803367137908936
-3.180431842803955
-3.180513381958008
-3.1805875301361084
-3.1806628704071045
-3.1807427406311035
-3.180820941925049
-3.1808903217315674
-3.1809844970703125
-3.181060552597046
-3.181159019470215
-3.1812994480133057
-3.181457996368408
-3.1816372871398926
-3.1818437576293945
-3.182054281234741
-3.182246208190918
-3.182431697845459
-3.182603597640991
-3.1827590465545654
-3.182898998260498
-3.18302845954895
-3.183145523071289
-3.183255434036255
-3.183363914489746
-3.1834843158721924
-3.183610677719116
-3.183755874633789
-3.1839168071746826
-3.184143304824829
-3.1843509674072266
-3.1846189498901367
-3.1849350929260254
-3.1852505207061768
-3.1855552196502686
-3.185845375061035
-3.186098337173462
-3.1863179206848145
-3.1864988803863525
-3.186645030975342
-3.1867542266845703
-3.1868460178375244
-3.1869306564331055
-3.1870133876800537
-3.1870884895324707
-3.1871538162231445
-3.1872148513793945
-3.1872689723968506
-3.187319040298462
-3.1873650550842285
-3.1874115467071533
-3.18745756149292
-3.1875081062316895
-3.18756103515625
-3.1876304149627686
-3.187704086303711
-3.187791347503662
-3.1878859996795654
-3.1879987716674805
-3.1881444454193115
-3.188310384750366
-3.188506841659546
-3.188753843307495
-3.189051628112793
-3.1893091201782227
-3.1896097660064697
-3.1899876594543457
-3.1904356479644775
-3.1908750534057617
-3.191314458847046
-3.1916990280151367
-3.1920700073242188
-3.192396879196167
-3.1927096843719482
-3.1929779052734375
-3.193223476409912
-3.193427562713623
-3.193614959716797
-3.19380521774292
-3.193967580795288
-3.194099187850952
-3.1942245960235596
-3.1943507194519043
-3.194467544555664
-3.194535732269287
-3.1945912837982178
-3.194650411605835
-3.194706439971924
-3.194760799407959
-3.1948201656341553
-3.1948752403259277
-3.1949217319488525
-3.194969415664673
-3.1950364112854004
-3.1951069831848145
-3.1952037811279297
-3.1953094005584717
-3.195417881011963
-3.195533275604248
-3.1956536769866943
-3.195770502090454
-3.195880651473999
-3.195979595184326
-3.1960721015930176
-3.19616436958313
-3.1962392330169678
-3.196315288543701
-3.196402072906494
-3.1965060234069824
-3.1966147422790527
-3.196723222732544
-3.1968374252319336
-3.1969616413116455
-3.1971042156219482
-3.1972596645355225
-3.1974260807037354
-3.1976046562194824
-3.197796106338501
-3.197998046875
-3.1982109546661377
-3.198429584503174
-3.1986615657806396
-3.1988275051116943
-3.1989965438842773
-3.199169635772705
-3.1993439197540283
-3.199517011642456
-3.199688673019409
-3.1998610496520996
-3.200033664703369
-3.200204849243164
-3.2003612518310547
-3.2005107402801514
-3.2006547451019287
-3.200779676437378
-3.2009012699127197
-3.2010159492492676
-3.201119899749756
-3.2012176513671875
-3.201303482055664
-3.2013795375823975
-3.2014477252960205
