0.9967477917671204
0.997376561164856
0.997514009475708
0.9743233323097229
0.9447517991065979
0.9437597393989563
0.9431301951408386
0.8204120397567749
0.7354663014411926
0.4499058723449707
0.14958272874355316
0.00768257537856698
0.013602019287645817
0.031087571755051613
0.13182216882705688
0.13653330504894257
0.17822220921516418
0.17828908562660217
0.19811022281646729
0.20828068256378174
0.20988111197948456
0.21601822972297668
0.23321880400180817
0.2255624383687973
0.2420041412115097
0.22392141819000244
0.24344779551029205
0.23959340155124664
0.24719609320163727
0.24757839739322662
0.2529059648513794
0.2554890513420105
0.25147512555122375
0.25708213448524475
0.24945975840091705
0.2552998661994934
0.26612386107444763
0.2581103444099426
0.2615950405597687
0.2602230906486511
