0.0006077723810449243
0.000607841182500124
0.0006069469964131713
0.0006066718488000333
0.0006131374975666404
0.0005725551745854318
0.0008287742966786027
0.00015737699868623167
0.0010933850426226854
0.0013799377484247088
0.0002798807108774781
0.0008992087095975876
0.00024115550331771374
8.116471690300386e-06
3.0471159334410913e-05
0.00014499595272354782
0.00015861510473769158
0.00033442614949308336
5.344489909475669e-05
0.00013344029139261693
0.00017209671204909682
8.584200259065256e-05
9.897968266159296e-05
1.0179981472902e-05
1.3068894986645319e-05
0.00011294276191620156
3.494209886412136e-05
3.789979382418096e-05
8.020174573175609e-05
0.00017147765902336687
0.00015414417430292815
0.00014857269707135856
0.0001416255545336753
0.00014148798072710633
0.00011878937220899388
0.00016879508621059358
0.00018502803868614137
0.00027754204347729683
0.0002519545378163457
0.00026309749227948487
