0.000000 0.000000 1.000000 111.389168
0.000000 0.000000 0.000000 119.120659
0.000000 1.000000 1.000000 89.171867
0.000000 1.000000 0.000000 85.333519
4.000000 0.000000 1.000000 9.053794
4.000000 0.000000 0.000000 10.733454
4.000000 1.000000 1.000000 11.020441
4.000000 1.000000 0.000000 12.879668
0.000000 0.000000 0.200000 118.558022
0.000000 0.000000 0.400000 117.513702
0.000000 0.000000 0.600000 115.971252
0.000000 0.000000 0.800000 113.926064
0.000000 0.200000 1.000000 58.470745
0.000000 0.400000 1.000000 15.729574
0.000000 0.600000 1.000000 27.089434
0.000000 0.800000 1.000000 59.668175
0.000000 1.000000 0.200000 85.799736
0.000000 1.000000 0.400000 86.449371
0.000000 1.000000 0.600000 87.249207
0.000000 1.000000 0.800000 88.167084
0.000000 0.200000 0.000000 64.733444
0.000000 0.400000 0.000000 21.483974
0.000000 0.600000 0.000000 24.474760
0.000000 0.800000 0.000000 56.149326
4.000000 0.000000 0.200000 9.779251
4.000000 0.000000 0.400000 9.096991
4.000000 0.000000 0.600000 8.712132
4.000000 0.000000 0.800000 8.676573
4.000000 0.200000 1.000000 8.720772
4.000000 0.400000 1.000000 9.250792
4.000000 0.600000 1.000000 9.913872
4.000000 0.800000 1.000000 10.470951
4.000000 1.000000 0.200000 11.976723
4.000000 1.000000 0.400000 11.211116
4.000000 1.000000 0.600000 10.697150
4.000000 1.000000 0.800000 10.585770
4.000000 0.200000 0.000000 9.470036
4.000000 0.400000 0.000000 9.284268
4.000000 0.600000 0.000000 9.875713
4.000000 0.800000 0.000000 11.081317
0.235294 0.000000 0.000000 113.735947
0.470588 0.000000 0.000000 105.163567
0.705882 0.000000 0.000000 96.168289
0.941176 0.000000 0.000000 87.975815
1.176471 0.000000 0.000000 80.716866
1.411765 0.000000 0.000000 74.050171
1.647059 0.000000 0.000000 67.566269
1.882353 0.000000 0.000000 60.972004
2.117647 0.000000 0.000000 54.146751
2.352941 0.000000 0.000000 47.134235
2.588235 0.000000 0.000000 40.104546
2.823529 0.000000 0.000000 33.302296
3.058824 0.000000 0.000000 26.992037
3.294118 0.000000 0.000000 21.414202
3.529412 0.000000 0.000000 16.760826
3.764706 0.000000 0.000000 13.169714
0.235294 0.000000 1.000000 110.195114
0.470588 0.000000 1.000000 104.661354
0.705882 0.000000 1.000000 97.358635
0.941176 0.000000 1.000000 89.785172
1.176471 0.000000 1.000000 82.448799
1.411765 0.000000 1.000000 75.304672
1.647059 0.000000 1.000000 68.133591
1.882353 0.000000 1.000000 60.766518
2.117647 0.000000 1.000000 53.175556
2.352941 0.000000 1.000000 45.483879
2.588235 0.000000 1.000000 37.924995
2.823529 0.000000 1.000000 30.783245
3.058824 0.000000 1.000000 24.338934
3.294118 0.000000 1.000000 18.823349
3.529412 0.000000 1.000000 14.397431
3.764706 0.000000 1.000000 11.140997
0.235294 1.000000 0.000000 85.565979
0.470588 1.000000 0.000000 83.676216
0.705882 1.000000 0.000000 80.214127
0.941176 1.000000 0.000000 75.761734
1.176471 1.000000 0.000000 70.704178
1.411765 1.000000 0.000000 65.242050
1.647059 1.000000 0.000000 59.497589
1.882353 1.000000 0.000000 53.597218
2.117647 1.000000 0.000000 47.691929
2.352941 1.000000 0.000000 41.936192
2.588235 1.000000 0.000000 36.450298
2.823529 1.000000 0.000000 31.305117
3.058824 1.000000 0.000000 26.528452
3.294118 1.000000 0.000000 22.143047
3.529412 1.000000 0.000000 18.223831
3.764706 1.000000 0.000000 14.986143
0.235294 1.000000 1.000000 87.786751
0.470588 1.000000 1.000000 84.530869
0.705882 1.000000 1.000000 80.081062
0.941176 1.000000 1.000000 75.056374
1.176471 1.000000 1.000000 69.803177
1.411765 1.000000 1.000000 64.441154
1.647059 1.000000 1.000000 59.000633
1.882353 1.000000 1.000000 53.523388
2.117647 1.000000 1.000000 48.089058
2.352941 1.000000 1.000000 42.789490
2.588235 1.000000 1.000000 37.686989
2.823529 1.000000 1.000000 32.793709
3.058824 1.000000 1.000000 28.077667
3.294118 1.000000 1.000000 23.495293
3.529412 1.000000 1.000000 19.034605
3.764706 1.000000 1.000000 14.774755
0.000000 0.509700 0.835350 12.097631
0.000000 0.509668 0.162755 12.220872
0.000000 0.172261 0.498365 69.694595
0.000000 0.866491 0.491948 67.378731
0.000000 0.169297 0.300748 71.502762
0.000000 0.329252 0.396151 33.726524
0.000000 0.324479 0.600200 33.572922
0.000000 0.519615 0.500000 12.671281
0.000000 0.310850 0.814699 34.907623
0.000000 0.811909 0.315235 58.488361
0.000000 0.699816 0.830577 42.728554
0.000000 0.316107 0.188045 37.422249
0.000000 0.694228 0.161631 39.571857
0.000000 0.159000 0.694476 71.594940
0.000000 0.825476 0.684108 61.947639
0.000000 0.614336 0.668213 27.735203
0.000000 0.611125 0.319903 26.174717
0.000000 0.682304 0.476581 38.296436
0.000000 0.853590 0.146410 64.452614
0.000000 0.146410 0.853590 73.309174
0.000000 0.146410 0.146410 77.936432
0.000000 0.853590 0.853590 67.071381
0.000000 0.458202 0.689697 10.205033
0.000000 0.458123 0.310250 11.858827
4.000000 0.866491 0.491948 9.906070
4.000000 0.172261 0.498365 7.720487
4.000000 0.509668 0.162755 8.776627
4.000000 0.509700 0.835350 8.685193
4.000000 0.169297 0.300748 8.195324
4.000000 0.329252 0.396151 7.685830
4.000000 0.324479 0.600200 7.551951
4.000000 0.519615 0.500000 8.037584
4.000000 0.310850 0.814699 8.018095
4.000000 0.811909 0.315235 9.935975
4.000000 0.699816 0.830577 9.346006
4.000000 0.316107 0.188045 8.323919
4.000000 0.694228 0.161631 9.668320
4.000000 0.159000 0.694476 7.737217
4.000000 0.825476 0.684108 9.555297
4.000000 0.614336 0.668213 8.547054
4.000000 0.611125 0.319903 8.702218
4.000000 0.682304 0.476581 8.797926
4.000000 0.853590 0.146410 10.861535
4.000000 0.146410 0.853590 8.093630
4.000000 0.146410 0.146410 8.922188
4.000000 0.853590 0.853590 10.006101
4.000000 0.458202 0.689697 8.009521
4.000000 0.458123 0.310250 8.118441
3.826795 0.000000 0.500000 10.553149
0.173205 0.000000 0.500000 114.795593
2.470588 0.000000 0.203771 43.057110
3.176760 0.000000 0.796654 21.652054
2.000000 0.000000 0.203771 57.453129
1.058824 0.000000 0.203771 85.028473
1.529412 0.000000 0.203771 71.166252
2.705935 0.000000 0.796177 34.534618
2.235249 0.000000 0.796029 49.462940
2.941176 0.000000 0.203771 29.265387
1.764569 0.000000 0.795686 64.444542
0.823240 0.000000 0.796654 93.746216
1.293625 0.000000 0.795610 78.779793
3.386721 0.000000 0.225778 18.473270
0.612926 0.000000 0.225600 100.550285
3.658038 0.000000 0.793661 12.394307
0.342653 0.000000 0.793078 109.305046
0.586985 0.000000 0.796398 101.729095
0.715106 0.000000 0.599464 97.457863
0.941645 0.000000 0.598488 89.706635
0.829162 0.000000 0.384469 93.158165
0.481853 0.000000 0.570755 105.661110
3.412723 0.000000 0.796711 16.547134
3.285305 0.000000 0.600226 19.520088
3.057969 0.000000 0.598788 24.983850
3.170700 0.000000 0.384600 22.742117
3.518463 0.000000 0.571338 14.934093
0.345572 0.000000 0.206546 110.369919
3.654372 0.000000 0.206891 13.767964
2.941090 0.000000 0.797329 27.714108
2.823588 0.000000 0.598277 31.425884
2.588222 0.000000 0.597870 38.503426
2.705785 0.000000 0.388632 35.417156
1.058525 0.000000 0.797076 86.068344
1.175534 0.000000 0.597712 82.229462
1.410728 0.000000 0.596814 75.091515
1.292558 0.000000 0.387784 78.359291
1.528945 0.000000 0.796369 71.654701
1.646410 0.000000 0.597073 68.027145
1.882048 0.000000 0.596813 60.830170
1.765040 0.000000 0.386999 64.427872
1.999838 0.000000 0.796567 57.042328
2.117477 0.000000 0.597412 53.436043
2.353037 0.000000 0.598516 45.919678
2.235940 0.000000 0.387692 49.967102
2.470588 0.000000 0.796232 41.877293
3.838169 0.000000 0.692456 10.154707
3.837472 0.000000 0.307636 10.954973
0.162530 0.000000 0.307578 115.697258
0.162240 0.000000 0.692359 113.881302
3.521703 0.000000 0.365848 15.406130
0.478229 0.000000 0.365590 105.815315
3.170308 0.000000 0.162830 23.535469
0.829594 0.000000 0.162768 92.458603
2.939844 0.000000 0.434813 28.560038
1.059545 0.000000 0.434445 85.610550
2.705863 0.000000 0.159235 36.104237
2.470714 0.000000 0.435296 42.505405
1.293806 0.000000 0.159065 77.824593
2.235423 0.000000 0.159047 50.370274
2.000101 0.000000 0.434538 57.266827
1.528829 0.000000 0.434488 71.442055
1.764773 0.000000 0.158908 64.385124
0.634066 0.000000 0.427155 100.206139
3.365793 0.000000 0.427440 18.231842
0.293124 0.000000 0.591238 111.536301
3.707173 0.000000 0.591491 11.908316
0.322419 0.000000 0.423618 111.106880
3.677663 0.000000 0.423867 12.698030
3.852183 0.000000 0.857223 10.014949
0.148037 0.000000 0.857087 112.737488
3.851310 0.000000 0.142905 11.437613
0.148679 0.000000 0.142825 116.284126
3.826795 1.000000 0.500000 13.078353
0.173205 1.000000 0.500000 86.655792
2.445185 1.000000 0.228560 39.933323
3.176702 1.000000 0.203209 24.371492
2.000006 1.000000 0.796233 50.755360
1.058824 1.000000 0.203771 72.988174
1.529412 1.000000 0.203771 62.192101
2.705882 1.000000 0.796229 34.804314
0.823240 1.000000 0.796654 77.596359
1.293639 1.000000 0.795618 67.275398
3.387076 1.000000 0.774358 20.996347
0.612926 1.000000 0.225600 81.556152
2.000000 1.000000 0.203771 50.635979
3.657347 1.000000 0.206922 15.996274
0.342653 1.000000 0.793078 85.975693
0.586985 1.000000 0.796398 82.214508
0.715106 1.000000 0.599464 79.730438
0.941645 1.000000 0.598488 75.157089
0.829162 1.000000 0.384469 77.565605
0.481853 1.000000 0.570755 83.702583
3.413005 1.000000 0.203579 20.019201
3.284886 1.000000 0.400476 22.432644
3.058454 1.000000 0.405488 26.874504
3.178163 1.000000 0.608640 24.749779
2.944164 1.000000 0.609941 29.484161
2.824139 1.000000 0.402265 31.713158
3.518147 1.000000 0.429230 18.149803
0.345572 1.000000 0.206546 84.979439
3.654428 1.000000 0.793448 16.067945
1.058527 1.000000 0.797077 72.544319
1.175537 1.000000 0.597714 70.065681
1.410748 1.000000 0.596821 64.711891
1.292558 1.000000 0.387784 67.587242
1.528983 1.000000 0.796464 61.851906
1.646136 1.000000 0.593224 59.184059
2.235295 1.000000 0.796230 45.263573
2.117648 1.000000 0.596998 47.907104
2.352941 1.000000 0.592459 42.389332
2.226562 1.000000 0.380204 45.198425
1.882373 1.000000 0.596068 53.532463
2.701750 1.000000 0.206911 34.127075
2.603211 1.000000 0.411749 36.526482
1.764946 1.000000 0.164619 56.461502
2.461025 1.000000 0.801751 40.149437
1.764485 1.000000 0.796998 56.319920
2.941176 1.000000 0.203153 29.048243
3.837470 1.000000 0.692421 12.842413
3.837760 1.000000 0.307641 13.276452
0.162530 1.000000 0.307578 86.212532
0.162240 1.000000 0.692359 87.305763
3.521775 1.000000 0.634394 18.213179
0.478229 1.000000 0.365590 83.576485
3.133920 1.000000 0.802607 26.011406
0.829594 1.000000 0.162768 77.743256
2.933264 1.000000 0.841755 30.150852
2.721650 1.000000 0.569154 34.122139
1.059545 1.000000 0.434445 72.739113
2.228467 1.000000 0.162507 45.027409
1.998498 1.000000 0.438519 50.713253
1.764097 1.000000 0.373588 56.413689
1.293806 1.000000 0.159065 67.797989
1.528590 1.000000 0.431037 62.051830
0.634066 1.000000 0.427155 81.177773
3.371406 1.000000 0.570994 20.946306
2.535106 1.000000 0.615945 38.277592
0.293124 1.000000 0.591238 86.045952
3.706876 1.000000 0.408759 14.986559
0.322419 1.000000 0.423618 85.446533
3.677582 1.000000 0.576375 15.407624
2.410415 1.000000 0.423429 40.912861
3.851963 1.000000 0.142913 13.565248
0.148037 1.000000 0.857087 87.982872
0.148679 1.000000 0.142825 85.926102
3.851321 1.000000 0.857174 12.844886
3.826795 0.500000 0.000000 9.394523
0.173205 0.500000 0.000000 12.620746
2.470592 0.203763 0.000000 25.389313
3.176702 0.203209 0.000000 15.166242
2.000002 0.224524 0.000000 30.264692
1.058824 0.203771 0.000000 45.701622
1.504028 0.228560 0.000000 35.966228
2.705882 0.796229 0.000000 22.901012
2.225269 0.806551 0.000000 30.437010
1.764705 0.800768 0.000000 37.369598
0.823240 0.796654 0.000000 51.203190
1.294065 0.796177 0.000000 44.352730
3.386723 0.774179 0.000000 14.695032
0.613279 0.225778 0.000000 48.464478
3.658038 0.206339 0.000000 10.699326
0.341962 0.793661 0.000000 55.459831
0.587277 0.796711 0.000000 54.019913
0.714695 0.600226 0.000000 24.289536
0.942031 0.598788 0.000000 22.672436
0.829300 0.384600 0.000000 18.021597
0.481537 0.571338 0.000000 21.099176
3.412718 0.203277 0.000000 12.632363
3.285297 0.399716 0.000000 9.764207
3.058522 0.405361 0.000000 10.190766
3.178163 0.608640 0.000000 11.825747
2.944164 0.609941 0.000000 12.656559
2.824150 0.402243 0.000000 10.832442
3.518463 0.428649 0.000000 9.341253
0.345628 0.206891 0.000000 57.456596
3.654372 0.793103 0.000000 12.829445
1.058910 0.797329 0.000000 48.011002
1.176412 0.598277 0.000000 21.056450
1.401739 0.603746 0.000000 20.194668
1.280265 0.378659 0.000000 17.006235
2.705986 0.202775 0.000000 21.782333
2.588542 0.401885 0.000000 11.488488
2.372240 0.403662 0.000000 11.979579
2.497262 0.608588 0.000000 14.264421
1.998329 0.798706 0.000000 33.389729
1.857031 0.572740 0.000000 14.602007
2.091502 0.599202 0.000000 15.546971
2.248169 0.201010 0.000000 29.138523
1.764706 0.203771 0.000000 35.998634
1.647059 0.407541 0.000000 13.108025
1.527732 0.803397 0.000000 41.504505
2.941286 0.202265 0.000000 18.313152
3.837473 0.692363 0.000000 10.652984
0.162528 0.307636 0.000000 37.987141
3.838169 0.307544 0.000000 9.301974
0.161831 0.692456 0.000000 39.994610
3.521707 0.634136 0.000000 11.082057
0.478297 0.365848 0.000000 23.278183
3.133861 0.802577 0.000000 18.065258
0.829692 0.162830 0.000000 57.231548
2.933252 0.841749 0.000000 22.094187
2.712000 0.563777 0.000000 11.707145
1.057366 0.432819 0.000000 11.827144
2.456885 0.814755 0.000000 27.467478
1.621486 0.607014 0.000000 19.060514
1.996250 0.420662 0.000000 11.720820
1.286270 0.162198 0.000000 49.282001
0.634207 0.427440 0.000000 13.526065
3.371358 0.570688 0.000000 10.557851
2.171118 0.393803 0.000000 13.061368
1.839008 0.369887 0.000000 16.053345
3.707173 0.408506 0.000000 9.199944
0.292827 0.591491 0.000000 24.244503
0.322337 0.423867 0.000000 15.468595
3.677664 0.576126 0.000000 9.983450
2.297683 0.615575 0.000000 15.615898
1.474909 0.429098 0.000000 11.601379
3.852183 0.142777 0.000000 10.333830
0.147817 0.857223 0.000000 65.329514
3.851310 0.857093 0.000000 12.267989
0.148690 0.142905 0.000000 76.913864
3.826795 0.500000 1.000000 10.119769
0.173205 0.500000 1.000000 11.144613
2.470592 0.203763 1.000000 23.484444
3.176702 0.203209 1.000000 13.319633
2.000002 0.224524 1.000000 29.368408
1.058824 0.203771 1.000000 46.861767
1.504028 0.228560 1.000000 36.385700
2.705882 0.796229 1.000000 24.901886
2.225269 0.806551 1.000000 31.549786
1.764705 0.800768 1.000000 37.479313
0.823240 0.796654 1.000000 50.637531
1.294065 0.796177 1.000000 43.719276
3.386723 0.774179 1.000000 16.694149
0.613279 0.225778 1.000000 48.599487
3.658038 0.206339 1.000000 9.745094
0.341962 0.793661 1.000000 56.566048
0.587277 0.796711 1.000000 54.023140
0.714695 0.600226 1.000000 23.470112
0.942031 0.598788 1.000000 21.838135
0.829300 0.384600 1.000000 18.206820
0.481537 0.571338 1.000000 20.476524
3.412718 0.203277 1.000000 11.209945
3.285297 0.399716 1.000000 10.355766
3.058522 0.405361 1.000000 10.546467
3.178163 0.608640 1.000000 14.098794
2.944164 0.609941 1.000000 14.943234
2.824150 0.402243 1.000000 10.717460
3.518463 0.428649 1.000000 10.296376
0.345628 0.206891 1.000000 55.639671
3.654372 0.793103 1.000000 14.061864
1.058910 0.797329 1.000000 47.268677
1.176412 0.598277 1.000000 20.433393
1.401739 0.603746 1.000000 19.874771
1.280265 0.378659 1.000000 17.561501
2.705986 0.202775 1.000000 19.651295
2.588542 0.401885 1.000000 10.998296
2.372240 0.403662 1.000000 11.329608
2.497262 0.608588 1.000000 16.072323
1.998329 0.798706 1.000000 34.012272
1.857031 0.572740 1.000000 15.111074
2.091502 0.599202 1.000000 16.562435
2.248169 0.201010 1.000000 27.637260
1.764706 0.203771 1.000000 35.763447
1.647059 0.407541 1.000000 13.085865
1.527732 0.803397 1.000000 41.167137
2.941286 0.202265 1.000000 16.201113
3.837473 0.692363 1.000000 11.347599
0.162528 0.307636 1.000000 34.091702
3.838169 0.307544 1.000000 9.186405
0.161831 0.692456 1.000000 41.940441
3.521707 0.634136 1.000000 12.922536
0.478297 0.365848 1.000000 21.925192
3.133861 0.802577 1.000000 20.262741
0.829692 0.162830 1.000000 58.330227
2.933252 0.841749 1.000000 24.178370
2.712000 0.563777 1.000000 13.620508
1.057366 0.432819 1.000000 12.054534
2.456885 0.814755 1.000000 29.032644
1.621486 0.607014 1.000000 19.114016
1.996250 0.420662 1.000000 11.320807
1.286270 0.162198 1.000000 50.308475
0.634207 0.427440 1.000000 12.409473
3.371358 0.570688 1.000000 12.539959
2.171118 0.393803 1.000000 12.316112
1.839008 0.369887 1.000000 15.629395
3.707173 0.408506 1.000000 9.828822
0.292827 0.591491 1.000000 24.627270
0.322337 0.423867 1.000000 12.431419
3.677664 0.576126 1.000000 11.331838
2.297683 0.615575 1.000000 17.074301
1.474909 0.429098 1.000000 11.803292
3.852183 0.142777 1.000000 9.188130
0.147817 0.857223 1.000000 67.847023
3.851310 0.857093 1.000000 12.324263
0.148690 0.142905 1.000000 72.625954
3.300033 0.500059 0.500000 9.162111
0.702884 0.500053 0.500000 11.046731
2.789997 0.499331 0.499900 9.570065
2.062793 0.499840 0.502336 9.640711
1.408958 0.500001 0.500000 10.228741
0.360444 0.531781 0.360134 14.749464
3.627047 0.633860 0.368946 10.085837
3.626805 0.365872 0.634128 8.041192
0.379478 0.338840 0.658896 28.526905
2.425951 0.390232 0.391345 11.221059
1.055912 0.374136 0.612962 19.045029
0.333346 0.674044 0.674022 37.027634
1.738086 0.363495 0.636836 16.646248
1.059307 0.637714 0.350706 26.395674
3.681358 0.310688 0.313742 8.194230
1.736420 0.612154 0.356573 18.610704
3.679443 0.686025 0.689714 10.966002
2.364222 0.641665 0.644805 17.510515
3.045215 0.337311 0.663389 9.974087
3.015371 0.313369 0.325016 11.222416
2.575489 0.321083 0.678878 13.789419
0.926360 0.675458 0.675416 32.452648
3.044817 0.661571 0.328424 13.969658
3.062754 0.681452 0.672080 15.342485
1.712307 0.689691 0.691775 26.755381
0.542234 0.292388 0.292348 36.638844
2.252190 0.299071 0.672253 18.548130
1.247093 0.696790 0.697158 32.157352
1.617830 0.303214 0.333622 24.748756
2.575691 0.680170 0.317318 17.972277
1.148666 0.322812 0.298977 25.813379
1.941449 0.321509 0.284703 19.884077
0.582084 0.725325 0.330721 43.106976
0.255713 0.281327 0.294710 42.301407
3.345101 0.298962 0.721257 9.325658
3.346438 0.721836 0.300396 13.640158
3.385010 0.324850 0.272372 9.100472
0.629708 0.688263 0.722784 37.093952
2.694296 0.330072 0.271421 13.072902
2.263561 0.646570 0.310603 18.016115
0.246743 0.742792 0.246306 47.822174
0.779992 0.280085 0.692126 36.539043
3.387305 0.723273 0.672055 13.997689
1.330534 0.275870 0.683463 31.473232
2.078990 0.721086 0.708521 26.020229
1.347009 0.699461 0.281465 31.648573
2.662392 0.716910 0.679125 20.066505
0.857336 0.273614 0.273673 36.596882
3.771176 0.223357 0.776643 8.352958
3.774135 0.770168 0.225332 11.138465
1.979902 0.347082 0.775515 16.640615
0.215283 0.215258 0.778982 56.119045
0.226785 0.483976 0.768979 9.736245
1.994871 0.729982 0.350211 27.412302
3.773512 0.511369 0.229856 8.614902
3.504454 0.226677 0.467680 9.557008
2.212658 0.265462 0.253276 22.762831
0.805990 0.582743 0.258828 20.693405
3.772665 0.227767 0.513161 8.098093
2.816361 0.240125 0.760037 15.790648
0.592581 0.439586 0.750759 11.529962
0.226664 0.227164 0.520800 54.367104
2.858964 0.502292 0.756405 10.332934
1.528161 0.497711 0.743329 10.059641
3.783826 0.453518 0.778347 8.633682
1.500317 0.752135 0.535715 35.870213
3.771864 0.461333 0.472795 8.016608
2.819391 0.237764 0.484381 16.235332
0.221456 0.459135 0.537725 10.523835
3.473555 0.538378 0.213188 9.391523
2.813106 0.565028 0.244575 11.298807
2.864719 0.756770 0.507677 19.726826
0.256402 0.780674 0.478590 53.923615
1.392291 0.413520 0.250688 13.025919
2.055119 0.240782 0.513919 26.925156
3.770255 0.787773 0.449885 11.151694
3.220747 0.244387 0.483133 11.393209
0.478721 0.527969 0.562425 13.978373
0.580050 0.234317 0.538849 48.013618
3.184477 0.475435 0.222449 9.051083
0.752103 0.764267 0.514425 46.925201
0.198016 0.782506 0.803304 55.334854
3.263156 0.530594 0.776226 10.667379
0.209162 0.477698 0.213418 10.985980
3.506412 0.538594 0.776672 10.162163
1.535556 0.219040 0.553433 37.207752
3.556384 0.438991 0.439953 8.166949
2.543877 0.204161 0.446398 22.764301
0.580533 0.515659 0.215703 13.076327
2.189610 0.511993 0.782822 10.483151
2.553504 0.524426 0.548247 10.407541
0.926198 0.786664 0.216989 48.082497
1.473537 0.731328 0.775375 33.829506
2.213886 0.787415 0.509928 29.522755
1.984316 0.541708 0.204751 11.780627
1.087404 0.536762 0.786157 13.587938
3.567639 0.728877 0.186467 12.080914
0.503439 0.754847 0.543740 48.250248
3.553066 0.785335 0.525301 13.336768
