0.000000 0.000000 1.000000 0.028407
0.000000 0.000000 0.000000 0.030437
0.000000 1.000000 1.000000 0.028232
0.000000 1.000000 0.000000 0.028492
4.000000 0.000000 1.000000 1.406620
4.000000 0.000000 0.000000 1.410939
4.000000 1.000000 1.000000 1.435393
4.000000 1.000000 0.000000 1.432098
0.000000 0.000000 0.200000 0.029291
0.000000 0.000000 0.400000 0.028567
0.000000 0.000000 0.600000 0.028183
0.000000 0.000000 0.800000 0.028113
0.000000 0.200000 1.000000 0.016584
0.000000 0.400000 1.000000 0.006228
0.000000 0.600000 1.000000 0.006425
0.000000 0.800000 1.000000 0.016644
0.000000 1.000000 0.200000 0.027535
0.000000 1.000000 0.400000 0.027134
0.000000 1.000000 0.600000 0.027125
0.000000 1.000000 0.800000 0.027458
0.000000 0.200000 0.000000 0.017742
0.000000 0.400000 0.000000 0.006533
0.000000 0.600000 0.000000 0.006884
0.000000 0.800000 0.000000 0.017340
4.000000 0.000000 0.200000 1.411412
4.000000 0.000000 0.400000 1.411182
4.000000 0.000000 0.600000 1.410286
4.000000 0.000000 0.800000 1.408755
4.000000 0.200000 1.000000 1.398981
4.000000 0.400000 1.000000 1.398272
4.000000 0.600000 1.000000 1.404275
4.000000 0.800000 1.000000 1.416739
4.000000 1.000000 0.200000 1.433791
4.000000 1.000000 0.400000 1.434951
4.000000 1.000000 0.600000 1.435595
4.000000 1.000000 0.800000 1.435738
4.000000 0.200000 0.000000 1.401774
4.000000 0.400000 0.000000 1.399494
4.000000 0.600000 0.000000 1.403928
4.000000 0.800000 0.000000 1.414873
0.235294 0.000000 0.000000 0.057730
0.470588 0.000000 0.000000 0.092638
0.705882 0.000000 0.000000 0.135723
0.941176 0.000000 0.000000 0.187192
1.176471 0.000000 0.000000 0.246833
1.411765 0.000000 0.000000 0.314238
1.647059 0.000000 0.000000 0.388939
1.882353 0.000000 0.000000 0.470438
2.117647 0.000000 0.000000 0.558205
2.352941 0.000000 0.000000 0.651660
2.588235 0.000000 0.000000 0.750180
2.823529 0.000000 0.000000 0.853109
3.058824 0.000000 0.000000 0.959772
3.294118 0.000000 0.000000 1.069503
3.529412 0.000000 0.000000 1.181661
3.764706 0.000000 0.000000 1.295652
0.235294 0.000000 1.000000 0.054851
0.470588 0.000000 1.000000 0.089459
0.705882 0.000000 1.000000 0.132591
0.941176 0.000000 1.000000 0.184206
1.176471 0.000000 1.000000 0.243964
1.411765 0.000000 1.000000 0.311421
1.647059 0.000000 1.000000 0.386115
1.882353 0.000000 1.000000 0.467569
2.117647 0.000000 1.000000 0.555265
2.352941 0.000000 1.000000 0.648636
2.588235 0.000000 1.000000 0.747059
2.823529 0.000000 1.000000 0.849872
3.058824 0.000000 1.000000 0.956395
3.294118 0.000000 1.000000 1.065952
3.529412 0.000000 1.000000 1.177899
3.764706 0.000000 1.000000 1.291634
0.235294 1.000000 0.000000 0.058998
0.470588 1.000000 0.000000 0.097432
0.705882 1.000000 0.000000 0.143852
0.941176 1.000000 0.000000 0.198428
1.176471 1.000000 0.000000 0.261042
1.411765 1.000000 0.000000 0.331321
1.647059 1.000000 0.000000 0.408730
1.882353 1.000000 0.000000 0.492655
2.117647 1.000000 0.000000 0.582448
2.352941 1.000000 0.000000 0.677443
2.588235 1.000000 0.000000 0.776966
2.823529 1.000000 0.000000 0.880330
3.058824 1.000000 0.000000 0.986854
3.294118 1.000000 0.000000 1.095878
3.529412 1.000000 0.000000 1.206785
3.764706 1.000000 0.000000 1.319020
0.235294 1.000000 1.000000 0.059191
0.470588 1.000000 1.000000 0.097253
0.705882 1.000000 1.000000 0.142999
0.941176 1.000000 1.000000 0.196928
1.176471 1.000000 1.000000 0.259085
1.411765 1.000000 1.000000 0.329157
1.647059 1.000000 1.000000 0.406620
1.882353 1.000000 1.000000 0.490842
2.117647 1.000000 1.000000 0.581138
2.352941 1.000000 1.000000 0.676789
2.588235 1.000000 1.000000 0.777059
2.823529 1.000000 1.000000 0.881196
3.058824 1.000000 1.000000 0.988456
3.294118 1.000000 1.000000 1.098125
3.529412 1.000000 1.000000 1.209544
3.764706 1.000000 1.000000 1.322132
0.000000 0.509700 0.835350 0.001848
0.000000 0.509668 0.162755 0.001991
0.000000 0.172261 0.498365 0.017795
0.000000 0.866491 0.491948 0.019643
0.000000 0.169297 0.300748 0.018342
0.000000 0.329252 0.396151 0.008963
0.000000 0.324479 0.600200 0.009124
0.000000 0.519615 0.500000 0.001374
0.000000 0.310850 0.814699 0.010018
0.000000 0.811909 0.315235 0.016892
0.000000 0.699816 0.830577 0.010826
0.000000 0.316107 0.188045 0.010106
0.000000 0.694228 0.161631 0.010956
0.000000 0.159000 0.694476 0.018453
0.000000 0.825476 0.684108 0.017412
0.000000 0.614336 0.668213 0.006271
0.000000 0.611125 0.319903 0.006252
0.000000 0.682304 0.476581 0.009863
0.000000 0.853590 0.146410 0.019578
0.000000 0.146410 0.853590 0.019293
0.000000 0.146410 0.146410 0.020258
0.000000 0.853590 0.853590 0.019159
0.000000 0.458202 0.689697 0.002115
0.000000 0.458123 0.310250 0.002088
4.000000 0.866491 0.491948 1.422710
4.000000 0.172261 0.498365 1.403077
4.000000 0.509668 0.162755 1.402044
4.000000 0.509700 0.835350 1.401767
4.000000 0.169297 0.300748 1.403483
4.000000 0.329252 0.396151 1.400620
4.000000 0.324479 0.600200 1.400246
4.000000 0.519615 0.500000 1.402990
4.000000 0.310850 0.814699 1.399208
4.000000 0.811909 0.315235 1.417788
4.000000 0.699816 0.830577 1.410454
4.000000 0.316107 0.188045 1.400441
4.000000 0.694228 0.161631 1.409405
4.000000 0.159000 0.694476 1.402557
4.000000 0.825476 0.684108 1.419542
4.000000 0.614336 0.668213 1.406328
4.000000 0.611125 0.319903 1.406038
4.000000 0.682304 0.476581 1.409831
4.000000 0.853590 0.146410 1.420051
4.000000 0.146410 0.853590 1.401762
4.000000 0.146410 0.146410 1.404087
4.000000 0.853590 0.853590 1.421617
4.000000 0.458202 0.689697 1.401100
4.000000 0.458123 0.310250 1.401430
3.826795 0.000000 0.500000 1.326141
0.173205 0.000000 0.500000 0.049011
2.470588 0.000000 0.203771 0.702141
3.176760 0.000000 0.796654 1.013561
2.000000 0.000000 0.203771 0.515594
1.058824 0.000000 0.203771 0.217737
1.529412 0.000000 0.203771 0.352731
2.705935 0.000000 0.796177 0.800868
2.235249 0.000000 0.796029 0.604382
2.941176 0.000000 0.203771 0.907485
1.764569 0.000000 0.795686 0.429210
0.823240 0.000000 0.796654 0.160049
1.293625 0.000000 0.795610 0.279760
3.386721 0.000000 0.225778 1.114513
0.612926 0.000000 0.225600 0.118790
3.658038 0.000000 0.793661 1.242232
0.342653 0.000000 0.793078 0.071321
0.586985 0.000000 0.796398 0.112098
0.715106 0.000000 0.599464 0.138581
0.941645 0.000000 0.598488 0.188860
0.829162 0.000000 0.384469 0.163510
0.481853 0.000000 0.570755 0.094880
3.412723 0.000000 0.796711 1.124571
3.285305 0.000000 0.600226 1.065930
3.057969 0.000000 0.598788 0.960330
3.170700 0.000000 0.384600 1.013119
3.518463 0.000000 0.571338 1.176757
0.345572 0.000000 0.206546 0.073457
3.654372 0.000000 0.206891 1.242822
2.941090 0.000000 0.797329 0.905404
2.823588 0.000000 0.598277 0.854428
2.588222 0.000000 0.597870 0.751773
2.705785 0.000000 0.388632 0.803204
1.058525 0.000000 0.797076 0.216004
1.175534 0.000000 0.597712 0.248524
1.410728 0.000000 0.596814 0.316086
1.292558 0.000000 0.387784 0.281732
1.528945 0.000000 0.796369 0.350949
1.646410 0.000000 0.597073 0.390954
1.882048 0.000000 0.596813 0.472518
1.765040 0.000000 0.386999 0.431745
1.999838 0.000000 0.796567 0.513797
2.117477 0.000000 0.597412 0.560195
2.353037 0.000000 0.598516 0.653549
2.235940 0.000000 0.387692 0.607073
2.470588 0.000000 0.796232 0.700270
3.838169 0.000000 0.692456 1.330537
3.837472 0.000000 0.307636 1.331838
0.162530 0.000000 0.307578 0.048034
0.162240 0.000000 0.692359 0.047043
3.521703 0.000000 0.365848 1.178986
0.478229 0.000000 0.365590 0.094741
3.170308 0.000000 0.162830 1.012520
0.829594 0.000000 0.162768 0.162961
2.939844 0.000000 0.434813 0.907181
1.059545 0.000000 0.434445 0.218494
2.705863 0.000000 0.159235 0.802525
2.470714 0.000000 0.435296 0.702713
1.293806 0.000000 0.159065 0.281107
2.235423 0.000000 0.159047 0.605936
2.000101 0.000000 0.434538 0.516304
1.528829 0.000000 0.434488 0.353259
1.764773 0.000000 0.158908 0.430609
0.634066 0.000000 0.427155 0.122988
3.365793 0.000000 0.427440 1.104602
0.293124 0.000000 0.591238 0.065111
3.707173 0.000000 0.591491 1.267559
0.322419 0.000000 0.423618 0.069873
3.677663 0.000000 0.423867 1.253988
3.852183 0.000000 0.857223 1.335895
0.148037 0.000000 0.857087 0.044685
3.851310 0.000000 0.142905 1.338479
0.148679 0.000000 0.142825 0.046566
3.826795 1.000000 0.500000 1.352122
0.173205 1.000000 0.500000 0.050366
2.445185 1.000000 0.228560 0.717941
3.176702 1.000000 0.203209 1.043127
2.000006 1.000000 0.796233 0.537605
1.058824 1.000000 0.203771 0.230014
1.529412 1.000000 0.203771 0.370655
2.705882 1.000000 0.796229 0.830364
0.823240 1.000000 0.796654 0.170489
1.293639 1.000000 0.795618 0.295284
3.387076 1.000000 0.774358 1.142895
0.612926 1.000000 0.225600 0.125570
2.000000 1.000000 0.203771 0.538535
3.657347 1.000000 0.206922 1.269551
0.342653 1.000000 0.793078 0.076182
0.586985 1.000000 0.796398 0.120016
0.715106 1.000000 0.599464 0.147151
0.941645 1.000000 0.598488 0.199910
0.829162 1.000000 0.384469 0.172993
0.481853 1.000000 0.570755 0.100649
3.413005 1.000000 0.203579 1.153622
3.284886 1.000000 0.400476 1.094611
3.058454 1.000000 0.405488 0.989703
3.178163 1.000000 0.608640 1.045282
2.944164 1.000000 0.609941 0.937776
2.824139 1.000000 0.402265 0.883510
3.518147 1.000000 0.429230 1.204602
0.345572 1.000000 0.206546 0.076612
3.654428 1.000000 0.793448 1.269866
1.058527 1.000000 0.797077 0.228914
1.175537 1.000000 0.597714 0.262197
1.410748 1.000000 0.596821 0.332520
1.292558 1.000000 0.387784 0.296637
1.528983 1.000000 0.796464 0.369252
1.646136 1.000000 0.593224 0.410106
2.235295 1.000000 0.796230 0.630504
2.117648 1.000000 0.596998 0.584615
2.352941 1.000000 0.592459 0.679926
2.226562 1.000000 0.380204 0.628282
1.882373 1.000000 0.596068 0.494563
2.701750 1.000000 0.206911 0.828307
2.603211 1.000000 0.411749 0.786234
1.764946 1.000000 0.164619 0.451360
2.461025 1.000000 0.801751 0.724229
1.764485 1.000000 0.796998 0.450252
2.941176 1.000000 0.203153 0.935159
3.837470 1.000000 0.692421 1.357586
3.837760 1.000000 0.307641 1.356526
0.162530 1.000000 0.307578 0.048770
0.162240 1.000000 0.692359 0.048805
3.521775 1.000000 0.634394 1.206764
0.478229 1.000000 0.365590 0.099955
3.133920 1.000000 0.802607 1.024363
0.829594 1.000000 0.162768 0.172487
2.933264 1.000000 0.841755 0.932034
2.721650 1.000000 0.569154 0.838129
1.059545 1.000000 0.434445 0.230660
2.228467 1.000000 0.162507 0.628066
1.998498 1.000000 0.438519 0.538629
1.764097 1.000000 0.373588 0.451834
1.293806 1.000000 0.159065 0.296314
1.528590 1.000000 0.431037 0.370895
0.634066 1.000000 0.427155 0.130239
3.371406 1.000000 0.570994 1.135627
2.535106 1.000000 0.615945 0.756793
0.293124 1.000000 0.591238 0.068468
3.706876 1.000000 0.408759 1.294374
0.322419 1.000000 0.423618 0.073145
3.677582 1.000000 0.576375 1.280892
2.410415 1.000000 0.423429 0.704036
3.851963 1.000000 0.142913 1.362192
0.148037 1.000000 0.857087 0.046814
0.148679 1.000000 0.142825 0.046780
3.851321 1.000000 0.857174 1.364141
3.826795 0.500000 0.000000 1.315458
0.173205 0.500000 0.000000 0.011672
2.470592 0.203763 0.000000 0.683467
3.176702 0.203209 0.000000 1.001909
2.000002 0.224524 0.000000 0.491963
1.058824 0.203771 0.000000 0.189832
1.504028 0.228560 0.000000 0.316931
2.705882 0.796229 0.000000 0.802618
2.225269 0.806551 0.000000 0.598528
1.764705 0.800768 0.000000 0.420968
0.823240 0.796654 0.000000 0.141269
1.294065 0.796177 0.000000 0.265166
3.386723 0.774179 0.000000 1.115957
0.613279 0.225778 0.000000 0.089194
3.658038 0.206339 0.000000 1.233342
0.341962 0.793661 0.000000 0.052175
0.587277 0.796711 0.000000 0.092627
0.714695 0.600226 0.000000 0.100166
0.942031 0.598788 0.000000 0.151554
0.829300 0.384600 0.000000 0.122464
0.481537 0.571338 0.000000 0.055328
3.412718 0.203277 0.000000 1.114419
3.285297 0.399716 0.000000 1.050460
3.058522 0.405361 0.000000 0.943104
3.178163 0.608640 0.000000 1.005543
2.944164 0.609941 0.000000 0.896161
2.824150 0.402243 0.000000 0.834804
3.518463 0.428649 0.000000 1.163223
0.345628 0.206891 0.000000 0.049087
3.654372 0.793103 0.000000 1.246228
1.058910 0.797329 0.000000 0.199132
1.176412 0.598277 0.000000 0.213357
1.401739 0.603746 0.000000 0.280847
1.280265 0.378659 0.000000 0.240149
2.705986 0.202775 0.000000 0.785950
2.588542 0.401885 0.000000 0.729415
2.372240 0.403662 0.000000 0.636331
2.497262 0.608588 0.000000 0.695848
1.998329 0.798706 0.000000 0.507713
1.857031 0.572740 0.000000 0.435555
2.091502 0.599202 0.000000 0.526929
2.248169 0.201010 0.000000 0.591108
1.764706 0.203771 0.000000 0.406892
1.647059 0.407541 0.000000 0.357037
1.527732 0.803397 0.000000 0.339546
2.941286 0.202265 0.000000 0.892308
3.837473 0.692363 0.000000 1.328515
0.162528 0.307636 0.000000 0.019995
3.838169 0.307544 0.000000 1.319740
0.161831 0.692456 0.000000 0.021630
3.521707 0.634136 0.000000 1.171494
0.478297 0.365848 0.000000 0.055429
3.133861 0.802577 0.000000 0.998866
0.829692 0.162830 0.000000 0.139501
2.933252 0.841749 0.000000 0.910000
2.712000 0.563777 0.000000 0.788132
1.057366 0.432819 0.000000 0.177021
2.456885 0.814755 0.000000 0.696043
1.621486 0.607014 0.000000 0.353266
1.996250 0.420662 0.000000 0.484510
1.286270 0.162198 0.000000 0.256291
0.634207 0.427440 0.000000 0.080726
3.371358 0.570688 0.000000 1.095929
2.171118 0.393803 0.000000 0.553461
1.839008 0.369887 0.000000 0.425837
3.707173 0.408506 0.000000 1.255188
0.292827 0.591491 0.000000 0.028770
0.322337 0.423867 0.000000 0.030274
3.677664 0.576126 0.000000 1.244718
2.297683 0.615575 0.000000 0.611607
1.474909 0.429098 0.000000 0.299469
3.852183 0.142777 0.000000 1.330796
0.147817 0.857223 0.000000 0.034163
3.851310 0.857093 0.000000 1.346900
0.148690 0.142905 0.000000 0.033290
3.826795 0.500000 1.000000 1.315057
0.173205 0.500000 1.000000 0.011122
2.470592 0.203763 1.000000 0.680802
3.176702 0.203209 1.000000 0.999463
2.000002 0.224524 1.000000 0.489125
1.058824 0.203771 1.000000 0.186846
1.504028 0.228560 1.000000 0.313958
2.705882 0.796229 1.000000 0.802301
2.225269 0.806551 1.000000 0.596978
1.764705 0.800768 1.000000 0.418531
0.823240 0.796654 1.000000 0.139359
1.294065 0.796177 1.000000 0.262515
3.386723 0.774179 1.000000 1.117089
0.613279 0.225778 1.000000 0.086335
3.658038 0.206339 1.000000 1.230832
0.341962 0.793661 1.000000 0.051886
0.587277 0.796711 1.000000 0.091468
0.714695 0.600226 1.000000 0.097929
0.942031 0.598788 1.000000 0.148853
0.829300 0.384600 1.000000 0.119596
0.481537 0.571338 1.000000 0.053736
3.412718 0.203277 1.000000 1.111964
3.285297 0.399716 1.000000 1.049169
3.058522 0.405361 1.000000 0.941653
3.178163 0.608640 1.000000 1.005354
2.944164 0.609941 1.000000 0.895574
2.824150 0.402243 1.000000 0.833083
3.518463 0.428649 1.000000 1.162245
0.345628 0.206891 1.000000 0.046547
3.654372 0.793103 1.000000 1.247846
1.058910 0.797329 1.000000 0.196723
1.176412 0.598277 1.000000 0.210422
1.401739 0.603746 1.000000 0.277877
1.280265 0.378659 1.000000 0.237086
2.705986 0.202775 1.000000 0.783379
2.588542 0.401885 1.000000 0.727404
2.372240 0.403662 1.000000 0.634054
2.497262 0.608588 1.000000 0.694354
1.998329 0.798706 1.000000 0.505649
1.857031 0.572740 1.000000 0.432888
2.091502 0.599202 1.000000 0.524641
2.248169 0.201010 1.000000 0.588345
1.764706 0.203771 1.000000 0.403979
1.647059 0.407541 1.000000 0.354073
1.527732 0.803397 1.000000 0.336907
2.941286 0.202265 1.000000 0.889813
3.837473 0.692363 1.000000 1.329548
0.162528 0.307636 1.000000 0.018398
3.838169 0.307544 1.000000 1.317884
0.161831 0.692456 1.000000 0.021682
3.521707 0.634136 1.000000 1.171904
0.478297 0.365848 1.000000 0.053053
3.133861 0.802577 1.000000 0.999663
0.829692 0.162830 1.000000 0.136518
2.933252 0.841749 1.000000 0.910496
2.712000 0.563777 1.000000 0.786903
1.057366 0.432819 1.000000 0.174015
2.456885 0.814755 1.000000 0.695114
1.621486 0.607014 1.000000 0.350400
1.996250 0.420662 1.000000 0.481830
1.286270 0.162198 1.000000 0.253341
0.634207 0.427440 1.000000 0.078201
3.371358 0.570688 1.000000 1.095769
2.171118 0.393803 1.000000 0.550930
1.839008 0.369887 1.000000 0.422983
3.707173 0.408506 1.000000 1.254109
0.292827 0.591491 1.000000 0.028106
0.322337 0.423867 1.000000 0.028567
3.677664 0.576126 1.000000 1.244840
2.297683 0.615575 1.000000 0.609731
1.474909 0.429098 1.000000 0.296431
3.852183 0.142777 1.000000 1.327701
0.147817 0.857223 1.000000 0.034183
3.851310 0.857093 1.000000 1.349125
0.148690 0.142905 1.000000 0.031162
3.300033 0.500059 0.500000 1.061428
0.702884 0.500053 0.500000 0.096652
2.789997 0.499331 0.499900 0.823334
2.062793 0.499840 0.502336 0.513963
1.408958 0.500001 0.500000 0.281477
0.360444 0.531781 0.360134 0.037972
3.627047 0.633860 0.368946 1.224779
3.626805 0.365872 0.634128 1.216826
0.379478 0.338840 0.658896 0.043713
2.425951 0.390232 0.391345 0.661619
1.055912 0.374136 0.612962 0.179877
0.333346 0.674044 0.674022 0.041592
1.738086 0.363495 0.636836 0.391439
1.059307 0.637714 0.350706 0.186164
3.681358 0.310688 0.313742 1.244000
1.736420 0.612154 0.356573 0.396263
3.679443 0.686025 0.689714 1.253332
2.364222 0.641665 0.644805 0.643134
3.045215 0.337311 0.663389 0.938346
3.015371 0.313369 0.325016 0.925340
2.575489 0.321083 0.678878 0.725841
0.926360 0.675458 0.675416 0.154381
3.044817 0.661571 0.328424 0.948355
3.062754 0.681452 0.672080 0.958043
1.712307 0.689691 0.691775 0.392169
0.542234 0.292388 0.292348 0.072799
2.252190 0.299071 0.672253 0.589694
1.247093 0.696790 0.697158 0.241879
1.617830 0.303214 0.333622 0.352606
2.575691 0.680170 0.317318 0.737181
1.148666 0.322812 0.298977 0.207347
1.941449 0.321509 0.284703 0.467622
0.582084 0.725325 0.330721 0.086048
0.255713 0.281327 0.294710 0.032594
3.345101 0.298962 0.721257 1.080260
3.346438 0.721836 0.300396 1.094873
3.385010 0.324850 0.272372 1.100013
0.629708 0.688263 0.722784 0.090792
2.694296 0.330072 0.271421 0.778751
2.263561 0.646570 0.310603 0.601889
0.246743 0.742792 0.246306 0.036096
0.779992 0.280085 0.692126 0.118705
3.387305 0.723273 0.672055 1.114863
1.330534 0.275870 0.683463 0.261260
2.078990 0.721086 0.708521 0.532478
1.347009 0.699461 0.281465 0.273057
2.662392 0.716910 0.679125 0.778045
0.857336 0.273614 0.273673 0.137185
3.771176 0.223357 0.776643 1.287862
3.774135 0.770168 0.225332 1.304306
1.979902 0.347082 0.775515 0.479655
0.215283 0.215258 0.778982 0.032587
0.226785 0.483976 0.768979 0.019213
1.994871 0.729982 0.350211 0.501544
3.773512 0.511369 0.229856 1.290924
3.504454 0.226677 0.467680 1.159360
2.212658 0.265462 0.253276 0.575572
0.805990 0.582743 0.258828 0.120948
3.772665 0.227767 0.513161 1.289825
2.816361 0.240125 0.760037 0.834367
0.592581 0.439586 0.750759 0.073738
0.226664 0.227164 0.520800 0.033849
2.858964 0.502292 0.756405 0.853681
1.528161 0.497711 0.743329 0.318228
3.783826 0.453518 0.778347 1.294174
1.500317 0.752135 0.535715 0.326742
3.771864 0.461333 0.472795 1.289341
2.819391 0.237764 0.484381 0.837391
0.221456 0.459135 0.537725 0.019887
3.473555 0.538378 0.213188 1.145527
2.813106 0.565028 0.244575 0.835844
2.864719 0.756770 0.507677 0.873116
0.256402 0.780674 0.478590 0.041054
1.392291 0.413520 0.250688 0.275681
2.055119 0.240782 0.513919 0.514700
3.770255 0.787773 0.449885 1.304643
3.220747 0.244387 0.483133 1.023081
0.478721 0.527969 0.562425 0.055796
0.580050 0.234317 0.538849 0.084229
3.184477 0.475435 0.222449 1.005208
0.752103 0.764267 0.514425 0.123864
0.198016 0.782506 0.803304 0.033696
3.263156 0.530594 0.776226 1.043892
0.209162 0.477698 0.213418 0.017538
3.506412 0.538594 0.776672 1.161297
1.535556 0.219040 0.553433 0.330310
3.556384 0.438991 0.439953 1.183671
2.543877 0.204161 0.446398 0.717230
0.580533 0.515659 0.215703 0.072662
2.189610 0.511993 0.782822 0.563121
2.553504 0.524426 0.548247 0.718753
0.926198 0.786664 0.216989 0.165802
1.473537 0.731328 0.775375 0.314182
2.213886 0.787415 0.509928 0.594249
1.984316 0.541708 0.204751 0.484238
1.087404 0.536762 0.786157 0.186474
3.567639 0.728877 0.186467 1.201010
0.503439 0.754847 0.543740 0.075070
3.553066 0.785335 0.525301 1.199532
