0.0006077723810449243
0.0006077723810449243
0.0006077035795897245
0.0006058464641682804
0.0005847298889420927
0.0005626503261737525
0.0005681529873982072
0.0006027511553838849
0.0005644386983476579
4.525964686763473e-05
0.0005149832577444613
0.0008064883877523243
0.0008968701004050672
0.00012525504280347377
0.0009898656280711293
0.00039502454455941916
0.00019981652440037578
0.0003437807026784867
0.00028221934917382896
0.000189980462891981
0.00020456258789636195
0.0002112346119247377
0.00020201760344207287
0.0001976154453586787
0.00018138250743504614
0.00021130338427610695
0.0002709388209041208
0.0001369482633890584
0.0001916312612593174
0.00013419691822491586
0.0001471282448619604
0.00014939809625502676
0.00014382661902345717
0.00016941413923632354
0.0001645305019337684
0.00015655159950256348
0.00014307000674307346
0.00015799605171196163
0.0001670067140366882
0.00015441930736415088
0.00016129767755046487
0.00014313879364635795
0.00014341392670758069
0.0001568955194670707
0.00014857269707135856
0.00016047226381488144
0.00015249336138367653
0.00014382661902345717
0.00015235580212902278
0.00013089529238641262
0.00015490078658331186
0.00014107527385931462
0.0001310328661929816
0.00012463598977774382
0.00013419691822491586
0.00011170465586474165
0.0001208528847200796
0.0001229163899552077
0.00012470476212911308
0.0001352974504698068
0.00011507505405461416
9.017537377076223e-05
0.00010819669114425778
0.00010792155808303505
0.00010792155808303505
9.952994878403842e-05
0.00011892693873960525
0.00012786881416104734
0.0001220909907715395
0.00011452478793216869
9.787914314074442e-05
0.00010915966413449496
0.00011975234519923106
9.973630221793428e-05
0.00011720735346898437
0.00010269400081597269
9.278915240429342e-05
0.0001089533107005991
0.00010056170867756009
9.437117842026055e-05
