0.9985291361808777
0.9991881847381592
0.999183714389801
0.9990280866622925
0.9745516180992126
0.9456667900085449
0.945445716381073
0.9452443718910217
0.9457346796989441
0.9226477742195129
0.8628764152526855
0.8180471062660217
0.7008468508720398
0.5555474162101746
0.48434582352638245
0.3583754599094391
0.29818469285964966
0.2695757746696472
0.2349356710910797
0.22012834250926971
0.21476884186267853
0.212604358792305
0.20820309221744537
0.2092389166355133
0.20754459500312805
0.20567767322063446
0.19900333881378174
0.19987982511520386
0.19815175235271454
0.18999846279621124
0.1750478595495224
0.17572803795337677
0.17099222540855408
0.17469501495361328
0.16715532541275024
0.17130286991596222
0.1667073369026184
0.1686621904373169
0.16566704213619232
0.171315997838974
0.16708435118198395
0.16527414321899414
0.1653563380241394
0.16729524731636047
0.15891125798225403
0.16785599291324615
0.1640661656856537
0.1573706567287445
0.1654420793056488
0.15825176239013672
0.162180557847023
0.15948477387428284
0.15625551342964172
0.15731574594974518
0.15722975134849548
0.1483774334192276
0.1498647928237915
0.14754034578800201
0.14934426546096802
0.14893954992294312
0.15214328467845917
0.13405290246009827
0.14216141402721405
0.1371568888425827
0.13540184497833252
0.1392415463924408
0.13628312945365906
0.1304289996623993
0.13153736293315887
0.12756597995758057
0.12584662437438965
0.1302548497915268
0.12513014674186707
0.12118310481309891
0.13087624311447144
0.12011627107858658
0.11699335277080536
0.11880006641149521
0.11578959971666336
0.11571638286113739
