0.9983239769935608
0.9989157319068909
0.9989156723022461
0.9987833499908447
0.9803400635719299
0.9452016353607178
0.9449823498725891
0.9448793530464172
0.9441494345664978
0.9390540719032288
0.8115833401679993
0.7842252850532532
0.38930943608283997
0.2481888234615326
0.1525760143995285
0.07895039021968842
0.0004823596391361207
0.008616660721600056
0.0243112500756979
0.031165027990937233
0.034331779927015305
0.035023655742406845
0.04246994107961655
0.04072355851531029
0.04855046048760414
0.04763592779636383
0.061916936188936234
0.06864705681800842
0.07585735619068146
0.07112466543912888
0.0856812596321106
0.0803333967924118
0.08128155767917633
0.08873630315065384
0.0873362347483635
0.08872310817241669
0.08495911955833435
0.09957311302423477
0.08991558849811554
0.09497503936290741
