0.0006077723810449243
0.0006077723810449243
0.0006076348363421857
0.0006061215535737574
0.0005926399608142674
0.0005764758097939193
0.0005766134127043188
0.0006003437447361648
0.0004190988256596029
0.0007762235472910106
0.00047584532876498997
0.0005312849534675479
0.0009846379980444908
0.0002859336673282087
0.0004765331686940044
0.00028902891790494323
0.0002793304156512022
0.0001657686079852283
0.0001026252139126882
5.5095708376029506e-05
4.608504968928173e-05
8.501659613102674e-05
0.00013385299826040864
4.1614111978560686e-05
0.00013289002527017146
9.904846592689864e-06
3.2465886761201546e-05
6.678893259959295e-05
7.421756163239479e-05
4.36776208516676e-05
4.402153990668012e-06
4.53972143077408e-06
4.53972143077408e-06
2.407427928119432e-06
2.400549601588864e-05
1.4444567568716593e-06
1.1555654054973274e-05
3.631777144619264e-05
4.6153832954587415e-05
7.531810115324333e-05
