0.000000 0.000000 1.000000 121.725449
0.000000 0.000000 0.000000 111.706711
0.000000 1.000000 1.000000 82.270737
0.000000 1.000000 0.000000 78.475586
4.000000 0.000000 1.000000 10.716576
4.000000 0.000000 0.000000 6.491193
4.000000 1.000000 1.000000 14.107426
4.000000 1.000000 0.000000 14.438170
0.000000 0.000000 0.125000 113.093597
0.000000 0.000000 0.250000 114.445145
0.000000 0.000000 0.375000 115.760155
0.000000 0.000000 0.500000 117.036621
0.000000 0.000000 0.625000 118.273094
0.000000 0.000000 0.750000 119.467934
0.000000 0.000000 0.875000 120.619423
0.000000 0.125000 1.000000 84.414261
0.000000 0.250000 1.000000 51.985916
0.000000 0.375000 1.000000 24.401257
0.000000 0.500000 1.000000 11.220007
0.000000 0.625000 1.000000 28.443359
0.000000 0.750000 1.000000 47.934662
0.000000 0.875000 1.000000 65.905075
0.000000 1.000000 0.125000 78.881927
0.000000 1.000000 0.250000 79.307167
0.000000 1.000000 0.375000 79.751701
0.000000 1.000000 0.500000 80.215752
0.000000 1.000000 0.625000 80.699707
0.000000 1.000000 0.750000 81.203400
0.000000 1.000000 0.875000 81.727242
0.000000 0.125000 0.000000 77.650009
0.000000 0.250000 0.000000 47.949162
0.000000 0.375000 0.000000 22.846781
0.000000 0.500000 0.000000 12.101591
0.000000 0.625000 0.000000 27.815836
0.000000 0.750000 0.000000 45.987755
0.000000 0.875000 0.000000 62.931755
4.000000 0.000000 0.125000 6.568100
4.000000 0.000000 0.250000 6.798005
4.000000 0.000000 0.375000 7.171031
4.000000 0.000000 0.500000 7.673875
4.000000 0.000000 0.625000 8.291902
4.000000 0.000000 0.750000 9.011900
4.000000 0.000000 0.875000 9.822950
4.000000 0.125000 1.000000 10.309447
4.000000 0.250000 1.000000 10.150081
4.000000 0.375000 1.000000 10.239745
4.000000 0.500000 1.000000 10.573805
4.000000 0.625000 1.000000 11.141642
4.000000 0.750000 1.000000 11.929502
4.000000 0.875000 1.000000 12.922680
4.000000 1.000000 0.125000 14.201149
4.000000 1.000000 0.250000 14.010017
4.000000 1.000000 0.375000 13.869516
4.000000 1.000000 0.500000 13.784971
4.000000 1.000000 0.625000 13.761484
4.000000 1.000000 0.750000 13.804398
4.000000 1.000000 0.875000 13.918416
4.000000 0.125000 0.000000 6.031865
4.000000 0.250000 0.000000 6.182642
4.000000 0.375000 0.000000 6.882245
4.000000 0.500000 0.000000 7.984434
4.000000 0.625000 0.000000 9.357642
4.000000 0.750000 0.000000 10.917804
4.000000 0.875000 0.000000 12.618887
0.133333 0.000000 0.000000 108.272446
0.266667 0.000000 0.000000 105.597542
0.400000 0.000000 0.000000 103.341461
0.533333 0.000000 0.000000 101.219589
0.666667 0.000000 0.000000 99.009491
0.800000 0.000000 0.000000 96.552910
0.933333 0.000000 0.000000 93.752769
1.066667 0.000000 0.000000 90.564835
1.200000 0.000000 0.000000 86.989128
1.333333 0.000000 0.000000 83.057777
1.466667 0.000000 0.000000 78.824745
1.600000 0.000000 0.000000 74.355507
1.733333 0.000000 0.000000 69.720055
1.866667 0.000000 0.000000 64.986176
2.000000 0.000000 0.000000 60.216106
2.133333 0.000000 0.000000 55.464111
2.266667 0.000000 0.000000 50.776066
2.400000 0.000000 0.000000 46.188534
2.533333 0.000000 0.000000 41.730618
2.666667 0.000000 0.000000 37.424335
2.800000 0.000000 0.000000 33.286137
2.933333 0.000000 0.000000 29.328564
3.066667 0.000000 0.000000 25.561384
3.200000 0.000000 0.000000 21.993328
3.333333 0.000000 0.000000 18.635555
3.466667 0.000000 0.000000 15.504345
3.600000 0.000000 0.000000 12.629639
3.733333 0.000000 0.000000 10.070700
3.866667 0.000000 0.000000 7.948265
0.133333 0.000000 1.000000 116.837547
0.266667 0.000000 1.000000 112.670174
0.400000 0.000000 1.000000 108.905449
0.533333 0.000000 1.000000 105.285492
0.666667 0.000000 1.000000 101.618004
0.800000 0.000000 1.000000 97.775925
0.933333 0.000000 1.000000 93.691185
1.066667 0.000000 1.000000 89.345222
1.200000 0.000000 1.000000 84.757027
1.333333 0.000000 1.000000 79.972389
1.466667 0.000000 1.000000 75.051559
1.600000 0.000000 1.000000 70.061699
1.733333 0.000000 1.000000 65.069145
1.866667 0.000000 1.000000 60.134525
2.000000 0.000000 1.000000 55.309933
2.133333 0.000000 1.000000 50.637489
2.266667 0.000000 1.000000 46.149059
2.400000 0.000000 1.000000 41.867664
2.533333 0.000000 1.000000 37.808308
2.666667 0.000000 1.000000 33.980045
2.800000 0.000000 1.000000 30.387819
2.933333 0.000000 1.000000 27.034748
3.066667 0.000000 1.000000 23.924681
3.200000 0.000000 1.000000 21.064375
3.333333 0.000000 1.000000 18.466797
3.466667 0.000000 1.000000 16.155115
3.600000 0.000000 1.000000 14.166012
3.733333 0.000000 1.000000 12.553380
3.866667 0.000000 1.000000 11.383250
0.133333 1.000000 0.000000 79.338440
0.266667 1.000000 0.000000 79.750511
0.400000 1.000000 0.000000 79.700661
0.533333 1.000000 0.000000 79.198875
0.666667 1.000000 0.000000 78.270668
0.800000 1.000000 0.000000 76.952148
0.933333 1.000000 0.000000 75.284660
1.066667 1.000000 0.000000 73.309761
1.200000 1.000000 0.000000 71.065712
1.333333 1.000000 0.000000 68.585884
1.466667 1.000000 0.000000 65.897781
1.600000 1.000000 0.000000 63.024673
1.733333 1.000000 0.000000 59.987282
1.866667 1.000000 0.000000 56.806599
2.000000 1.000000 0.000000 53.505386
2.133333 1.000000 0.000000 50.110741
2.266667 1.000000 0.000000 46.654549
2.400000 1.000000 0.000000 43.173515
2.533333 1.000000 0.000000 39.709415
2.666667 1.000000 0.000000 36.306896
2.800000 1.000000 0.000000 33.013012
2.933333 1.000000 0.000000 29.874214
3.066667 1.000000 0.000000 26.935400
3.200000 1.000000 0.000000 24.237078
3.333333 1.000000 0.000000 21.814548
3.466667 1.000000 0.000000 19.695072
3.600000 1.000000 0.000000 17.896376
3.733333 1.000000 0.000000 16.425920
3.866667 1.000000 0.000000 15.278410
0.133333 1.000000 1.000000 82.771576
0.266667 1.000000 1.000000 82.784073
0.400000 1.000000 1.000000 82.322479
0.533333 1.000000 1.000000 81.418182
0.666667 1.000000 1.000000 80.113388
0.800000 1.000000 1.000000 78.455589
0.933333 1.000000 1.000000 76.492241
1.066667 1.000000 1.000000 74.266182
1.200000 1.000000 1.000000 71.813034
1.333333 1.000000 1.000000 69.160744
1.466667 1.000000 1.000000 66.330597
1.600000 1.000000 1.000000 63.339031
1.733333 1.000000 1.000000 60.200195
1.866667 1.000000 1.000000 56.929127
2.000000 1.000000 1.000000 53.543777
2.133333 1.000000 1.000000 50.067089
2.266667 1.000000 1.000000 46.527748
2.400000 1.000000 1.000000 42.960392
2.533333 1.000000 1.000000 39.405731
2.666667 1.000000 1.000000 35.908699
2.800000 1.000000 1.000000 32.518112
2.933333 1.000000 1.000000 29.284389
3.066667 1.000000 1.000000 26.258142
3.200000 1.000000 1.000000 23.487953
3.333333 1.000000 1.000000 21.018751
3.466667 1.000000 1.000000 18.888887
3.600000 1.000000 1.000000 17.127155
3.733333 1.000000 1.000000 15.748148
3.866667 1.000000 1.000000 14.748947
0.000000 0.558921 0.884220 18.041767
0.000000 0.564095 0.110725 18.962337
0.000000 0.108253 0.562500 86.264656
0.000000 0.891747 0.562500 66.664543
0.000000 0.118928 0.309042 81.574181
0.000000 0.892985 0.309892 66.068871
0.000000 0.309447 0.889324 37.954132
0.000000 0.326592 0.118154 32.282768
0.000000 0.800574 0.875940 55.024933
0.000000 0.796658 0.109485 52.665890
0.000000 0.108253 0.812500 87.951080
0.000000 0.891953 0.437065 66.304749
0.000000 0.783528 0.499928 51.605267
0.000000 0.784498 0.623258 52.031158
0.000000 0.676412 0.560468 35.862736
0.000000 0.676588 0.435313 35.741684
0.000000 0.566987 0.500000 19.169418
0.000000 0.561959 0.643375 18.428099
0.000000 0.458734 0.562500 11.692519
0.000000 0.458734 0.437500 11.754896
0.000000 0.350481 0.500000 28.507326
0.000000 0.348496 0.621562 29.142157
0.000000 0.351344 0.376495 28.076612
0.000000 0.458878 0.312749 11.805925
0.000000 0.246021 0.437954 50.868034
0.000000 0.344980 0.253919 29.031467
0.000000 0.452380 0.188105 12.315214
0.000000 0.226926 0.207145 54.210999
0.000000 0.566791 0.248428 19.242466
0.000000 0.676769 0.177740 35.541771
0.000000 0.682117 0.301484 36.439018
0.000000 0.786875 0.237557 51.540531
0.000000 0.242228 0.562500 52.268848
0.000000 0.249624 0.686052 51.010311
0.000000 0.358118 0.757010 27.440626
0.000000 0.892504 0.686188 67.168503
0.000000 0.793057 0.743115 53.567722
0.000000 0.105086 0.437350 86.222275
0.000000 0.437500 0.891747 13.781407
0.000000 0.496767 0.769275 11.115857
0.000000 0.617280 0.772431 26.927862
0.000000 0.681635 0.882089 37.182739
0.000000 0.108253 0.687500 87.126358
0.000000 0.785051 0.371576 51.547043
0.000000 0.568349 0.372579 19.402817
0.000000 0.105706 0.187500 84.138168
0.000000 0.899105 0.806456 68.464882
0.000000 0.189047 0.901538 66.790649
0.000000 0.897173 0.191133 66.283714
0.000000 0.187499 0.099272 62.898083
0.000000 0.244770 0.325129 50.664482
0.000000 0.687192 0.685423 37.693554
0.000000 0.250073 0.798911 51.307831
0.000000 0.437500 0.084536 13.705404
0.000000 0.444815 0.670744 12.926315
0.000000 0.687500 0.077338 37.057377
0.000000 0.091506 0.908494 93.314308
0.000000 0.908494 0.091506 67.469551
0.000000 0.908494 0.908494 70.091064
0.000000 0.090759 0.090759 87.310425
0.000000 0.175240 0.625000 68.966003
0.000000 0.175240 0.500000 68.279732
0.000000 0.175110 0.382001 67.633995
0.000000 0.175452 0.739793 69.512344
0.000000 0.707292 0.790330 40.959095
4.000000 0.558921 0.884220 10.273061
4.000000 0.564095 0.110725 8.641190
4.000000 0.108253 0.562500 7.631374
4.000000 0.891747 0.562500 12.447527
4.000000 0.118928 0.309042 6.584867
4.000000 0.892985 0.309892 12.502948
4.000000 0.309447 0.889324 9.461618
4.000000 0.326592 0.118154 6.641742
4.000000 0.800574 0.875940 11.954855
4.000000 0.796658 0.109485 11.412149
4.000000 0.108253 0.812500 9.059126
4.000000 0.891953 0.437065 12.436937
4.000000 0.783528 0.499928 11.189205
4.000000 0.784498 0.623258 11.323293
4.000000 0.676412 0.560468 10.171051
4.000000 0.676588 0.435313 10.001593
4.000000 0.566987 0.500000 9.086843
4.000000 0.561959 0.643375 9.411731
4.000000 0.458734 0.562500 8.470107
4.000000 0.458734 0.437500 8.111011
4.000000 0.350481 0.500000 7.683016
4.000000 0.348496 0.621562 8.157925
4.000000 0.351344 0.376495 7.292191
4.000000 0.458878 0.312749 7.847078
4.000000 0.246021 0.437954 7.105664
4.000000 0.344980 0.253919 6.962481
4.000000 0.452380 0.188105 7.620368
4.000000 0.226926 0.207145 6.377388
4.000000 0.566791 0.248428 8.725973
4.000000 0.676769 0.177740 9.892103
4.000000 0.682117 0.301484 9.965847
4.000000 0.786875 0.237557 11.197459
4.000000 0.242228 0.562500 7.617169
4.000000 0.249624 0.686052 8.235257
4.000000 0.358118 0.757010 8.826583
4.000000 0.892504 0.686188 12.537131
4.000000 0.793057 0.743115 11.596813
4.000000 0.105086 0.437350 7.068987
4.000000 0.437500 0.891747 9.775699
4.000000 0.496767 0.769275 9.453712
4.000000 0.617280 0.772431 10.209156
4.000000 0.681635 0.882089 11.031876
4.000000 0.108253 0.687500 8.299999
4.000000 0.785051 0.371576 11.153537
4.000000 0.568349 0.372579 8.874708
4.000000 0.105706 0.187500 6.288914
4.000000 0.899105 0.806456 12.753230
4.000000 0.189047 0.901538 9.518759
4.000000 0.897173 0.191133 12.663901
4.000000 0.187499 0.099272 6.117918
4.000000 0.244770 0.325129 6.723767
4.000000 0.687192 0.685423 10.516435
4.000000 0.250073 0.798911 8.865021
4.000000 0.437500 0.084536 7.414150
4.000000 0.444815 0.670744 8.783319
4.000000 0.687500 0.077338 10.058748
4.000000 0.091506 0.908494 9.740076
4.000000 0.908494 0.091506 12.948217
4.000000 0.908494 0.908494 13.022267
4.000000 0.090759 0.090759 6.163419
4.000000 0.175240 0.625000 7.881746
4.000000 0.175240 0.500000 7.279962
4.000000 0.175110 0.382001 6.806695
4.000000 0.175452 0.739793 8.516815
4.000000 0.707292 0.790330 10.946876
0.733041 0.000000 0.884435 99.637619
2.730225 0.000000 0.107608 35.113613
1.133287 0.000000 0.115483 88.722816
2.066666 0.000000 0.885013 53.622814
3.131827 0.000000 0.110960 23.602015
1.533334 0.000000 0.115472 76.241188
2.466667 0.000000 0.884530 40.358200
3.399089 0.000000 0.882905 17.095852
0.466286 0.000000 0.115164 102.954094
0.114931 0.000000 0.556573 113.884842
3.893360 0.000000 0.439379 8.324280
2.865535 0.000000 0.883559 29.013163
2.330241 0.000000 0.108524 48.151951
1.942441 0.000000 0.117495 61.788677
1.400000 0.000000 0.884707 78.048103
3.530059 0.000000 0.107374 14.044307
0.733084 0.000000 0.110760 98.138695
3.132170 0.000000 0.882853 22.566883
1.133072 0.000000 0.884652 87.414062
1.666666 0.000000 0.884530 68.204369
0.466241 0.000000 0.884838 106.675339
3.664781 0.000000 0.877668 12.806449
0.108009 0.000000 0.321767 111.969856
3.899553 0.000000 0.690327 9.321826
3.791452 0.000000 0.113093 9.098094
0.205999 0.000000 0.888198 113.759865
0.195916 0.000000 0.124055 108.049248
0.333785 0.000000 0.884791 110.144363
0.399720 0.000000 0.770657 107.855370
0.532297 0.000000 0.770092 104.592033
0.465527 0.000000 0.656447 105.736687
0.597929 0.000000 0.655426 102.636505
0.530938 0.000000 0.541799 103.766953
0.663109 0.000000 0.540758 100.788315
0.596290 0.000000 0.431224 101.931778
0.728745 0.000000 0.431461 99.020103
0.795573 0.000000 0.540865 97.606239
0.861445 0.000000 0.431013 95.843391
0.928390 0.000000 0.540766 94.131958
0.459755 0.000000 0.433968 104.798088
0.994379 0.000000 0.430639 92.344437
1.061412 0.000000 0.540338 90.336922
1.127439 0.000000 0.426827 88.516808
1.194562 0.000000 0.539264 86.232552
1.260668 0.000000 0.428878 84.368126
1.327798 0.000000 0.539119 81.853645
1.393930 0.000000 0.428901 79.958832
1.461074 0.000000 0.538704 77.259918
1.527199 0.000000 0.425050 75.362610
1.594371 0.000000 0.537688 72.518723
1.660523 0.000000 0.427257 70.608223
1.727686 0.000000 0.537407 67.691505
1.793843 0.000000 0.427286 65.793709
1.861008 0.000000 0.537087 62.844696
1.927167 0.000000 0.426829 60.974167
1.994333 0.000000 0.536630 58.034843
2.060470 0.000000 0.420885 56.227051
2.127633 0.000000 0.536247 53.309128
2.193792 0.000000 0.419073 51.548698
2.260957 0.000000 0.535476 48.705292
2.327118 0.000000 0.418587 46.987476
2.395170 0.000000 0.534591 44.222153
2.460595 0.000000 0.417952 42.571568
2.528699 0.000000 0.534464 39.930008
2.593984 0.000000 0.417418 38.326572
2.661634 0.000000 0.533755 35.842896
2.727250 0.000000 0.416810 34.267029
2.794441 0.000000 0.531969 31.954723
2.860457 0.000000 0.415928 30.399569
2.927663 0.000000 0.531115 28.249996
2.993780 0.000000 0.415291 26.723923
3.060965 0.000000 0.530450 24.746754
3.127121 0.000000 0.414479 23.249863
3.194213 0.000000 0.529755 21.455299
3.260314 0.000000 0.413954 19.987793
3.327317 0.000000 0.528909 18.387074
3.393425 0.000000 0.413791 16.948681
3.460158 0.000000 0.528181 15.561830
3.525955 0.000000 0.413637 14.165752
3.592116 0.000000 0.527646 13.024022
0.930080 0.000000 0.314710 94.043190
1.329757 0.000000 0.313791 82.423798
1.728822 0.000000 0.310849 68.645134
2.126601 0.000000 0.304029 54.415604
2.526591 0.000000 0.301956 40.881565
2.926563 0.000000 0.300119 28.823027
3.327029 0.000000 0.298751 18.503841
2.729932 0.000000 0.651159 33.432571
3.526802 0.000000 0.641913 14.387701
2.330694 0.000000 0.653033 45.812912
1.928190 0.000000 0.651097 59.841526
3.261046 0.000000 0.646326 19.824644
2.994836 0.000000 0.646218 26.225254
0.996427 0.000000 0.654419 92.142494
1.528234 0.000000 0.652896 74.409256
1.262938 0.000000 0.653709 83.697266
3.655389 0.000000 0.412361 11.721946
0.333952 0.000000 0.657353 108.852272
3.656872 0.000000 0.640372 12.151864
0.663909 0.000000 0.314977 100.126671
3.591245 0.000000 0.305086 12.809112
3.698406 0.000000 0.311293 10.834302
3.594720 0.000000 0.757539 13.450028
3.719820 0.000000 0.755530 11.598200
3.802511 0.000000 0.873260 11.170663
3.658719 0.000000 0.194503 11.457956
3.462428 0.000000 0.760181 15.749715
3.713131 0.000000 0.520322 10.967007
0.268848 0.000000 0.771371 111.217171
0.124892 0.000000 0.787877 115.501572
0.201388 0.000000 0.664817 112.305443
0.255147 0.000000 0.547794 110.057732
0.180487 0.000000 0.436793 111.073006
0.317581 0.000000 0.440307 107.860153
3.531281 0.000000 0.879715 14.794911
3.328218 0.000000 0.767777 18.379364
0.332663 0.000000 0.116279 105.301773
0.419232 0.000000 0.228809 104.458946
0.557359 0.000000 0.219502 101.858101
0.288986 0.000000 0.232661 106.996437
0.599706 0.000000 0.884771 103.217300
0.603872 0.000000 0.107934 100.532104
0.393817 0.000000 0.546278 106.816772
3.459616 0.000000 0.305786 15.517774
3.393802 0.000000 0.184340 17.030304
3.239756 0.000000 0.198413 20.706743
3.190003 0.000000 0.307332 21.813953
0.665385 0.000000 0.769658 101.263275
0.798529 0.000000 0.769308 97.745346
3.059315 0.000000 0.306763 25.185165
2.992628 0.000000 0.184328 27.236275
2.839249 0.000000 0.198928 31.580978
0.866014 0.000000 0.884691 95.844635
0.999511 0.000000 0.884723 91.766220
1.064556 0.000000 0.769401 89.903030
0.866580 0.000000 0.109712 95.363266
0.798263 0.000000 0.227574 97.055374
0.999946 0.000000 0.109561 92.233948
1.066619 0.000000 0.230922 90.464203
1.220544 0.000000 0.219079 86.054634
1.270082 0.000000 0.108352 84.762985
3.128107 0.000000 0.645574 22.910543
3.063117 0.000000 0.763596 24.315578
2.928722 0.000000 0.761978 27.679193
1.400573 0.000000 0.109138 80.670624
1.466676 0.000000 0.230945 78.125397
1.620382 0.000000 0.218261 72.866959
1.984157 0.000000 0.303201 59.488609
2.052548 0.000000 0.194925 57.518440
2.192737 0.000000 0.188015 52.591850
2.393308 0.000000 0.308226 45.226902
2.439292 0.000000 0.201237 44.113045
2.592729 0.000000 0.186182 39.171532
2.333333 0.000000 0.884530 44.586796
2.399560 0.000000 0.768967 43.017952
2.532847 0.000000 0.769283 38.837158
2.265271 0.000000 0.769907 47.420795
2.196567 0.000000 0.652852 50.343605
2.464083 0.000000 0.652560 41.484371
2.199767 0.000000 0.885235 49.019962
2.599919 0.000000 0.884567 36.345310
2.665230 0.000000 0.769146 34.890400
2.732529 0.000000 0.884598 32.571327
1.266385 0.000000 0.884717 82.829865
1.331582 0.000000 0.769215 80.956223
1.533333 0.000000 0.884737 73.153343
1.600000 0.000000 0.769060 71.262123
1.733331 0.000000 0.769061 66.349075
1.799999 0.000000 0.884557 63.262733
1.933333 0.000000 0.884643 58.386665
1.999553 0.000000 0.768976 56.650356
3.000000 0.000000 0.884530 25.643000
1.801519 0.000000 0.110481 66.866623
1.863901 0.000000 0.229491 64.134460
2.659994 0.000000 0.307204 36.658005
2.259962 0.000000 0.309804 49.741653
1.670317 0.000000 0.107199 71.530769
2.862236 0.000000 0.648793 29.730539
2.062767 0.000000 0.652253 55.017029
2.789954 0.000000 0.309847 32.728298
1.866200 0.000000 0.768974 61.472351
3.196554 0.000000 0.765495 21.207340
1.794864 0.000000 0.651238 64.692520
3.394328 0.000000 0.645548 16.969002
1.662103 0.000000 0.652032 69.546631
3.896419 0.000000 0.317413 7.936833
3.898439 0.000000 0.565053 8.748986
1.465943 0.000000 0.769640 76.156769
1.396261 0.000000 0.653881 79.108154
1.197828 0.000000 0.769079 85.555672
0.730478 0.000000 0.654942 99.402878
1.129281 0.000000 0.653915 88.070137
0.863453 0.000000 0.655042 95.919250
0.931415 0.000000 0.769597 93.971970
3.264894 0.000000 0.883172 19.715700
2.797656 0.000000 0.768939 31.152225
2.597071 0.000000 0.651728 37.358326
2.131765 0.000000 0.769039 51.984879
0.095206 0.000000 0.192924 111.084030
3.901255 0.000000 0.190283 7.629183
3.785311 0.000000 0.634058 10.290969
3.783604 0.000000 0.392491 9.600745
3.902367 0.000000 0.812500 9.964097
0.228068 0.000000 0.336934 109.113655
0.388007 0.000000 0.342687 105.752266
0.090768 0.000000 0.675018 115.648964
0.521627 0.000000 0.333996 103.061951
0.671297 0.000000 0.196150 99.601501
0.796488 0.000000 0.343947 97.299301
0.932297 0.000000 0.198496 93.928665
1.062426 0.000000 0.348355 90.497154
1.177909 0.000000 0.327975 87.153526
1.337526 0.000000 0.196261 82.471558
3.799751 0.000000 0.249988 9.100201
1.462203 0.000000 0.347307 77.897606
1.577634 0.000000 0.326611 73.960907
1.736988 0.000000 0.195256 68.827347
1.859578 0.000000 0.339531 63.810631
2.081078 0.000000 0.092997 56.935299
2.200811 0.000000 0.077907 52.764919
3.666667 0.000000 0.081537 11.285546
2.323108 0.000000 0.223161 47.938721
0.098887 0.000000 0.903132 117.266144
0.077407 0.000000 0.437500 113.924583
2.482599 0.000000 0.096207 43.065342
2.601111 0.000000 0.078000 39.264912
3.526688 0.000000 0.219418 14.093732
2.722430 0.000000 0.221954 35.011353
2.882573 0.000000 0.095187 30.576529
3.398106 0.000000 0.074258 17.013973
3.001405 0.000000 0.078095 27.214771
3.122706 0.000000 0.221559 23.660835
3.274900 0.000000 0.087272 19.967484
0.089414 0.000000 0.089117 110.206085
3.907993 0.000000 0.089530 7.438961
3.914309 0.000000 0.912152 10.495521
3.816852 0.000000 0.500000 9.428379
3.822332 0.000000 0.756349 10.380710
1.962550 0.000000 0.210652 60.670044
0.179351 0.000000 0.244373 109.472321
0.733041 1.000000 0.884435 79.026039
2.730225 1.000000 0.107608 34.519241
1.133287 1.000000 0.115483 72.186539
2.066666 1.000000 0.885013 51.654140
3.131827 1.000000 0.110960 25.343143
1.533334 1.000000 0.115472 64.383698
2.466667 1.000000 0.884530 41.030739
3.399089 1.000000 0.882905 19.809099
0.466286 1.000000 0.115164 79.693649
0.114931 1.000000 0.556573 81.015244
3.893360 1.000000 0.439379 14.397973
2.865535 1.000000 0.883559 30.776489
2.330241 1.000000 0.108524 44.829166
1.942441 1.000000 0.117495 54.800838
1.400000 1.000000 0.884707 67.571709
3.530059 1.000000 0.107374 18.551746
0.733084 1.000000 0.110760 77.738800
3.132170 1.000000 0.882853 24.744532
1.133072 1.000000 0.884652 72.844688
1.666666 1.000000 0.884530 61.610161
0.466241 1.000000 0.884838 81.553719
3.664781 1.000000 0.877668 16.274347
0.108009 1.000000 0.321767 80.188004
3.899553 1.000000 0.690327 14.274485
3.791452 1.000000 0.113093 15.641646
0.205999 1.000000 0.888198 82.403931
0.195916 1.000000 0.124055 79.913803
0.333785 1.000000 0.884791 82.198692
0.399720 1.000000 0.770657 81.567612
0.532297 1.000000 0.770092 80.745491
0.465527 1.000000 0.656447 80.891777
0.597929 1.000000 0.655426 79.905960
0.530938 1.000000 0.541799 80.179680
0.663109 1.000000 0.540758 79.042969
0.596290 1.000000 0.431224 79.444885
0.728745 1.000000 0.431461 78.161880
0.795573 1.000000 0.540865 77.542244
0.861445 1.000000 0.431013 76.527512
0.928390 1.000000 0.540766 75.715691
0.459755 1.000000 0.433968 80.365707
0.994379 1.000000 0.430639 74.585052
1.061412 1.000000 0.540338 73.605560
1.127439 1.000000 0.426827 72.372322
1.194562 1.000000 0.539264 71.248596
1.260668 1.000000 0.428878 69.927788
1.327798 1.000000 0.539119 68.676315
1.393930 1.000000 0.428901 67.275444
1.461074 1.000000 0.538704 65.911697
1.527199 1.000000 0.425050 64.437714
1.594371 1.000000 0.537688 62.973972
1.660523 1.000000 0.427257 61.433926
1.727686 1.000000 0.537407 59.880398
1.793843 1.000000 0.427286 58.280834
1.861008 1.000000 0.537087 56.648056
1.927167 1.000000 0.426829 54.997780
1.994333 1.000000 0.536630 53.297100
2.060470 1.000000 0.420885 51.609173
2.127633 1.000000 0.536247 49.852978
2.193792 1.000000 0.419073 48.140129
2.260957 1.000000 0.535476 46.344429
2.327118 1.000000 0.418587 44.624096
2.395170 1.000000 0.534591 42.784504
2.460595 1.000000 0.417952 41.096523
2.528699 1.000000 0.534464 39.255981
2.593984 1.000000 0.417418 37.606907
2.661634 1.000000 0.533755 35.801739
2.727250 1.000000 0.416810 34.202751
2.794441 1.000000 0.531969 32.457020
2.860457 1.000000 0.415928 30.930471
2.927663 1.000000 0.531115 29.255894
2.993780 1.000000 0.415291 27.833275
3.060965 1.000000 0.530450 26.254934
3.127121 1.000000 0.414479 24.959795
3.194213 1.000000 0.529755 23.502316
3.260314 1.000000 0.413954 22.354389
3.327317 1.000000 0.528909 21.039412
3.393425 1.000000 0.413791 20.050520
3.460158 1.000000 0.528181 18.899727
3.525955 1.000000 0.413637 18.082306
3.592116 1.000000 0.527646 17.112873
0.930080 1.000000 0.314710 75.454018
1.329757 1.000000 0.313791 68.548759
1.728822 1.000000 0.310849 59.854694
2.126601 1.000000 0.304029 49.952572
2.526591 1.000000 0.301956 39.455555
2.926563 1.000000 0.300119 29.501528
3.327029 1.000000 0.298751 21.321087
2.729932 1.000000 0.651159 34.041389
3.526802 1.000000 0.641913 17.886896
2.330694 1.000000 0.653033 44.505207
1.928190 1.000000 0.651097 55.011314
3.261046 1.000000 0.646326 22.162651
2.994836 1.000000 0.646218 27.668564
0.996427 1.000000 0.654419 74.820343
1.528234 1.000000 0.652896 64.525230
1.262938 1.000000 0.653709 70.059303
3.655389 1.000000 0.412361 16.491690
0.333952 1.000000 0.657353 81.453316
3.656872 1.000000 0.640372 16.303656
0.663909 1.000000 0.314977 78.652031
3.591245 1.000000 0.305086 17.388990
3.698406 1.000000 0.311293 16.169867
3.594720 1.000000 0.757539 17.007097
3.719820 1.000000 0.755530 15.662380
3.802511 1.000000 0.873260 15.026968
3.658719 1.000000 0.194503 16.790735
3.462428 1.000000 0.760181 18.783327
3.713131 1.000000 0.520322 15.786419
0.268848 1.000000 0.771371 81.948792
0.124892 1.000000 0.787877 81.903725
0.201388 1.000000 0.664817 81.588974
0.255147 1.000000 0.547794 81.221886
0.180487 1.000000 0.436793 80.797249
0.317581 1.000000 0.440307 80.851967
3.531281 1.000000 0.879715 17.865803
3.328218 1.000000 0.767777 20.944601
0.332663 1.000000 0.116279 80.029594
0.419232 1.000000 0.228809 80.088303
0.557359 1.000000 0.219502 79.368347
0.288986 1.000000 0.232661 80.323959
0.599706 1.000000 0.884771 80.479820
0.603872 1.000000 0.107934 78.880890
0.393817 1.000000 0.546278 80.940575
3.459616 1.000000 0.305786 19.178072
3.393802 1.000000 0.184340 20.410328
3.239756 1.000000 0.198413 23.064577
3.190003 1.000000 0.307332 23.835443
0.665385 1.000000 0.769658 79.517296
0.798529 1.000000 0.769308 77.929596
3.059315 1.000000 0.306763 26.523756
2.992628 1.000000 0.184328 28.175810
2.839249 1.000000 0.198928 31.706514
0.866014 1.000000 0.884691 77.246010
0.999511 1.000000 0.884723 75.170502
1.064556 1.000000 0.769401 73.862427
0.866580 1.000000 0.109712 76.195473
0.798263 1.000000 0.227574 77.117577
0.999946 1.000000 0.109561 74.332016
1.066619 1.000000 0.230922 73.308327
1.220544 1.000000 0.219079 70.631302
1.270082 1.000000 0.108352 69.732018
3.128107 1.000000 0.645574 24.777637
3.063117 1.000000 0.763596 26.156105
2.928722 1.000000 0.761978 29.198660
1.400573 1.000000 0.109138 67.176666
1.466676 1.000000 0.230945 65.753601
1.620382 1.000000 0.218261 62.395981
1.984157 1.000000 0.303201 53.605724
2.052548 1.000000 0.194925 51.945190
2.192737 1.000000 0.188015 48.330410
2.393308 1.000000 0.308226 42.948540
2.439292 1.000000 0.201237 41.849297
2.592729 1.000000 0.186182 37.877979
2.333333 1.000000 0.884530 44.592087
2.399560 1.000000 0.768967 42.722588
2.532847 1.000000 0.769283 39.182049
2.265271 1.000000 0.769907 46.304577
2.196567 1.000000 0.652852 48.064281
2.464083 1.000000 0.652560 40.957962
2.199767 1.000000 0.885235 48.152721
2.599919 1.000000 0.884567 37.507080
2.665230 1.000000 0.769146 35.723499
2.732529 1.000000 0.884598 34.081936
1.266385 1.000000 0.884717 70.307060
1.331582 1.000000 0.769215 68.828331
1.533333 1.000000 0.884737 64.669502
1.600000 1.000000 0.769060 63.016891
1.733331 1.000000 0.769061 59.894054
1.799999 1.000000 0.884557 58.409412
1.933333 1.000000 0.884643 55.083694
1.999553 1.000000 0.768976 53.273258
3.000000 1.000000 0.884530 27.620415
1.801519 1.000000 0.110481 58.254265
1.863901 1.000000 0.229491 56.646103
2.659994 1.000000 0.307204 36.007080
2.259962 1.000000 0.309804 46.461597
1.670317 1.000000 0.107199 61.334240
2.862236 1.000000 0.648793 30.769747
2.062767 1.000000 0.652253 51.568130
2.789954 1.000000 0.309847 32.751129
1.866200 1.000000 0.768974 56.647537
3.196554 1.000000 0.765495 23.387751
1.794864 1.000000 0.651238 58.316315
3.394328 1.000000 0.645548 19.849411
1.662103 1.000000 0.652032 61.480705
3.896419 1.000000 0.317413 14.507257
3.898439 1.000000 0.565053 14.291296
1.465943 1.000000 0.769640 66.004494
1.396261 1.000000 0.653881 67.367012
1.197828 1.000000 0.769079 71.453293
0.730478 1.000000 0.654942 78.538147
1.129281 1.000000 0.653915 72.559059
0.863453 1.000000 0.655042 76.827721
0.931415 1.000000 0.769597 76.033768
3.264894 1.000000 0.883172 22.131620
2.797656 1.000000 0.768939 32.369244
2.597071 1.000000 0.651728 37.456940
2.131765 1.000000 0.769039 49.836811
0.095206 1.000000 0.192924 79.715790
3.901255 1.000000 0.190283 14.662513
3.785311 1.000000 0.634058 15.081464
3.783604 1.000000 0.392491 15.262666
3.902367 1.000000 0.812500 14.315693
0.228068 1.000000 0.336934 80.572693
0.388007 1.000000 0.342687 80.442154
0.090768 1.000000 0.675018 81.360657
0.521627 1.000000 0.333996 79.802612
0.671297 1.000000 0.196150 78.425858
0.796488 1.000000 0.343947 77.258347
0.932297 1.000000 0.198496 75.348892
1.062426 1.000000 0.348355 73.428574
1.177909 1.000000 0.327975 71.425209
1.337526 1.000000 0.196261 68.404053
3.799751 1.000000 0.249988 15.322877
1.462203 1.000000 0.347307 65.832649
1.577634 1.000000 0.326611 63.320934
1.736988 1.000000 0.195256 59.719013
1.859578 1.000000 0.339531 56.696648
2.081078 1.000000 0.092997 51.324066
2.200811 1.000000 0.077907 48.252354
3.666667 1.000000 0.081537 16.932966
2.323108 1.000000 0.223161 44.877762
0.098887 1.000000 0.903132 82.286819
0.077407 1.000000 0.437500 80.436768
2.482599 1.000000 0.096207 40.861568
2.601111 1.000000 0.078000 37.828754
3.526688 1.000000 0.219418 18.372616
2.722430 1.000000 0.221954 34.536144
2.882573 1.000000 0.095187 30.856455
3.398106 1.000000 0.074258 20.571968
3.001405 1.000000 0.078095 28.179930
3.122706 1.000000 0.221559 25.323116
3.274900 1.000000 0.087272 22.641186
0.089414 1.000000 0.089117 79.366119
3.907993 1.000000 0.089530 14.800647
3.914309 1.000000 0.912152 14.350507
3.816852 1.000000 0.500000 14.891660
3.822332 1.000000 0.756349 14.803748
1.962550 1.000000 0.210652 54.212265
0.179351 1.000000 0.244373 80.206100
0.733041 0.884435 0.000000 62.880863
2.731122 0.109834 0.000000 27.097591
1.133299 0.115471 0.000000 65.613808
2.066667 0.115470 0.000000 43.219364
3.131823 0.111047 0.000000 18.320160
1.533327 0.884527 0.000000 51.936756
2.466952 0.883184 0.000000 33.333492
3.399087 0.882906 0.000000 17.115002
0.464594 0.112994 0.000000 74.497398
0.116922 0.554763 0.000000 17.875433
3.893373 0.439379 0.000000 7.120360
2.865674 0.884069 0.000000 25.427252
1.933332 0.884529 0.000000 44.475895
1.666667 0.110202 0.000000 54.487919
1.133299 0.884515 0.000000 58.212105
3.529893 0.107335 0.000000 11.171835
0.738401 0.107652 0.000000 73.025070
3.132168 0.882853 0.000000 20.786245
2.200000 0.884530 0.000000 39.026817
1.400001 0.110334 0.000000 61.025097
2.346194 0.112938 0.000000 36.240795
0.466241 0.884838 0.000000 64.729691
3.664778 0.877667 0.000000 14.401274
0.116137 0.315608 0.000000 32.713970
3.899588 0.690145 0.000000 10.159611
3.791449 0.113092 0.000000 7.485161
0.205999 0.888198 0.000000 65.508865
0.208879 0.110301 0.000000 77.821976
0.333785 0.884791 0.000000 65.088737
0.399720 0.770657 0.000000 49.311741
0.532297 0.770092 0.000000 48.682877
0.464940 0.656391 0.000000 32.468208
0.597831 0.655417 0.000000 31.773432
0.530236 0.541732 0.000000 15.805496
0.662942 0.540816 0.000000 15.484378
0.594661 0.425889 0.000000 13.621361
0.728446 0.430584 0.000000 13.531511
0.795496 0.540729 0.000000 15.282104
0.861382 0.430846 0.000000 13.905071
0.928367 0.540715 0.000000 15.116067
0.455571 0.425422 0.000000 13.315899
0.994365 0.430601 0.000000 14.226638
1.061405 0.540324 0.000000 14.932145
1.127438 0.426825 0.000000 14.733011
1.194557 0.539002 0.000000 14.664989
1.260663 0.428833 0.000000 14.496792
1.327791 0.539028 0.000000 14.490343
1.393921 0.428878 0.000000 14.273942
1.461065 0.538728 0.000000 14.227942
1.527209 0.428419 0.000000 13.929122
1.594363 0.538076 0.000000 13.864823
1.660515 0.427941 0.000000 13.446992
1.727676 0.537661 0.000000 13.440161
1.793832 0.427383 0.000000 12.866108
1.860996 0.537194 0.000000 12.937870
1.927156 0.426919 0.000000 12.212434
1.994321 0.536634 0.000000 12.369577
2.060465 0.422754 0.000000 11.724925
2.127647 0.535615 0.000000 11.736300
2.193808 0.425128 0.000000 10.883725
2.260979 0.535435 0.000000 11.131969
2.327116 0.419588 0.000000 10.436794
2.394304 0.533495 0.000000 10.453454
2.460442 0.417934 0.000000 9.833893
2.527633 0.532490 0.000000 9.857179
2.593773 0.417117 0.000000 9.244010
2.660966 0.532214 0.000000 9.342170
2.727105 0.416482 0.000000 8.703132
2.794298 0.531656 0.000000 8.883125
2.860437 0.415880 0.000000 8.217819
2.927629 0.531057 0.000000 8.498891
2.993807 0.415278 0.000000 7.786746
3.060948 0.530442 0.000000 8.193263
3.127083 0.414689 0.000000 7.410079
3.194196 0.529787 0.000000 7.964842
3.260298 0.414166 0.000000 7.091264
3.327304 0.528948 0.000000 7.808200
3.393244 0.413753 0.000000 6.842062
3.460152 0.528249 0.000000 7.726926
3.525748 0.413562 0.000000 6.681434
3.592080 0.527425 0.000000 7.717747
0.930089 0.314681 0.000000 31.023420
1.862139 0.310559 0.000000 23.576103
2.526579 0.301987 0.000000 16.312239
2.926650 0.300095 0.000000 12.176396
3.326530 0.298927 0.000000 8.681270
2.728968 0.648850 0.000000 14.510884
3.526787 0.641886 0.000000 9.844265
1.794854 0.651698 0.000000 23.354959
3.261034 0.646338 0.000000 10.865240
1.394928 0.653471 0.000000 26.621899
2.994815 0.646196 0.000000 12.356648
0.996422 0.654408 0.000000 29.361748
2.329736 0.649452 0.000000 18.230118
2.061505 0.650488 0.000000 20.867767
3.655349 0.412092 0.000000 6.625629
0.332745 0.657748 0.000000 33.018440
3.656900 0.639928 0.000000 9.571038
0.654923 0.318695 0.000000 30.720175
1.329754 0.313779 0.000000 28.878347
1.596374 0.313325 0.000000 26.340744
2.259917 0.303173 0.000000 19.386541
3.590991 0.304961 0.000000 6.918622
3.698343 0.311214 0.000000 6.483787
3.594718 0.757460 0.000000 12.168036
3.719857 0.755259 0.000000 11.586032
3.802515 0.873221 0.000000 13.413327
3.658642 0.194484 0.000000 7.758269
3.462419 0.760169 0.000000 13.005209
3.713196 0.519984 0.000000 7.692335
0.268472 0.771742 0.000000 49.696461
0.124575 0.788297 0.000000 51.851860
0.200927 0.664990 0.000000 34.182495
0.254433 0.547863 0.000000 16.932465
0.187603 0.429354 0.000000 13.023124
0.323058 0.426124 0.000000 13.110611
0.393497 0.542547 0.000000 16.101337
0.388066 0.312147 0.000000 32.115257
0.258079 0.315489 0.000000 31.826931
0.331516 0.195143 0.000000 56.719231
0.523153 0.316799 0.000000 31.107437
0.565192 0.211926 0.000000 51.908222
3.531278 0.879700 0.000000 15.603095
3.328209 0.767782 0.000000 14.244967
0.599706 0.884771 0.000000 63.984615
3.459234 0.305746 0.000000 7.625495
3.392885 0.184099 0.000000 11.103232
3.239626 0.198686 0.000000 12.747975
0.665369 0.769657 0.000000 47.808952
0.798527 0.769308 0.000000 46.741005
3.190023 0.307533 0.000000 9.524618
3.059464 0.306873 0.000000 10.649245
2.992788 0.184374 0.000000 17.192383
2.839439 0.199270 0.000000 18.889954
0.866014 0.884691 0.000000 61.582428
0.999549 0.884701 0.000000 60.010826
1.064831 0.769239 0.000000 44.252068
1.199963 0.769077 0.000000 42.806068
0.867502 0.109191 0.000000 71.094734
0.819154 0.218984 0.000000 49.167614
1.000125 0.109470 0.000000 69.083366
1.066619 0.230899 0.000000 44.954205
1.220548 0.219070 0.000000 45.313942
3.128095 0.645572 0.000000 11.515025
3.063107 0.763591 0.000000 16.732971
2.928710 0.761975 0.000000 18.266733
2.789951 0.308857 0.000000 13.073239
1.266647 0.884750 0.000000 56.298019
1.399992 0.884788 0.000000 54.204872
1.466666 0.769058 0.000000 39.715904
1.599992 0.769063 0.000000 38.035904
1.270091 0.107488 0.000000 64.417915
1.666663 0.884608 0.000000 49.575607
1.799999 0.884621 0.000000 47.085175
1.866667 0.769059 0.000000 34.397343
1.999551 0.768810 0.000000 32.434277
2.659381 0.308449 0.000000 14.422736
2.592715 0.186178 0.000000 24.187420
2.453692 0.193051 0.000000 26.253735
2.066592 0.884488 0.000000 41.782799
2.133333 0.769060 0.000000 30.437798
2.265230 0.766706 0.000000 28.212620
2.194840 0.650759 0.000000 19.629072
2.398606 0.766347 0.000000 26.127516
2.332909 0.883461 0.000000 36.158630
2.533727 0.767497 0.000000 24.139614
2.600007 0.884517 0.000000 30.672544
2.664922 0.767805 0.000000 22.198086
3.000000 0.884530 0.000000 23.035070
1.533334 0.108467 0.000000 58.145416
1.464709 0.226202 0.000000 40.650665
2.202143 0.109492 0.000000 40.348675
2.153689 0.215577 0.000000 29.728018
2.000000 0.230940 0.000000 30.802700
1.933334 0.110086 0.000000 47.451092
1.800000 0.108311 0.000000 51.265488
1.731229 0.225421 0.000000 36.298416
2.596284 0.649153 0.000000 15.697294
2.398620 0.307466 0.000000 17.364225
2.862181 0.648704 0.000000 13.422370
1.928560 0.651290 0.000000 22.154018
3.196547 0.765498 0.000000 15.385107
1.732884 0.769242 0.000000 36.287121
3.394317 0.645562 0.000000 10.311022
1.661532 0.651539 0.000000 24.425905
3.896419 0.317414 0.000000 6.306822
2.732656 0.884813 0.000000 28.022192
3.898521 0.564840 0.000000 8.487571
1.528780 0.652380 0.000000 25.532110
1.332461 0.769651 0.000000 41.387661
1.261663 0.652484 0.000000 27.407572
0.730418 0.654927 0.000000 31.017591
1.129807 0.654089 0.000000 28.473206
0.863425 0.655006 0.000000 30.259609
0.931461 0.769559 0.000000 45.599072
3.264891 0.883173 0.000000 18.844330
2.462840 0.648688 0.000000 16.906017
2.797910 0.769196 0.000000 20.374401
3.784201 0.633731 0.000000 9.365932
0.103048 0.186373 0.000000 60.889053
3.901254 0.190283 0.000000 6.187212
3.783632 0.392392 0.000000 6.574116
3.902368 0.812500 0.000000 11.978234
0.092311 0.673943 0.000000 35.343826
0.454504 0.229802 0.000000 48.596798
0.607769 0.101555 0.000000 75.789368
0.788043 0.330131 0.000000 28.619663
0.334331 0.083688 0.000000 82.881256
0.936698 0.196645 0.000000 52.595402
1.062424 0.348336 0.000000 25.143599
1.177908 0.327957 0.000000 27.793974
1.337021 0.195375 0.000000 47.669331
3.799738 0.249971 0.000000 6.363142
1.462393 0.342120 0.000000 23.796129
1.598462 0.196723 0.000000 42.845264
1.728818 0.340926 0.000000 21.536003
1.865341 0.197063 0.000000 37.555683
1.995300 0.345591 0.000000 18.360477
2.110530 0.323860 0.000000 19.232903
3.666667 0.081536 0.000000 9.600431
2.265183 0.190049 0.000000 30.243290
0.098887 0.903132 0.000000 67.111275
2.487656 0.095577 0.000000 34.270802
0.080694 0.436196 0.000000 12.948972
2.602299 0.078318 0.000000 32.778263
3.526329 0.219325 0.000000 8.638769
2.722522 0.222518 0.000000 19.273878
0.697071 0.213338 0.000000 50.996208
2.882780 0.095625 0.000000 24.553272
3.397889 0.074270 0.000000 14.511399
3.001478 0.078209 0.000000 22.851292
3.274792 0.087450 0.000000 16.472467
3.122745 0.221702 0.000000 13.445522
0.092007 0.089530 0.000000 84.919456
0.202414 0.222134 0.000000 51.671425
3.907993 0.089530 0.000000 6.626116
3.914310 0.912144 0.000000 13.505435
3.816171 0.503668 0.000000 7.625070
3.822326 0.756350 0.000000 11.293602
2.356956 0.213535 0.000000 26.191465
0.733034 0.884434 1.000000 64.112450
2.730249 0.107721 1.000000 24.787582
1.133299 0.884514 1.000000 58.889774
2.066666 0.115470 1.000000 39.009357
3.131828 0.111130 1.000000 17.756994
1.533327 0.884527 1.000000 52.389866
2.466935 0.883209 1.000000 33.524925
3.399086 0.882977 1.000000 16.903927
0.460869 0.113829 1.000000 77.638168
0.116925 0.554765 1.000000 17.248205
3.893366 0.439401 1.000000 10.141432
0.866667 0.115470 1.000000 69.757118
2.865657 0.884091 1.000000 25.393906
1.933332 0.884530 1.000000 44.837025
1.400000 0.110332 1.000000 57.804619
3.529904 0.107518 1.000000 12.916172
3.132162 0.882935 1.000000 20.625172
2.200000 0.884530 1.000000 39.318089
2.346198 0.113044 1.000000 32.490822
1.666667 0.110216 1.000000 50.448578
1.133333 0.110456 1.000000 64.735245
0.466239 0.884837 1.000000 66.556877
3.664763 0.877832 1.000000 14.327779
0.116153 0.315611 1.000000 34.944771
3.899548 0.690192 1.000000 11.469670
3.791437 0.113175 1.000000 10.901406
0.206000 0.888198 1.000000 68.046432
0.208901 0.110315 1.000000 83.279877
0.333785 0.884791 1.000000 67.259506
0.399721 0.770661 1.000000 50.547482
0.532291 0.770096 1.000000 49.659576
0.464934 0.656407 1.000000 32.595249
0.597796 0.655440 1.000000 31.728941
0.530207 0.541782 1.000000 14.019763
0.662874 0.540873 1.000000 13.499134
0.594627 0.425978 1.000000 11.142226
0.455579 0.425485 1.000000 11.430572
0.728397 0.425822 1.000000 11.106693
0.795396 0.540446 1.000000 13.145549
0.861360 0.430132 1.000000 10.509473
0.928303 0.540607 1.000000 12.990308
0.994325 0.430436 1.000000 10.472955
1.061359 0.540343 1.000000 12.889213
1.127444 0.430154 1.000000 10.461185
1.194530 0.539618 1.000000 12.821366
1.260653 0.429563 1.000000 10.418343
1.327770 0.539331 1.000000 12.858140
1.393913 0.429130 1.000000 10.300385
1.461047 0.538908 1.000000 12.888000
1.527204 0.428581 1.000000 10.151273
1.594348 0.538213 1.000000 12.865334
1.660513 0.428088 1.000000 9.977796
1.727662 0.537812 1.000000 12.819513
1.793831 0.427539 1.000000 9.807385
1.860984 0.537356 1.000000 12.701301
1.927155 0.427086 1.000000 9.647902
1.994310 0.536808 1.000000 12.505257
2.060466 0.422949 1.000000 9.642209
2.127636 0.535784 1.000000 12.214278
2.193809 0.425319 1.000000 9.435983
2.260968 0.535612 1.000000 11.929724
2.327118 0.419809 1.000000 9.476765
2.394294 0.533722 1.000000 11.523405
2.460444 0.418178 1.000000 9.433072
2.527623 0.532738 1.000000 11.168669
2.593775 0.417379 1.000000 9.398778
2.660956 0.532482 1.000000 10.862325
2.727108 0.416759 1.000000 9.386814
2.794288 0.531939 1.000000 10.580113
2.860439 0.416170 1.000000 9.394458
2.927619 0.531355 1.000000 10.348505
2.993810 0.415582 1.000000 9.416491
3.060939 0.530754 1.000000 10.177177
3.127085 0.415007 1.000000 9.449476
3.194186 0.530113 1.000000 10.068191
3.260301 0.414498 1.000000 9.492539
3.327294 0.529287 1.000000 10.018467
3.393247 0.414099 1.000000 9.548879
3.460142 0.528602 1.000000 10.028186
3.525752 0.413922 1.000000 9.627006
3.592072 0.527792 1.000000 10.091412
0.659967 0.310207 1.000000 31.937761
1.862144 0.310672 1.000000 20.057575
2.526593 0.302242 1.000000 14.556290
2.926664 0.300392 1.000000 12.211073
3.326544 0.299266 1.000000 10.653038
2.728941 0.649063 1.000000 15.699286
3.526766 0.642247 1.000000 11.297281
1.794830 0.651878 1.000000 23.884628
3.261026 0.646630 1.000000 12.173172
1.394898 0.653615 1.000000 26.677002
2.994793 0.646501 1.000000 13.604489
0.996365 0.654410 1.000000 29.138622
2.329717 0.649585 1.000000 19.266430
2.061483 0.650695 1.000000 21.695604
3.655344 0.412461 1.000000 9.736217
0.332746 0.657754 1.000000 33.368114
3.656868 0.640295 1.000000 11.104327
1.063241 0.314475 1.000000 28.272633
1.329758 0.313942 1.000000 25.719898
1.596374 0.313401 1.000000 22.774172
2.259931 0.303401 1.000000 16.673473
3.591005 0.305294 1.000000 10.026090
3.698318 0.311500 1.000000 9.911485
3.594696 0.757791 1.000000 12.807827
3.719815 0.755498 1.000000 12.324850
3.802486 0.873270 1.000000 13.487195
3.658639 0.194718 1.000000 10.777762
3.462405 0.760455 1.000000 13.561448
3.713155 0.520285 1.000000 10.160353
0.268473 0.771744 1.000000 51.225937
0.124575 0.788298 1.000000 53.852257
0.200929 0.664994 1.000000 34.858154
0.254437 0.547870 1.000000 15.832357
0.187623 0.429357 1.000000 12.328308
0.323087 0.426149 1.000000 11.822086
0.393498 0.542575 1.000000 14.580646
0.388126 0.312221 1.000000 33.109653
0.258125 0.315518 1.000000 33.401859
0.328643 0.196684 1.000000 59.500027
0.524007 0.315444 1.000000 31.642954
0.578315 0.194587 1.000000 56.950615
0.718337 0.202926 1.000000 53.424442
3.531270 0.879842 1.000000 15.442201
3.328223 0.767920 1.000000 14.713135
0.599703 0.884771 1.000000 65.494232
3.459249 0.306060 1.000000 10.232716
3.392912 0.184445 1.000000 12.548299
3.239640 0.198923 1.000000 13.442197
0.665341 0.769664 1.000000 48.571159
0.798483 0.769318 1.000000 47.338909
3.190035 0.307812 1.000000 10.919892
3.059477 0.307146 1.000000 11.405288
2.992814 0.184678 1.000000 16.461361
2.839307 0.199112 1.000000 17.570120
0.865989 0.884698 1.000000 62.586208
0.999530 0.884707 1.000000 60.830460
1.064796 0.769252 1.000000 44.670628
1.199967 0.769075 1.000000 43.196148
3.128073 0.645890 1.000000 12.792885
3.063091 0.763814 1.000000 17.245739
2.928676 0.762273 1.000000 18.828028
2.789938 0.309040 1.000000 12.560118
1.266648 0.884764 1.000000 56.875328
1.399993 0.884804 1.000000 54.710072
1.464953 0.769066 1.000000 40.167042
1.599993 0.769063 1.000000 38.511608
1.666663 0.884624 1.000000 49.994400
1.799999 0.884640 1.000000 47.475365
1.866667 0.769059 1.000000 34.974888
1.999999 0.769060 1.000000 33.069992
2.659390 0.308676 1.000000 13.306230
2.592741 0.186441 1.000000 21.701368
2.453710 0.193278 1.000000 23.331909
2.066666 0.884530 1.000000 42.114697
2.133333 0.769060 1.000000 31.084785
2.265216 0.766757 1.000000 28.883177
2.194816 0.650748 1.000000 20.557060
2.398581 0.766419 1.000000 26.796215
2.332900 0.883486 1.000000 36.407703
2.533672 0.767524 1.000000 24.779602
2.600026 0.884486 1.000000 30.786289
2.664896 0.767856 1.000000 22.803089
3.000000 0.884530 1.000000 22.923761
1.266667 0.108640 1.000000 61.676823
1.198086 0.226743 1.000000 41.866726
1.800000 0.109227 1.000000 46.894604
1.731231 0.225619 1.000000 32.511490
1.933333 0.109063 1.000000 43.282734
2.000000 0.230940 1.000000 27.122541
2.153335 0.216648 1.000000 26.093348
2.205478 0.107149 1.000000 36.449326
1.533333 0.108484 1.000000 54.437931
1.464705 0.226267 1.000000 37.315453
1.000000 0.109621 1.000000 68.084160
0.951649 0.219844 1.000000 46.897823
2.596259 0.649324 1.000000 16.852440
2.398629 0.307700 1.000000 15.164177
2.862153 0.648919 1.000000 14.632091
0.787557 0.320182 1.000000 29.268547
1.928559 0.651398 1.000000 22.832897
3.196540 0.765679 1.000000 15.865260
1.732882 0.769327 1.000000 36.823505
3.394309 0.645857 1.000000 11.674068
3.896391 0.317476 1.000000 9.991096
2.732641 0.884803 1.000000 28.061676
1.661507 0.651614 1.000000 24.778200
3.898487 0.564910 1.000000 10.655696
1.529457 0.653413 1.000000 25.832747
1.331347 0.768976 1.000000 41.715290
1.261625 0.652534 1.000000 27.317440
0.730356 0.654900 1.000000 30.851038
1.129774 0.654205 1.000000 28.312317
0.863356 0.654944 1.000000 30.033646
0.931420 0.769555 1.000000 46.083191
3.265398 0.884290 1.000000 18.665375
2.462816 0.648856 1.000000 18.015907
2.797865 0.769213 1.000000 20.928082
3.784129 0.634002 1.000000 11.007279
0.103051 0.186375 1.000000 65.626900
3.901229 0.190307 1.000000 10.192922
3.783592 0.392540 1.000000 9.868005
3.902264 0.812500 1.000000 12.517748
0.092311 0.673945 1.000000 36.339348
0.455992 0.226553 1.000000 51.140400
0.661150 0.109038 1.000000 75.219032
0.333016 0.084166 1.000000 87.638863
0.922713 0.332723 1.000000 26.142591
1.069262 0.196228 1.000000 49.589859
1.195836 0.342975 1.000000 22.474401
1.331843 0.197185 1.000000 44.547028
3.799672 0.250040 1.000000 10.076447
1.462391 0.342264 1.000000 20.283934
1.598462 0.196797 1.000000 39.177116
1.728819 0.341064 1.000000 17.964622
1.865342 0.197104 1.000000 33.648270
1.995303 0.345704 1.000000 15.227269
2.110474 0.324160 1.000000 16.235397
3.666667 0.081746 1.000000 12.076749
2.265783 0.189906 1.000000 26.796219
0.098887 0.903132 1.000000 70.036102
2.487664 0.095701 1.000000 30.808535
3.526342 0.219607 1.000000 11.082364
2.602131 0.077972 1.000000 29.631456
0.080701 0.436197 1.000000 12.641768
2.722325 0.222198 1.000000 17.639105
2.882617 0.095326 1.000000 22.668962
3.397897 0.074413 1.000000 15.208171
3.001452 0.078227 1.000000 21.393538
3.274797 0.087610 1.000000 16.530266
3.122759 0.221938 1.000000 13.704456
0.835215 0.214783 1.000000 49.474480
0.762050 0.101008 1.000000 75.101151
0.092007 0.089530 1.000000 91.784203
0.202020 0.222366 1.000000 55.092743
3.907993 0.089530 1.000000 10.586680
3.914283 0.912154 1.000000 13.493610
3.817016 0.500000 1.000000 10.208133
3.822286 0.756287 1.000000 12.105414
0.575281 0.086576 1.000000 82.223068
2.358997 0.212459 1.000000 23.196899
0.985244 0.499998 0.499999 9.206779
1.923932 0.500000 0.499991 9.508199
3.007712 0.500029 0.500027 8.104066
3.506191 0.495303 0.495298 7.902266
0.490122 0.491733 0.500000 8.787273
2.460713 0.500000 0.500060 8.758938
1.454588 0.466336 0.466333 9.372682
2.734230 0.349425 0.657119 10.928993
2.734195 0.657101 0.349396 14.803092
2.192342 0.659827 0.347498 20.134739
2.192302 0.347807 0.660823 14.324493
1.244984 0.657943 0.657894 27.595442
0.734921 0.661360 0.661363 31.438978
1.664223 0.657709 0.657721 24.708765
3.257072 0.340142 0.667804 9.072231
3.257066 0.667672 0.339819 11.447437
3.262181 0.330036 0.330182 8.632276
0.735327 0.636958 0.330869 27.878172
0.740439 0.330756 0.645000 27.877697
1.221153 0.328078 0.655483 25.508862
1.221144 0.655342 0.328130 27.445372
3.693446 0.314372 0.316961 6.986420
2.788522 0.675279 0.675241 15.604741
2.144067 0.674444 0.674069 22.159050
1.688058 0.328779 0.654334 20.916945
2.780364 0.330074 0.330090 11.689363
3.688518 0.313677 0.682135 8.244870
1.688052 0.654385 0.328760 24.029877
2.230401 0.330199 0.331271 16.303049
3.285547 0.670333 0.670006 11.714438
3.683488 0.683645 0.312548 10.216557
0.306320 0.314372 0.316961 32.427944
3.680585 0.684531 0.684541 10.643225
1.711609 0.331674 0.323030 21.465212
0.783647 0.319978 0.327447 30.045149
0.317387 0.684156 0.684069 37.160648
0.309442 0.313506 0.688227 33.086277
1.197639 0.322503 0.333239 27.479759
0.301462 0.699254 0.369221 39.274296
2.494411 0.709069 0.709804 20.864407
2.463901 0.278415 0.721201 17.223564
1.941429 0.733140 0.264380 29.589809
2.463832 0.721065 0.277659 21.720442
2.505267 0.281896 0.281894 17.414761
0.990948 0.733403 0.733395 40.008999
1.461604 0.738488 0.462949 35.815945
2.992917 0.729584 0.270605 15.807220
2.992962 0.270610 0.729587 12.683047
1.460702 0.463702 0.738424 8.670353
1.970073 0.263405 0.373769 26.161430
1.942229 0.261643 0.723139 25.568714
0.975030 0.738982 0.383955 40.754581
1.455108 0.261927 0.293935 34.321888
0.979183 0.390416 0.739786 16.709032
3.042141 0.596785 0.744180 10.910935
0.556467 0.744815 0.488833 45.010548
1.902262 0.589938 0.745906 16.484335
3.021292 0.400785 0.259081 8.018152
3.472354 0.459481 0.750125 8.478038
3.472402 0.750102 0.459044 12.420211
0.545357 0.406359 0.257527 15.480950
0.562896 0.488417 0.748609 7.675422
2.023174 0.487032 0.253150 9.405265
0.994789 0.244486 0.505719 42.422604
0.994783 0.505687 0.244485 10.771786
3.041595 0.247705 0.464573 13.144317
3.089108 0.743890 0.520026 15.428423
3.525878 0.489739 0.242134 7.386965
1.927710 0.752217 0.548440 31.697916
3.756868 0.474852 0.500000 7.930418
3.467895 0.245401 0.456455 9.205611
0.576956 0.253451 0.463481 43.849625
1.454581 0.247562 0.595561 35.571606
0.241349 0.471171 0.500000 8.919081
1.454585 0.595563 0.247563 18.929838
0.516341 0.719200 0.243825 41.399994
2.327577 0.530885 0.760598 10.725717
1.454695 0.752309 0.752220 37.806465
2.362586 0.754755 0.503079 25.641504
0.536468 0.244520 0.750581 46.241314
0.535478 0.758296 0.758296 47.434608
2.388616 0.492048 0.240313 8.685527
0.992513 0.233847 0.234795 44.793159
2.389580 0.239966 0.492284 21.853867
2.571770 0.488558 0.767532 8.863383
2.626278 0.481568 0.230064 8.056982
3.466715 0.228411 0.693757 10.112127
2.627042 0.229578 0.481749 19.274796
2.599175 0.772688 0.506615 23.291368
3.788903 0.237857 0.500036 7.568598
0.211025 0.237857 0.500036 49.937000
3.468342 0.715203 0.228626 11.617660
3.240338 0.494025 0.493944 7.897619
1.216696 0.495372 0.495468 9.247042
0.230490 0.520867 0.232762 12.958608
3.486792 0.261786 0.225964 8.378365
3.476608 0.766144 0.766138 13.048204
1.693612 0.496157 0.496122 9.511232
3.773039 0.777219 0.499033 11.550576
2.865692 0.782858 0.488415 19.885393
2.236189 0.526859 0.527112 10.302900
2.683272 0.532784 0.532780 9.433784
0.712213 0.502873 0.506889 9.344591
3.781837 0.500436 0.223542 7.655077
2.851573 0.487888 0.788139 8.757493
3.773756 0.500400 0.777740 9.081840
1.804061 0.502641 0.213122 10.426996
0.784868 0.786225 0.486057 49.166496
1.796259 0.209503 0.501251 35.411133
1.798244 0.785335 0.785443 37.125034
1.159984 0.785027 0.497283 45.065128
1.166355 0.496887 0.785829 8.561068
0.789921 0.490318 0.786773 7.608917
0.225568 0.501775 0.780731 9.827615
0.864959 0.207855 0.775560 50.699348
2.840667 0.539267 0.203746 8.922202
2.300851 0.783301 0.783515 29.107594
2.094245 0.495309 0.788223 9.422276
2.144802 0.213791 0.495043 28.386480
1.093407 0.213248 0.786187 46.481060
3.141827 0.788030 0.788009 16.747816
2.279004 0.208283 0.791388 25.571491
1.556685 0.213706 0.785986 38.331158
0.864948 0.793805 0.205145 49.401623
1.679236 0.492039 0.794923 9.192805
1.721377 0.788154 0.495182 38.211964
1.274113 0.482487 0.209207 10.472287
1.353570 0.784638 0.215240 42.736126
2.837712 0.211689 0.526604 17.404305
3.205799 0.501521 0.213022 7.569520
3.260597 0.202494 0.502976 12.394634
3.121066 0.215164 0.215160 13.634632
0.621571 0.204818 0.243165 53.504326
0.209424 0.793885 0.202823 53.022720
1.274231 0.202886 0.491748 46.136929
0.209277 0.792657 0.536551 53.378300
1.343127 0.212486 0.787283 42.466980
1.593040 0.200511 0.442407 40.848297
3.260589 0.505285 0.800399 8.906679
2.311286 0.200947 0.197338 27.622988
3.803332 0.800690 0.800698 12.137874
2.129150 0.792118 0.499416 32.310017
2.278032 0.794197 0.208970 30.011883
1.051083 0.714750 0.177374 36.871540
0.792307 0.484860 0.200568 9.932679
2.961630 0.794874 0.679518 19.216351
1.561418 0.419993 0.206582 13.283498
2.911823 0.231460 0.198484 15.663068
0.731959 0.807719 0.807731 53.077278
2.009665 0.789753 0.789726 34.354557
1.562927 0.770742 0.206688 38.461185
3.808064 0.196120 0.790359 9.043852
1.260351 0.804833 0.804265 46.703476
0.793988 0.200603 0.494804 53.100292
2.679265 0.201978 0.201909 21.002323
2.097242 0.216050 0.207255 29.995461
2.664987 0.793484 0.793624 23.820751
2.731483 0.194638 0.794841 19.532660
1.286516 0.197834 0.197956 47.550411
3.175717 0.203238 0.800477 13.575718
3.175598 0.800478 0.203180 16.680901
2.731141 0.794768 0.194517 22.599564
1.760944 0.201129 0.797155 36.089962
3.283914 0.801864 0.514981 15.402267
1.762706 0.799597 0.197528 38.831646
1.844872 0.210526 0.210791 35.410961
0.197698 0.194376 0.198557 58.890022
3.801064 0.803321 0.197049 11.933391
0.424113 0.200188 0.198095 55.678204
0.393504 0.317600 0.507585 31.621067
0.193011 0.190039 0.798036 62.410854
2.094304 0.403831 0.458100 11.098243
0.408331 0.536571 0.323023 14.407259
1.427564 0.604937 0.604409 19.860916
0.188744 0.773957 0.809923 51.236885
2.203188 0.540473 0.189573 11.229327
1.346751 0.815425 0.601579 46.643009
1.346325 0.602322 0.815718 20.052427
0.907783 0.662891 0.572467 30.491556
0.385038 0.500526 0.665856 9.274867
1.860443 0.412562 0.816774 10.721107
3.643596 0.632513 0.495582 9.613335
2.833239 0.500083 0.411357 8.133280
3.631757 0.495233 0.646291 8.402719
3.356541 0.500244 0.337771 7.636477
3.825967 0.188952 0.327858 7.083105
3.086676 0.419988 0.810361 8.688508
3.615897 0.186099 0.560718 9.248035
2.604008 0.407396 0.407862 9.070865
3.470102 0.640310 0.618806 10.258537
1.621916 0.200342 0.199793 41.159752
0.675223 0.809052 0.186852 53.198643
1.565215 0.815850 0.606776 43.605473
0.990487 0.563290 0.820642 15.826394
0.619779 0.568163 0.185279 18.584366
0.431683 0.609112 0.817737 24.979689
0.430792 0.818468 0.611246 56.557720
3.581795 0.822715 0.597547 13.355695
3.086833 0.578269 0.343177 9.501429
3.581817 0.597799 0.822820 9.991209
2.089527 0.181799 0.819762 31.723730
1.070452 0.584151 0.647235 18.442245
3.616943 0.184713 0.805099 10.144862
2.015222 0.645395 0.416838 20.493536
2.111014 0.706891 0.181906 25.091848
0.960822 0.368136 0.368153 21.223406
0.370182 0.821515 0.821514 57.708218
3.306500 0.228741 0.175536 10.859945
0.664080 0.829083 0.621406 56.419147
0.994599 0.828266 0.572542 52.775333
0.345022 0.663761 0.188019 33.795242
0.520356 0.624934 0.627904 27.036896
2.016842 0.412124 0.638134 10.508819
0.663943 0.622535 0.829076 26.003462
1.310381 0.823352 0.393001 48.008980
2.909809 0.370963 0.594642 9.389179
2.560659 0.589043 0.368879 12.320970
2.560855 0.368617 0.588578 10.845568
1.616650 0.819748 0.819748 43.539017
0.652832 0.171004 0.610775 60.963013
0.417586 0.176485 0.625521 62.282574
0.426219 0.380414 0.819705 19.396240
3.825150 0.622541 0.413403 9.295194
1.313856 0.391633 0.826226 15.116385
0.561805 0.363037 0.611297 22.386660
1.971921 0.183600 0.556860 34.986450
1.109727 0.375325 0.177952 20.347019
2.901731 0.691298 0.822670 15.581022
3.365343 0.322834 0.818909 9.470228
3.620985 0.352186 0.481772 7.473409
2.365650 0.405903 0.628753 9.728611
1.806833 0.470589 0.640788 8.800343
3.373082 0.400796 0.183080 7.085911
3.118474 0.184570 0.622097 14.867512
0.675817 0.347067 0.818511 24.904190
0.376609 0.418114 0.178627 13.852927
3.127066 0.472025 0.637970 8.110571
2.365258 0.606307 0.383300 14.637781
0.173464 0.618792 0.588193 27.104219
1.128344 0.177376 0.610595 52.946930
3.605421 0.369536 0.832116 8.839555
3.827253 0.323393 0.187715 6.522390
3.828414 0.614373 0.598205 9.521597
3.358801 0.821399 0.332360 15.266478
2.608377 0.183384 0.658735 22.525236
1.538703 0.605961 0.823366 19.804724
2.608272 0.824018 0.329363 26.348410
0.847610 0.382717 0.508664 18.728781
2.708586 0.599300 0.823345 12.845467
3.604704 0.167201 0.369853 9.183297
0.374944 0.177823 0.802869 62.916695
0.839946 0.662701 0.808536 31.060976
1.180927 0.821874 0.263528 49.543221
2.608467 0.658379 0.183156 16.005278
0.838929 0.809062 0.662164 51.989082
0.354906 0.612480 0.520545 25.754103
1.620505 0.588885 0.172878 17.660727
3.603928 0.833523 0.370317 13.433331
1.137826 0.672419 0.820008 30.447523
2.274780 0.168591 0.613952 30.157349
0.673260 0.166022 0.832230 61.984276
2.247156 0.383278 0.830922 11.186094
0.850815 0.509281 0.381491 10.330386
1.834556 0.644480 0.435694 21.853331
3.416554 0.364352 0.583979 8.093689
0.163993 0.410733 0.354105 15.590289
1.104538 0.173760 0.379633 54.438171
3.032973 0.584233 0.170511 9.771927
2.688482 0.366252 0.830990 10.465975
3.362473 0.580885 0.169676 8.813216
1.302391 0.487996 0.657646 8.638584
3.831769 0.405951 0.642342 8.145521
2.912265 0.166242 0.368729 19.070976
1.866997 0.829437 0.397320 40.131798
3.621163 0.803544 0.193740 12.811078
3.704645 0.181551 0.185082 7.684844
2.090507 0.821607 0.322997 35.509922
3.166670 0.827658 0.380878 17.684669
0.428384 0.196611 0.378405 56.941975
1.302482 0.659518 0.487971 27.359455
0.565863 0.602061 0.379879 23.431112
2.938946 0.646102 0.580250 12.892078
3.315832 0.827708 0.827671 16.078239
0.811025 0.188278 0.189812 55.409264
1.916312 0.369753 0.169609 16.007616
1.869935 0.411291 0.353246 11.943391
0.165700 0.399781 0.640031 17.384731
1.143395 0.822975 0.670796 50.338158
2.394710 0.381900 0.381995 11.154407
3.835266 0.406181 0.360185 7.230350
3.661970 0.512167 0.354342 7.842937
3.350028 0.173369 0.341128 12.086481
3.618540 0.361308 0.164601 6.729835
2.257873 0.836926 0.383804 33.731495
2.793635 0.386156 0.161978 9.251021
1.614450 0.169424 0.617704 44.459751
3.403853 0.610784 0.815736 10.374402
2.379856 0.613830 0.611364 15.317153
2.273554 0.378426 0.165069 12.605945
2.855206 0.833673 0.317284 22.637810
2.253799 0.834580 0.619471 33.721001
2.272542 0.165020 0.381516 31.377331
2.737643 0.829248 0.602560 24.416172
1.585839 0.512069 0.356176 10.663076
1.095668 0.627907 0.449142 24.419357
3.117690 0.396882 0.407416 7.993004
0.872045 0.502953 0.633066 8.892577
2.859087 0.317185 0.836607 11.734223
1.147648 0.492238 0.332581 9.808756
0.407752 0.828423 0.433726 57.790989
0.381026 0.835970 0.164047 58.597111
2.498335 0.834309 0.833669 29.347942
1.084262 0.838239 0.838280 53.317211
1.399057 0.367049 0.164562 20.228796
3.645026 0.593625 0.167949 8.744723
3.629889 0.831051 0.831108 13.441728
0.160462 0.366421 0.183080 23.043993
3.342980 0.637004 0.497080 10.378442
0.687198 0.470190 0.338109 9.020597
0.664046 0.793517 0.360326 51.171749
3.300620 0.169112 0.679939 13.144112
1.611514 0.651265 0.490352 24.232805
1.999028 0.846038 0.154029 39.454288
1.584957 0.359746 0.515735 18.457186
1.067595 0.377111 0.590931 18.882330
0.891675 0.625001 0.169625 25.526323
1.355258 0.398260 0.339369 15.750853
1.592160 0.827018 0.375521 44.344997
0.899719 0.837224 0.837234 55.450089
0.714347 0.332061 0.167549 28.161802
0.172643 0.581337 0.384818 21.311735
2.522336 0.161484 0.839872 25.220673
2.735779 0.164997 0.362256 22.274038
3.845316 0.844279 0.644806 12.366072
3.331779 0.504983 0.641602 8.369935
2.430457 0.409572 0.829490 9.458076
2.259638 0.355059 0.500771 13.601471
3.519603 0.610959 0.366391 9.270990
2.563252 0.828055 0.160893 27.514364
1.326665 0.364724 0.523335 19.634033
2.937464 0.638448 0.407148 12.389873
1.599742 0.498026 0.641406 9.385922
2.071421 0.566895 0.560078 13.505156
0.170312 0.810973 0.369735 55.664425
2.213578 0.641303 0.828615 19.120564
2.353633 0.644896 0.170079 17.485516
1.563855 0.375044 0.841894 15.732240
1.448505 0.157523 0.157794 51.490345
3.357684 0.829016 0.159321 15.670789
3.157584 0.162559 0.373149 15.261814
0.876622 0.178146 0.347107 56.781963
2.863394 0.166205 0.689579 19.423155
2.932812 0.362028 0.399718 9.449241
2.827963 0.518117 0.621926 8.897663
1.883839 0.344558 0.556341 17.494183
0.901647 0.160027 0.618079 60.030701
2.516422 0.160254 0.158526 27.410059
1.427731 0.165887 0.430651 49.706902
3.841780 0.356396 0.841927 8.995323
2.824051 0.843080 0.830717 23.862846
2.748843 0.375961 0.490269 9.743842
2.473798 0.838198 0.601044 29.804588
2.630095 0.615145 0.671061 13.751999
2.237757 0.497031 0.360271 9.022252
1.128092 0.550779 0.153426 15.170352
0.154235 0.209091 0.352526 56.666550
3.413219 0.832065 0.622109 14.989563
2.463259 0.600018 0.836850 14.397984
2.916069 0.832768 0.156331 21.730877
2.110007 0.162654 0.652722 34.120525
1.934140 0.598539 0.161233 16.947186
1.700600 0.655607 0.834883 24.519197
3.841258 0.641365 0.841381 10.470609
2.038854 0.342604 0.836313 15.561581
3.846274 0.845168 0.351496 12.327748
3.478734 0.388377 0.368104 7.274802
1.227726 0.683370 0.148301 31.280661
1.821460 0.633824 0.603028 20.985502
3.000500 0.833005 0.402315 20.249754
0.158023 0.353930 0.837465 26.211266
0.272049 0.845930 0.683007 61.163975
2.500265 0.396717 0.160765 10.198960
3.837176 0.155812 0.633849 8.361174
0.251887 0.162852 0.643851 67.618378
1.126047 0.161764 0.161759 56.696243
2.501054 0.160596 0.396583 27.026918
2.157753 0.844024 0.843859 36.592102
3.387439 0.156449 0.823089 12.750319
3.844454 0.652064 0.250877 9.555917
3.248511 0.668194 0.832251 12.214704
2.989711 0.831426 0.839294 20.586573
3.169828 0.838838 0.631320 18.050415
2.042475 0.836322 0.633856 37.804386
0.919095 0.373134 0.162657 21.075809
1.714203 0.372712 0.162237 17.339779
0.680192 0.150737 0.387016 64.838348
1.722344 0.845483 0.650805 44.371990
2.457543 0.836464 0.395552 29.925758
1.329622 0.148985 0.636540 54.073471
1.832071 0.160399 0.654313 40.657688
1.066381 0.853881 0.146112 55.142876
1.348183 0.559531 0.366657 14.995236
1.747580 0.166276 0.343652 42.978237
2.737472 0.686542 0.520316 16.478907
2.933075 0.148039 0.841450 19.132053
3.140298 0.364741 0.154228 8.303025
0.275036 0.641338 0.848579 30.704376
1.123646 0.356758 0.855424 21.145338
1.911070 0.157240 0.845218 38.421940
2.106213 0.376170 0.159028 13.996036
2.027720 0.635305 0.840640 20.118505
3.852576 0.143245 0.143245 6.798399
0.460855 0.555130 0.148586 17.291506
0.863329 0.853826 0.361843 57.571369
0.860915 0.355288 0.848962 22.712545
2.086350 0.149667 0.356367 37.293301
1.973228 0.144091 0.255892 41.036636
3.168544 0.614266 0.574083 10.553482
2.454995 0.156989 0.614735 27.599083
3.142915 0.335298 0.554175 9.408712
0.689973 0.660464 0.508681 31.564857
3.218112 0.652042 0.155645 11.167979
2.725859 0.841145 0.436649 25.250402
2.526402 0.636999 0.550900 15.605519
3.412161 0.146562 0.568364 12.245823
0.700464 0.352540 0.458291 24.201721
0.158763 0.645925 0.156428 31.266476
0.693791 0.509214 0.663299 9.484139
0.436235 0.387837 0.371576 18.317596
1.143876 0.292958 0.479814 32.390881
0.739739 0.667565 0.157472 32.548553
2.844057 0.690982 0.152281 15.550606
2.972175 0.144888 0.576629 18.952541
1.887882 0.847264 0.669579 41.666161
1.904294 0.571511 0.314070 14.539725
1.767584 0.646345 0.156319 22.728634
1.719172 0.346677 0.841861 17.866531
1.373376 0.343060 0.689624 21.869938
0.311122 0.859858 0.308813 62.244160
1.217763 0.146607 0.855508 56.320137
1.561107 0.356955 0.360449 19.561459
0.532954 0.846857 0.134775 59.380550
2.979762 0.459317 0.703145 8.265546
0.140403 0.744631 0.668094 46.599613
2.230566 0.682046 0.544198 21.699541
1.466612 0.861735 0.861690 50.687485
0.853015 0.656036 0.428556 29.887842
3.699772 0.841306 0.694471 13.029893
3.301371 0.351214 0.479648 8.306567
0.893350 0.312631 0.638100 30.501097
2.487038 0.567915 0.146247 11.539650
2.723361 0.562809 0.139365 10.189113
1.537499 0.336504 0.692510 21.297197
2.409456 0.838409 0.137782 31.098204
0.465645 0.857774 0.292541 61.390926
1.032831 0.855505 0.298228 55.755192
1.755210 0.355998 0.470082 17.654245
1.447168 0.847086 0.322723 48.868832
2.078651 0.353859 0.309971 15.634344
2.200976 0.501838 0.675989 9.396098
1.763655 0.523371 0.360954 11.136545
3.221829 0.363354 0.859362 9.362741
0.337207 0.145389 0.494863 70.158379
1.537861 0.687436 0.339113 29.005735
1.255869 0.136889 0.348424 58.572823
3.135370 0.568731 0.863240 10.273373
0.536388 0.294809 0.151800 35.411438
0.133198 0.257058 0.623610 46.892563
2.645318 0.345967 0.160307 12.016987
3.698925 0.695324 0.835383 11.118849
2.151833 0.849019 0.141214 36.852898
0.532961 0.865397 0.865398 63.030273
2.546639 0.312133 0.848787 13.949623
1.991724 0.691273 0.673659 25.243801
0.294406 0.161682 0.312803 66.015770
1.997232 0.862895 0.469579 40.957836
1.807295 0.549303 0.857910 13.337878
1.347261 0.596404 0.139632 19.746893
1.460920 0.862428 0.138662 50.508724
3.549469 0.368375 0.656712 8.114668
3.694305 0.140804 0.682322 9.625625
3.855329 0.367499 0.503778 7.509887
3.047828 0.693192 0.865221 14.450679
2.715953 0.486684 0.719652 8.611144
0.308539 0.285007 0.142149 38.044014
0.977231 0.146333 0.855425 61.295822
2.935638 0.432777 0.138554 7.661678
2.994409 0.865578 0.549891 21.770164
2.982047 0.518275 0.859109 9.430048
0.532964 0.130925 0.864982 72.048157
1.453032 0.313013 0.457338 26.203156
0.976198 0.590083 0.366934 19.882542
1.252080 0.354735 0.131471 22.914351
2.477684 0.505224 0.650274 9.118544
3.017829 0.260677 0.315817 12.865877
1.383799 0.703367 0.338627 32.303921
0.300338 0.300946 0.853925 35.990822
1.468851 0.133031 0.693142 53.365852
1.450784 0.139298 0.861842 52.134270
3.499507 0.264424 0.857870 9.948040
1.887592 0.688546 0.859414 26.410770
1.740059 0.136419 0.134084 48.227039
1.885012 0.142023 0.400100 42.887466
3.499569 0.858480 0.264219 14.961488
0.442132 0.678415 0.417569 35.656090
0.143457 0.365267 0.501771 23.793234
0.132022 0.620050 0.870055 27.524567
2.401161 0.265279 0.856470 18.636316
3.099827 0.710852 0.665858 14.243301
2.722337 0.130164 0.577010 24.463877
2.566978 0.704651 0.863913 20.027039
1.450254 0.704647 0.133935 32.039288
2.605949 0.851898 0.669414 28.213942
2.952598 0.516010 0.323742 8.177178
2.641397 0.278206 0.341857 15.993546
2.695112 0.513837 0.357912 8.595508
0.490256 0.137761 0.500929 70.168335
0.939711 0.135288 0.135984 64.712929
0.753574 0.134155 0.712379 67.794632
2.423667 0.140261 0.272092 30.851347
1.733323 0.794983 0.342899 38.731548
3.046956 0.241812 0.866052 13.457318
1.432307 0.307766 0.858533 25.928148
0.544484 0.136678 0.132577 68.794807
0.122851 0.875005 0.624449 65.041023
2.093983 0.527043 0.376524 10.629004
0.635374 0.868159 0.483124 61.881226
0.346936 0.497132 0.866379 8.730596
1.901002 0.859306 0.859281 42.838554
3.557960 0.140160 0.164286 10.012780
1.050885 0.865737 0.442934 56.893284
3.712186 0.277251 0.860812 9.238279
0.574979 0.411672 0.411620 14.380722
1.966829 0.503495 0.860027 9.977799
3.858331 0.711651 0.700920 10.782658
2.475122 0.693904 0.425705 19.733534
2.405713 0.145583 0.752388 29.150572
0.648473 0.482224 0.866916 7.056175
3.386824 0.475247 0.867491 8.991701
3.503706 0.583223 0.131922 8.661363
3.064749 0.725185 0.142142 14.958755
0.992515 0.291850 0.857282 33.177406
2.074744 0.575497 0.129958 14.287725
1.025631 0.261846 0.667838 38.637714
1.458102 0.497807 0.139707 11.125623
2.506271 0.431901 0.302280 8.634260
1.242525 0.828088 0.131841 49.590237
3.871606 0.129542 0.480568 7.677445
2.506190 0.302014 0.430966 15.617571
0.959588 0.872040 0.709563 59.172375
0.996740 0.730510 0.877480 39.753017
2.424960 0.272977 0.139783 19.469246
1.460113 0.417571 0.601864 12.185265
1.417157 0.872254 0.490129 52.308292
1.331979 0.258459 0.370727 36.290550
0.144472 0.690386 0.293620 38.003483
2.605874 0.316566 0.716362 13.383815
1.416583 0.490683 0.872324 8.775700
0.302882 0.449087 0.370549 10.066160
2.365459 0.750414 0.657920 25.434780
3.004606 0.126429 0.716953 19.195230
2.480510 0.712164 0.133980 20.945019
1.160388 0.472429 0.644608 8.343544
1.080694 0.414299 0.433904 14.055503
1.065051 0.703310 0.567385 35.042786
3.758997 0.678153 0.136151 10.014546
3.404380 0.874661 0.484061 16.230370
3.875915 0.872685 0.499751 12.584356
3.061046 0.858420 0.272196 20.498781
2.804623 0.137848 0.137709 23.228106
3.724952 0.124198 0.437630 8.736664
0.688427 0.134430 0.136777 67.934586
0.916087 0.128362 0.479719 66.421486
0.130429 0.122584 0.488360 78.999084
2.583515 0.130767 0.282424 28.098118
0.534019 0.281315 0.328592 38.240288
1.001766 0.129165 0.715581 64.502373
1.544143 0.144370 0.313601 51.037796
0.465845 0.732665 0.879790 44.228184
3.464901 0.869551 0.869561 15.632882
3.115744 0.337871 0.695624 9.697227
1.369314 0.866154 0.733883 52.567986
1.521037 0.286316 0.127832 30.426203
2.066841 0.285545 0.592081 21.644262
1.824445 0.340019 0.698096 18.099390
0.123128 0.124347 0.637601 79.538872
1.369158 0.734687 0.865976 36.747742
3.718872 0.861998 0.294720 13.295182
1.218526 0.200220 0.718807 46.970470
2.037831 0.627726 0.276388 18.721153
1.383981 0.137905 0.284231 55.822159
3.863658 0.279647 0.693035 8.207000
0.465848 0.881236 0.732696 65.375847
1.116966 0.745727 0.366514 40.314754
0.136222 0.601720 0.726774 24.481108
3.398166 0.685741 0.355052 11.229322
3.215492 0.516840 0.354923 7.943371
0.923446 0.612275 0.706331 23.038206
2.384149 0.861525 0.276055 33.186237
1.650771 0.139272 0.861930 47.150677
2.902666 0.598391 0.713446 11.489789
2.359505 0.259022 0.318478 21.085028
2.406617 0.728639 0.862465 23.657463
0.267868 0.349468 0.560927 25.958677
3.072591 0.867819 0.129570 20.882763
1.922530 0.877421 0.268792 43.777218
0.137294 0.689481 0.470183 38.003876
1.522216 0.875603 0.728799 51.141754
1.836045 0.860192 0.537988 43.767750
3.180527 0.584105 0.712801 10.045717
1.733334 0.875895 0.875903 47.623611
0.531951 0.120479 0.684815 74.170303
1.648734 0.862877 0.139771 47.432915
1.979798 0.124773 0.700394 41.510532
1.488768 0.601319 0.440304 19.191319
2.862878 0.676616 0.292387 14.637255
3.496554 0.821825 0.126049 14.208059
2.328844 0.280229 0.680899 18.681957
3.880860 0.494815 0.126550 7.675154
3.080502 0.714850 0.381341 14.336552
0.127376 0.498537 0.133266 11.241310
0.603540 0.699064 0.134363 38.000294
0.620789 0.868934 0.748498 62.545940
3.028854 0.133735 0.133842 19.043943
2.330269 0.730455 0.324372 24.185247
0.249699 0.511031 0.633479 10.929074
3.482804 0.140576 0.300900 11.145218
3.294968 0.869381 0.692774 17.431816
2.412243 0.865720 0.725636 33.038326
0.620534 0.749396 0.869022 45.688606
1.763298 0.578816 0.721061 15.909464
1.829178 0.276365 0.379321 26.661179
1.875781 0.736891 0.138253 30.882799
3.530149 0.479086 0.876145 9.142982
0.124002 0.878023 0.138501 64.239937
0.438331 0.370475 0.679380 21.254927
3.880881 0.528491 0.315442 8.196967
3.009943 0.311461 0.133387 10.838707
2.840501 0.867022 0.692175 24.620939
0.746984 0.880766 0.285690 62.358665
2.760626 0.722554 0.871097 18.716311
0.321676 0.537819 0.124930 15.230874
1.261150 0.880212 0.512181 55.738747
3.327657 0.707778 0.224615 12.216351
0.619383 0.433782 0.139555 12.330575
0.493386 0.493681 0.871938 7.942677
3.875188 0.878752 0.878742 13.005939
1.180909 0.875542 0.393091 56.309727
2.203747 0.509228 0.874718 10.172595
2.881232 0.407432 0.269926 8.274201
0.323962 0.876267 0.537818 64.898170
1.528259 0.650086 0.690774 24.817410
2.278953 0.650153 0.704650 18.951536
0.132422 0.482459 0.880710 9.126815
3.127456 0.879779 0.504536 20.186111
1.969688 0.240926 0.154477 29.577778
3.520120 0.119514 0.484761 11.357282
3.665414 0.869321 0.492959 13.682073
1.681477 0.460549 0.266411 10.164744
0.880291 0.687137 0.294689 34.276855
2.201188 0.127357 0.259491 37.440086
1.866659 0.874860 0.121855 44.709026
1.521949 0.734112 0.877054 35.124283
0.452877 0.725252 0.120225 42.596470
3.734103 0.357281 0.562622 7.652120
3.007874 0.126782 0.273019 19.634018
2.154007 0.876304 0.707948 39.153069
2.327093 0.496773 0.115874 9.148727
0.889981 0.875271 0.495632 60.215351
0.801833 0.123279 0.867598 69.389160
3.208472 0.694739 0.467572 12.640430
3.239430 0.131344 0.258373 15.229722
0.891979 0.487098 0.878746 7.428335
3.103732 0.127631 0.496296 17.608957
1.506029 0.131300 0.539900 53.286339
1.266580 0.509703 0.879870 9.656328
0.128306 0.881627 0.476269 65.538574
3.887158 0.748543 0.561872 10.959610
1.660166 0.725958 0.117815 32.346310
1.468300 0.467081 0.297928 10.127881
1.955733 0.536217 0.629907 11.613206
0.546092 0.325294 0.863198 29.567362
3.557508 0.123838 0.695806 11.265361
1.817157 0.674580 0.282615 25.093882
0.799536 0.879991 0.120280 61.661278
3.875344 0.120985 0.875822 9.713801
3.420528 0.150250 0.177629 11.710264
0.767220 0.257210 0.878072 41.758648
1.346752 0.520802 0.531801 10.865178
2.648594 0.128025 0.881228 25.272327
3.535116 0.881618 0.714790 15.057425
3.126983 0.678159 0.256353 12.581398
3.535175 0.715043 0.881634 12.004151
2.748841 0.480157 0.879622 8.988068
3.019912 0.287474 0.595116 11.739972
2.369218 0.868002 0.867993 34.277134
3.669855 0.487733 0.870825 9.293671
2.328775 0.115778 0.497987 34.656239
0.368587 0.446952 0.541823 9.655064
0.568688 0.498910 0.610838 8.822481
3.877023 0.575532 0.722611 9.554264
3.373514 0.468119 0.470563 7.628930
0.277802 0.124225 0.882016 77.817497
3.867919 0.485737 0.874726 9.590742
2.588617 0.564551 0.880913 11.961210
3.884908 0.633096 0.121008 9.307467
0.111119 0.493339 0.500000 10.277169
2.204370 0.260752 0.125015 23.757416
0.509844 0.130925 0.284931 70.911896
0.994925 0.553878 0.117578 15.922704
2.234834 0.695735 0.123479 22.712833
3.880322 0.865680 0.115922 12.727610
1.687109 0.127593 0.509699 49.443485
0.255778 0.873914 0.873914 65.602905
1.998997 0.463201 0.114741 9.951283
0.839273 0.549108 0.510230 14.473384
2.855584 0.302623 0.700361 12.337595
1.093584 0.613898 0.300598 22.708544
3.196940 0.877790 0.877798 19.243418
3.879094 0.287103 0.400392 6.987093
0.312160 0.143070 0.131127 69.425552
1.235128 0.280527 0.835634 32.610577
3.398488 0.731637 0.881497 13.019561
3.488775 0.361947 0.121207 6.970530
2.982111 0.361409 0.875404 9.903196
2.092295 0.281527 0.726321 21.309841
0.550156 0.756602 0.624054 46.908012
2.834308 0.587219 0.880894 11.876233
1.676024 0.117905 0.728861 50.290874
2.323444 0.885596 0.493676 36.199322
0.669076 0.245685 0.722683 44.964088
0.119497 0.875861 0.860046 65.869270
3.074888 0.615991 0.475040 10.855994
3.724527 0.435040 0.116801 6.890083
1.163969 0.123367 0.491033 62.717281
1.960990 0.376924 0.448707 14.005649
1.111945 0.372467 0.721661 19.073849
3.874470 0.500317 0.444684 8.164492
0.331968 0.739983 0.561169 45.466389
0.534809 0.232707 0.589845 48.619598
3.269039 0.344910 0.116325 8.082211
1.017832 0.439677 0.867418 9.663528
1.675494 0.260588 0.537338 30.442427
3.132545 0.328641 0.289183 9.377239
1.455850 0.736732 0.616216 35.755070
0.934799 0.871027 0.118324 58.988937
0.653917 0.331229 0.289099 28.300779
1.913593 0.292773 0.852112 21.948277
0.122260 0.121198 0.122264 77.188927
2.157052 0.119708 0.129493 39.886005
0.600241 0.882106 0.276356 63.819157
2.835749 0.593663 0.509528 11.227117
2.328171 0.572796 0.888950 13.581987
1.170286 0.604832 0.559028 20.883707
2.827782 0.124511 0.270890 23.364359
3.562533 0.289362 0.333368 7.685220
3.067139 0.873703 0.713358 20.960342
0.550443 0.625335 0.758277 26.987265
3.748062 0.342592 0.433648 7.195865
2.728644 0.879398 0.300457 27.433107
1.019616 0.294707 0.116822 33.835896
2.198705 0.113098 0.740751 37.166382
