0.000000 0.000000 1.000000 0.013130
0.000000 0.000000 0.000000 0.014131
0.000000 1.000000 1.000000 0.013771
0.000000 1.000000 0.000000 0.013951
4.000000 0.000000 1.000000 1.292198
4.000000 0.000000 0.000000 1.292840
4.000000 1.000000 1.000000 1.315588
4.000000 1.000000 0.000000 1.315197
0.000000 0.000000 0.125000 0.013482
0.000000 0.000000 0.250000 0.013016
0.000000 0.000000 0.375000 0.012691
0.000000 0.000000 0.500000 0.012479
0.000000 0.000000 0.625000 0.012377
0.000000 0.000000 0.750000 0.012410
0.000000 0.000000 0.875000 0.012634
0.000000 0.125000 1.000000 0.009554
0.000000 0.250000 1.000000 0.006594
0.000000 0.375000 1.000000 0.004408
0.000000 0.500000 1.000000 0.003657
0.000000 0.625000 1.000000 0.004839
0.000000 0.750000 1.000000 0.007181
0.000000 0.875000 1.000000 0.010183
0.000000 1.000000 0.125000 0.013492
0.000000 1.000000 0.250000 0.013178
0.000000 1.000000 0.375000 0.012967
0.000000 1.000000 0.500000 0.012838
0.000000 1.000000 0.625000 0.012800
0.000000 1.000000 0.750000 0.012892
0.000000 1.000000 0.875000 0.013185
0.000000 0.125000 0.000000 0.010352
0.000000 0.250000 0.000000 0.007194
0.000000 0.375000 0.000000 0.004782
0.000000 0.500000 0.000000 0.003750
0.000000 0.625000 0.000000 0.004795
0.000000 0.750000 0.000000 0.007173
0.000000 0.875000 0.000000 0.010263
4.000000 0.000000 0.125000 1.293812
4.000000 0.000000 0.250000 1.294483
4.000000 0.000000 0.375000 1.294854
4.000000 0.000000 0.500000 1.294924
4.000000 0.000000 0.625000 1.294694
4.000000 0.000000 0.750000 1.294164
4.000000 0.000000 0.875000 1.293332
4.000000 0.125000 1.000000 1.286535
4.000000 0.250000 1.000000 1.283361
4.000000 0.375000 1.000000 1.282676
4.000000 0.500000 1.000000 1.284465
4.000000 0.625000 1.000000 1.288699
4.000000 0.750000 1.000000 1.295335
4.000000 0.875000 1.000000 1.304320
4.000000 1.000000 0.125000 1.316127
4.000000 1.000000 0.250000 1.316802
4.000000 1.000000 0.375000 1.317223
4.000000 1.000000 0.500000 1.317394
4.000000 1.000000 0.625000 1.317314
4.000000 1.000000 0.750000 1.316985
4.000000 1.000000 0.875000 1.316409
4.000000 0.125000 0.000000 1.287024
4.000000 0.250000 0.000000 1.283710
4.000000 0.375000 0.000000 1.282895
4.000000 0.500000 0.000000 1.284559
4.000000 0.625000 0.000000 1.288672
4.000000 0.750000 0.000000 1.295190
4.000000 0.875000 0.000000 1.304054
0.133333 0.000000 0.000000 0.027262
0.266667 0.000000 0.000000 0.042264
0.400000 0.000000 0.000000 0.059232
0.533333 0.000000 0.000000 0.078454
0.666667 0.000000 0.000000 0.100137
0.800000 0.000000 0.000000 0.124400
0.933333 0.000000 0.000000 0.151288
1.066667 0.000000 0.000000 0.180789
1.200000 0.000000 0.000000 0.212854
1.333333 0.000000 0.000000 0.247409
1.466667 0.000000 0.000000 0.284363
1.600000 0.000000 0.000000 0.323615
1.733333 0.000000 0.000000 0.365056
1.866667 0.000000 0.000000 0.408574
2.000000 0.000000 0.000000 0.454053
2.133333 0.000000 0.000000 0.501376
2.266667 0.000000 0.000000 0.550424
2.400000 0.000000 0.000000 0.601078
2.533333 0.000000 0.000000 0.653219
2.666667 0.000000 0.000000 0.706726
2.800000 0.000000 0.000000 0.761484
2.933333 0.000000 0.000000 0.817378
3.066667 0.000000 0.000000 0.874293
3.200000 0.000000 0.000000 0.932123
3.333333 0.000000 0.000000 0.990763
3.466667 0.000000 0.000000 1.050114
3.600000 0.000000 0.000000 1.110082
3.733333 0.000000 0.000000 1.170579
3.866667 0.000000 0.000000 1.231523
0.133333 0.000000 1.000000 0.026546
0.266667 0.000000 1.000000 0.041960
0.400000 0.000000 1.000000 0.059190
0.533333 0.000000 1.000000 0.078496
0.666667 0.000000 1.000000 0.100104
0.800000 0.000000 1.000000 0.124158
0.933333 0.000000 1.000000 0.150731
1.066667 0.000000 1.000000 0.179845
1.200000 0.000000 1.000000 0.211477
1.333333 0.000000 1.000000 0.245582
1.466667 0.000000 1.000000 0.282093
1.600000 0.000000 1.000000 0.320930
1.733333 0.000000 1.000000 0.362002
1.866667 0.000000 1.000000 0.405209
2.000000 0.000000 1.000000 0.450445
2.133333 0.000000 1.000000 0.497599
2.266667 0.000000 1.000000 0.546554
2.400000 0.000000 1.000000 0.597190
2.533333 0.000000 1.000000 0.649382
2.666667 0.000000 1.000000 0.703009
2.800000 0.000000 1.000000 0.757944
2.933333 0.000000 1.000000 0.814065
3.066667 0.000000 1.000000 0.871252
3.200000 0.000000 1.000000 0.929387
3.333333 0.000000 1.000000 0.988357
3.466667 0.000000 1.000000 1.048056
3.600000 0.000000 1.000000 1.108381
3.733333 0.000000 1.000000 1.169237
3.866667 0.000000 1.000000 1.230537
0.133333 1.000000 0.000000 0.028583
0.266667 1.000000 0.000000 0.045287
0.400000 1.000000 0.000000 0.063945
0.533333 1.000000 0.000000 0.084741
0.666667 1.000000 0.000000 0.107858
0.800000 1.000000 0.000000 0.133438
0.933333 1.000000 0.000000 0.161566
1.066667 1.000000 0.000000 0.192276
1.200000 1.000000 0.000000 0.225556
1.333333 1.000000 0.000000 0.261350
1.466667 1.000000 0.000000 0.299573
1.600000 1.000000 0.000000 0.340114
1.733333 1.000000 0.000000 0.382842
1.866667 1.000000 0.000000 0.427619
2.000000 1.000000 0.000000 0.474299
2.133333 1.000000 0.000000 0.522735
2.266667 1.000000 0.000000 0.572784
2.400000 1.000000 0.000000 0.624304
2.533333 1.000000 0.000000 0.677162
2.666667 1.000000 0.000000 0.731229
2.800000 1.000000 0.000000 0.786385
2.933333 1.000000 0.000000 0.842516
3.066667 1.000000 0.000000 0.899514
3.200000 1.000000 0.000000 0.957281
3.333333 1.000000 0.000000 1.015722
3.466667 1.000000 0.000000 1.074751
3.600000 1.000000 0.000000 1.134286
3.733333 1.000000 0.000000 1.194251
3.866667 1.000000 0.000000 1.254576
0.133333 1.000000 1.000000 0.028140
0.266667 1.000000 1.000000 0.044913
0.400000 1.000000 1.000000 0.063618
0.533333 1.000000 1.000000 0.084405
0.666667 1.000000 1.000000 0.107469
0.800000 1.000000 1.000000 0.132967
0.933333 1.000000 1.000000 0.161003
1.066667 1.000000 1.000000 0.191622
1.200000 1.000000 1.000000 0.224820
1.333333 1.000000 1.000000 0.260548
1.466667 1.000000 1.000000 0.298723
1.600000 1.000000 1.000000 0.339236
1.733333 1.000000 1.000000 0.381958
1.866667 1.000000 1.000000 0.426750
2.000000 1.000000 1.000000 0.473463
2.133333 1.000000 1.000000 0.521951
2.266667 1.000000 1.000000 0.572066
2.400000 1.000000 1.000000 0.623666
2.533333 1.000000 1.000000 0.676613
2.666667 1.000000 1.000000 0.730777
2.800000 1.000000 1.000000 0.786033
2.933333 1.000000 1.000000 0.842268
3.066667 1.000000 1.000000 0.899369
3.200000 1.000000 1.000000 0.957236
3.333333 1.000000 1.000000 1.015772
3.466667 1.000000 1.000000 1.074889
3.600000 1.000000 1.000000 1.134504
3.733333 1.000000 1.000000 1.194538
3.866667 1.000000 1.000000 1.254921
0.000000 0.558921 0.884220 0.002932
0.000000 0.564095 0.110725 0.003078
0.000000 0.108253 0.562500 0.009114
0.000000 0.891747 0.562500 0.009622
0.000000 0.118928 0.309042 0.009185
0.000000 0.892985 0.309892 0.009871
0.000000 0.309447 0.889324 0.004647
0.000000 0.326592 0.118154 0.004696
0.000000 0.800574 0.875940 0.007667
0.000000 0.796658 0.109485 0.007766
0.000000 0.108253 0.812500 0.009260
0.000000 0.891953 0.437065 0.009695
0.000000 0.783528 0.499928 0.006819
0.000000 0.784498 0.623258 0.006835
0.000000 0.676412 0.560468 0.004299
0.000000 0.676588 0.435313 0.004329
0.000000 0.566987 0.500000 0.001962
0.000000 0.561959 0.643375 0.001958
0.000000 0.458734 0.562500 0.000946
0.000000 0.458734 0.437500 0.000993
0.000000 0.350481 0.500000 0.003042
0.000000 0.348496 0.621562 0.003088
0.000000 0.351344 0.376495 0.003165
0.000000 0.458878 0.312749 0.001374
0.000000 0.246021 0.437954 0.005553
0.000000 0.344980 0.253919 0.003635
0.000000 0.452380 0.188105 0.002164
0.000000 0.226926 0.207145 0.006575
0.000000 0.566791 0.248428 0.002355
0.000000 0.676769 0.177740 0.004750
0.000000 0.682117 0.301484 0.004582
0.000000 0.786875 0.237557 0.007177
0.000000 0.242228 0.562500 0.005553
0.000000 0.249624 0.686052 0.005406
0.000000 0.358118 0.757010 0.003118
0.000000 0.892504 0.686188 0.009671
0.000000 0.793057 0.743115 0.007145
0.000000 0.105086 0.437350 0.009335
0.000000 0.437500 0.891747 0.002693
0.000000 0.496767 0.769275 0.001580
0.000000 0.617280 0.772431 0.003310
0.000000 0.681635 0.882089 0.005023
0.000000 0.108253 0.687500 0.009104
0.000000 0.785051 0.371576 0.006942
0.000000 0.568349 0.372579 0.002074
0.000000 0.105706 0.187500 0.009943
0.000000 0.899105 0.806456 0.010026
0.000000 0.189047 0.901538 0.007411
0.000000 0.897173 0.191133 0.010215
0.000000 0.187499 0.099272 0.008073
0.000000 0.244770 0.325129 0.005777
0.000000 0.687192 0.685423 0.004606
0.000000 0.250073 0.798911 0.005589
0.000000 0.437500 0.084536 0.003161
0.000000 0.444815 0.670744 0.001340
0.000000 0.687500 0.077338 0.005400
0.000000 0.091506 0.908494 0.010011
0.000000 0.908494 0.091506 0.010824
0.000000 0.908494 0.908494 0.010609
0.000000 0.090759 0.090759 0.010805
0.000000 0.175240 0.625000 0.007255
0.000000 0.175240 0.500000 0.007310
0.000000 0.175110 0.382001 0.007469
0.000000 0.175452 0.739793 0.007324
0.000000 0.707292 0.790330 0.005236
4.000000 0.558921 0.884220 1.287053
4.000000 0.564095 0.110725 1.287223
4.000000 0.108253 0.562500 1.289699
4.000000 0.891747 0.562500 1.307587
4.000000 0.118928 0.309042 1.289112
4.000000 0.892985 0.309892 1.307361
4.000000 0.309447 0.889324 1.283656
4.000000 0.326592 0.118154 1.283835
4.000000 0.800574 0.875940 1.299568
4.000000 0.796658 0.109485 1.299066
4.000000 0.108253 0.812500 1.288686
4.000000 0.891953 0.437065 1.307572
4.000000 0.783528 0.499928 1.299518
4.000000 0.784498 0.623258 1.299475
4.000000 0.676412 0.560468 1.293209
4.000000 0.676588 0.435313 1.293206
4.000000 0.566987 0.500000 1.288626
4.000000 0.561959 0.643375 1.288272
4.000000 0.458734 0.562500 1.285849
4.000000 0.458734 0.437500 1.285868
4.000000 0.350481 0.500000 1.285004
4.000000 0.348496 0.621562 1.284841
4.000000 0.351344 0.376495 1.284897
4.000000 0.458878 0.312749 1.285612
4.000000 0.246021 0.437954 1.285897
4.000000 0.344980 0.253919 1.284523
4.000000 0.452380 0.188105 1.284971
4.000000 0.226926 0.207145 1.285581
4.000000 0.566791 0.248428 1.288079
4.000000 0.676769 0.177740 1.292348
4.000000 0.682117 0.301484 1.293180
4.000000 0.786875 0.237557 1.299125
4.000000 0.242228 0.562500 1.285917
4.000000 0.249624 0.686052 1.285465
4.000000 0.358118 0.757010 1.284346
4.000000 0.892504 0.686188 1.307430
4.000000 0.793057 0.743115 1.299708
4.000000 0.105086 0.437350 1.289888
4.000000 0.437500 0.891747 1.284140
4.000000 0.496767 0.769275 1.285975
4.000000 0.617280 0.772431 1.289877
4.000000 0.681635 0.882089 1.292285
4.000000 0.108253 0.687500 1.289340
4.000000 0.785051 0.371576 1.299463
4.000000 0.568349 0.372579 1.288536
4.000000 0.105706 0.187500 1.289105
4.000000 0.899105 0.806456 1.307531
4.000000 0.189047 0.901538 1.285467
4.000000 0.897173 0.191133 1.307191
4.000000 0.187499 0.099272 1.285849
4.000000 0.244770 0.325129 1.285713
4.000000 0.687192 0.685423 1.293509
4.000000 0.250073 0.798911 1.284913
4.000000 0.437500 0.084536 1.284099
4.000000 0.444815 0.670744 1.285388
4.000000 0.687500 0.077338 1.292251
4.000000 0.091506 0.908494 1.288646
4.000000 0.908494 0.091506 1.307529
4.000000 0.908494 0.908494 1.307765
4.000000 0.090759 0.090759 1.289104
4.000000 0.175240 0.625000 1.287314
4.000000 0.175240 0.500000 1.287514
4.000000 0.175110 0.382001 1.287439
4.000000 0.175452 0.739793 1.286866
4.000000 0.707292 0.790330 1.294180
0.733041 0.000000 0.884435 0.112757
2.730225 0.000000 0.107608 0.733422
1.133287 0.000000 0.115483 0.197537
2.066666 0.000000 0.885013 0.475521
3.131827 0.000000 0.110960 0.903218
1.533334 0.000000 0.115472 0.304712
2.466667 0.000000 0.884530 0.624796
3.399089 0.000000 0.882905 1.019068
0.466286 0.000000 0.115164 0.069148
0.114931 0.000000 0.556573 0.025026
3.893360 0.000000 0.439379 1.245778
2.865535 0.000000 0.883559 0.786973
2.330241 0.000000 0.108524 0.575167
1.942441 0.000000 0.117495 0.435104
1.400000 0.000000 0.884707 0.265075
3.530059 0.000000 0.107374 1.079345
0.733084 0.000000 0.110760 0.112777
3.132170 0.000000 0.882853 0.901180
1.133072 0.000000 0.884652 0.196639
1.666666 0.000000 0.884530 0.342853
0.466241 0.000000 0.884838 0.069198
3.664781 0.000000 0.877668 1.139162
0.108009 0.000000 0.321767 0.024409
3.899553 0.000000 0.690327 1.248083
3.791452 0.000000 0.113093 1.197957
0.205999 0.000000 0.888198 0.035036
0.195916 0.000000 0.124055 0.034248
0.333785 0.000000 0.884791 0.050910
0.399720 0.000000 0.770657 0.060213
0.532297 0.000000 0.770092 0.079673
0.465527 0.000000 0.656447 0.069928
0.597929 0.000000 0.655426 0.090523
0.530938 0.000000 0.541799 0.079974
0.663109 0.000000 0.540758 0.101699
0.596290 0.000000 0.431224 0.090379
0.728745 0.000000 0.431461 0.113342
0.795573 0.000000 0.540865 0.125884
0.861445 0.000000 0.431013 0.138825
0.928390 0.000000 0.540766 0.152626
0.459755 0.000000 0.433968 0.069188
0.994379 0.000000 0.430639 0.166875
1.061412 0.000000 0.540338 0.181926
1.127439 0.000000 0.426827 0.197466
1.194562 0.000000 0.539264 0.213750
1.260668 0.000000 0.428878 0.230578
1.327798 0.000000 0.539119 0.248037
1.393930 0.000000 0.428901 0.266109
1.461074 0.000000 0.538704 0.284709
1.527199 0.000000 0.425050 0.303975
1.594371 0.000000 0.537688 0.323677
1.660523 0.000000 0.427257 0.344092
1.727686 0.000000 0.537407 0.364842
1.793843 0.000000 0.427286 0.386349
1.861008 0.000000 0.537087 0.408102
1.927167 0.000000 0.426829 0.430641
1.994333 0.000000 0.536630 0.453349
2.060470 0.000000 0.420885 0.476858
2.127633 0.000000 0.536247 0.500462
2.193792 0.000000 0.419073 0.524885
2.260957 0.000000 0.535476 0.549346
2.327118 0.000000 0.418587 0.574606
2.395170 0.000000 0.534591 0.600215
2.460595 0.000000 0.417952 0.625961
2.528699 0.000000 0.534464 0.652352
2.593984 0.000000 0.417418 0.678740
2.661634 0.000000 0.533755 0.705660
2.727250 0.000000 0.416810 0.732807
2.794441 0.000000 0.531969 0.760194
2.860457 0.000000 0.415928 0.788068
2.927663 0.000000 0.531115 0.816057
2.993780 0.000000 0.415291 0.844477
3.060965 0.000000 0.530450 0.873003
3.127121 0.000000 0.414479 0.901886
3.194213 0.000000 0.529755 0.930861
3.260314 0.000000 0.413954 0.960107
3.327317 0.000000 0.528909 0.989485
3.393425 0.000000 0.413791 1.019066
3.460158 0.000000 0.528181 1.048713
3.525955 0.000000 0.413637 1.078435
3.592116 0.000000 0.527646 1.108166
0.930080 0.000000 0.314710 0.152722
1.329757 0.000000 0.313791 0.248532
1.728822 0.000000 0.310849 0.365433
2.126601 0.000000 0.304029 0.500489
2.526591 0.000000 0.301956 0.651951
2.926563 0.000000 0.300119 0.815917
3.327029 0.000000 0.298751 0.989493
2.729932 0.000000 0.651159 0.732864
3.526802 0.000000 0.641913 1.078250
2.330694 0.000000 0.653033 0.574842
1.928190 0.000000 0.651097 0.429989
3.261046 0.000000 0.646326 0.959674
2.994836 0.000000 0.646218 0.844028
0.996427 0.000000 0.654419 0.166982
1.528234 0.000000 0.652896 0.303508
1.262938 0.000000 0.653709 0.230605
3.655389 0.000000 0.412361 1.136973
0.333952 0.000000 0.657353 0.051589
3.656872 0.000000 0.640372 1.137171
0.663909 0.000000 0.314977 0.101524
3.591245 0.000000 0.305086 1.107775
3.698406 0.000000 0.311293 1.156400
3.594720 0.000000 0.757539 1.108278
3.719820 0.000000 0.755530 1.165239
3.802511 0.000000 0.873260 1.202236
3.658719 0.000000 0.194503 1.137955
3.462428 0.000000 0.760181 1.048550
3.713131 0.000000 0.520322 1.163165
0.268848 0.000000 0.771371 0.042980
0.124892 0.000000 0.787877 0.025883
0.201388 0.000000 0.664817 0.034948
0.255147 0.000000 0.547794 0.041623
0.180487 0.000000 0.436793 0.032649
0.317581 0.000000 0.440307 0.049568
3.531281 0.000000 0.879715 1.078538
3.328218 0.000000 0.767777 0.988547
0.332663 0.000000 0.116279 0.050853
0.419232 0.000000 0.228809 0.062905
0.557359 0.000000 0.219502 0.083477
0.288986 0.000000 0.232661 0.045624
0.599706 0.000000 0.884771 0.089800
0.603872 0.000000 0.107934 0.090373
0.393817 0.000000 0.546278 0.059817
3.459616 0.000000 0.305786 1.048548
3.393802 0.000000 0.184340 1.018776
3.239756 0.000000 0.198413 0.950732
3.190003 0.000000 0.307332 0.929241
0.665385 0.000000 0.769658 0.101477
0.798529 0.000000 0.769308 0.125715
3.059315 0.000000 0.306763 0.872572
2.992628 0.000000 0.184328 0.843681
2.839249 0.000000 0.198928 0.778982
0.866014 0.000000 0.884691 0.138118
0.999511 0.000000 0.884723 0.166106
1.064556 0.000000 0.769401 0.181639
0.866580 0.000000 0.109712 0.138439
0.798263 0.000000 0.227574 0.125717
0.999946 0.000000 0.109561 0.166681
1.066619 0.000000 0.230922 0.182567
1.220544 0.000000 0.219079 0.219741
1.270082 0.000000 0.108352 0.231698
3.128107 0.000000 0.645574 0.901486
3.063117 0.000000 0.763596 0.872451
2.928722 0.000000 0.761978 0.814964
1.400573 0.000000 0.109138 0.266730
1.466676 0.000000 0.230945 0.286075
1.620382 0.000000 0.218261 0.331392
1.984157 0.000000 0.303201 0.450177
2.052548 0.000000 0.194925 0.473777
2.192737 0.000000 0.188015 0.524232
2.393308 0.000000 0.308226 0.599938
2.439292 0.000000 0.201237 0.617491
2.592729 0.000000 0.186182 0.678012
2.333333 0.000000 0.884530 0.573391
2.399560 0.000000 0.768967 0.600113
2.532847 0.000000 0.769283 0.652227
2.265271 0.000000 0.769907 0.549149
2.196567 0.000000 0.652852 0.524798
2.464083 0.000000 0.652560 0.626211
2.199767 0.000000 0.885235 0.523500
2.599919 0.000000 0.884567 0.677654
2.665230 0.000000 0.769146 0.705393
2.732529 0.000000 0.884598 0.731609
1.266385 0.000000 0.884717 0.229602
1.331582 0.000000 0.769215 0.247763
1.533333 0.000000 0.884737 0.302829
1.600000 0.000000 0.769060 0.323849
1.733331 0.000000 0.769061 0.365015
1.799999 0.000000 0.884557 0.385045
1.933333 0.000000 0.884643 0.429305
1.999553 0.000000 0.768976 0.453413
3.000000 0.000000 0.884530 0.844051
1.801519 0.000000 0.110481 0.387965
1.863901 0.000000 0.229491 0.409156
2.659994 0.000000 0.307204 0.705411
2.259962 0.000000 0.309804 0.549407
1.670317 0.000000 0.107199 0.346118
2.862236 0.000000 0.648793 0.787835
2.062767 0.000000 0.652253 0.476604
2.789954 0.000000 0.309847 0.758715
1.866200 0.000000 0.768974 0.408136
3.196554 0.000000 0.765495 0.930476
1.794864 0.000000 0.651238 0.385746
3.394328 0.000000 0.645548 1.018799
1.662103 0.000000 0.652032 0.343722
3.896419 0.000000 0.317413 1.247005
3.898439 0.000000 0.565053 1.247996
1.465943 0.000000 0.769640 0.284679
1.396261 0.000000 0.653881 0.266082
1.197828 0.000000 0.769079 0.213414
0.730478 0.000000 0.654942 0.113482
1.129281 0.000000 0.653915 0.197461
0.863453 0.000000 0.655042 0.138976
0.931415 0.000000 0.769597 0.152393
3.264894 0.000000 0.883172 0.959405
2.797656 0.000000 0.768939 0.759856
2.597071 0.000000 0.651728 0.678894
2.131765 0.000000 0.769039 0.500170
0.095206 0.000000 0.192924 0.023088
3.901255 0.000000 0.190283 1.248732
3.785311 0.000000 0.634058 1.195832
3.783604 0.000000 0.392491 1.195407
3.902367 0.000000 0.812500 1.248671
0.228068 0.000000 0.336934 0.038280
0.388007 0.000000 0.342687 0.058868
0.090768 0.000000 0.675018 0.022194
0.521627 0.000000 0.333996 0.078301
0.671297 0.000000 0.196150 0.102290
0.796488 0.000000 0.343947 0.125851
0.932297 0.000000 0.198496 0.152639
1.062426 0.000000 0.348355 0.182065
1.177909 0.000000 0.327975 0.209548
1.337526 0.000000 0.196261 0.250109
3.799751 0.000000 0.249988 1.202456
1.462203 0.000000 0.347307 0.285166
1.577634 0.000000 0.326611 0.318830
1.736988 0.000000 0.195256 0.367643
1.859578 0.000000 0.339531 0.407965
2.081078 0.000000 0.092997 0.483346
2.200811 0.000000 0.077907 0.526599
3.666667 0.000000 0.081537 1.140905
2.323108 0.000000 0.223161 0.572973
0.098887 0.000000 0.903132 0.022880
0.077407 0.000000 0.437500 0.020939
2.482599 0.000000 0.096207 0.633903
2.601111 0.000000 0.078000 0.680825
3.526688 0.000000 0.219418 1.078398
2.722430 0.000000 0.221954 0.730712
2.882573 0.000000 0.095187 0.796641
3.398106 0.000000 0.074258 1.020075
3.001405 0.000000 0.078095 0.846881
3.122706 0.000000 0.221559 0.899758
3.274900 0.000000 0.087272 0.965610
0.089414 0.000000 0.089117 0.022577
3.907993 0.000000 0.089530 1.251209
3.914309 0.000000 0.912152 1.253390
3.816852 0.000000 0.500000 1.210621
3.822332 0.000000 0.756349 1.212202
1.962550 0.000000 0.210652 0.442475
0.179351 0.000000 0.244373 0.032463
0.733041 1.000000 0.884435 0.120692
2.730225 1.000000 0.107608 0.758262
1.133287 1.000000 0.115483 0.209509
2.066666 1.000000 0.885013 0.498607
3.131827 1.000000 0.110960 0.928531
1.533334 1.000000 0.115472 0.320532
2.466667 1.000000 0.884530 0.651025
3.399089 1.000000 0.882905 1.045727
0.466286 1.000000 0.115164 0.074587
0.114931 1.000000 0.556573 0.026367
3.893360 1.000000 0.439379 1.268844
2.865535 1.000000 0.883559 0.814527
2.330241 1.000000 0.108524 0.598071
1.942441 1.000000 0.117495 0.454905
1.400000 1.000000 0.884707 0.280459
3.530059 1.000000 0.107374 1.103834
0.733084 1.000000 0.110760 0.121036
3.132170 1.000000 0.882853 0.928627
1.133072 1.000000 0.884652 0.208891
1.666666 1.000000 0.884530 0.361475
0.466241 1.000000 0.884838 0.074279
3.664781 1.000000 0.877668 1.164478
0.108009 1.000000 0.321767 0.025659
3.899553 1.000000 0.690327 1.271475
3.791452 1.000000 0.113093 1.221369
0.205999 1.000000 0.888198 0.037291
0.195916 1.000000 0.124055 0.036430
0.333785 1.000000 0.884791 0.054535
0.399720 1.000000 0.770657 0.064543
0.532297 1.000000 0.770092 0.085436
0.465527 1.000000 0.656447 0.074992
0.597929 1.000000 0.655426 0.096984
0.530938 1.000000 0.541799 0.085785
0.663109 1.000000 0.540758 0.108870
0.596290 1.000000 0.431224 0.096945
0.728745 1.000000 0.431461 0.121234
0.795573 1.000000 0.540865 0.134367
0.861445 1.000000 0.431013 0.147999
0.928390 1.000000 0.540766 0.162407
0.459755 1.000000 0.433968 0.074311
0.994379 1.000000 0.430639 0.177325
1.061412 1.000000 0.540338 0.193024
1.127439 1.000000 0.426827 0.209215
1.194562 1.000000 0.539264 0.226205
1.260668 1.000000 0.428878 0.243667
1.327798 1.000000 0.539119 0.261900
1.393930 1.000000 0.428901 0.280585
1.461074 1.000000 0.538704 0.300022
1.527199 1.000000 0.425050 0.319867
1.594371 1.000000 0.537688 0.340461
1.660523 1.000000 0.427257 0.361417
1.727686 1.000000 0.537407 0.383092
1.793843 1.000000 0.427286 0.405085
1.861008 1.000000 0.537087 0.427776
1.927167 1.000000 0.426829 0.450733
1.994333 1.000000 0.536630 0.474371
2.060470 1.000000 0.420885 0.498203
2.127633 1.000000 0.536247 0.522720
2.193792 1.000000 0.419073 0.547374
2.260957 1.000000 0.535476 0.572699
2.327118 1.000000 0.418587 0.598096
2.395170 1.000000 0.534591 0.624506
2.460595 1.000000 0.417952 0.650289
2.528699 1.000000 0.534464 0.677401
2.593984 1.000000 0.417418 0.703731
2.661634 1.000000 0.533755 0.731275
2.727250 1.000000 0.416810 0.758278
2.794441 1.000000 0.531969 0.786185
2.860457 1.000000 0.415928 0.813837
2.927663 1.000000 0.531115 0.842244
2.993780 1.000000 0.415291 0.870371
3.060965 1.000000 0.530450 0.899209
3.127121 1.000000 0.414479 0.927735
3.194213 1.000000 0.529755 0.956923
3.260314 1.000000 0.413954 0.985760
3.327317 1.000000 0.528909 1.015250
3.393425 1.000000 0.413791 1.044381
3.460158 1.000000 0.528181 1.074047
3.525955 1.000000 0.413637 1.103291
3.592116 1.000000 0.527646 1.132952
0.930080 1.000000 0.314710 0.162629
1.329757 1.000000 0.313791 0.262304
1.728822 1.000000 0.310849 0.383327
2.126601 1.000000 0.304029 0.522168
2.526591 1.000000 0.301956 0.676338
2.926563 1.000000 0.300119 0.841496
3.327029 1.000000 0.298751 1.014781
2.729932 1.000000 0.651159 0.759123
3.526802 1.000000 0.641913 1.103590
2.330694 1.000000 0.653033 0.599129
1.928190 1.000000 0.651097 0.450697
3.261046 1.000000 0.646326 0.985945
2.994836 1.000000 0.646218 0.870631
0.996427 1.000000 0.654419 0.177464
1.528234 1.000000 0.652896 0.319778
1.262938 1.000000 0.653709 0.243897
3.655389 1.000000 0.412361 1.161269
0.333952 1.000000 0.657353 0.055218
3.656872 1.000000 0.640372 1.161883
0.663909 1.000000 0.314977 0.108878
3.591245 1.000000 0.305086 1.132212
3.698406 1.000000 0.311293 1.180370
3.594720 1.000000 0.757539 1.133612
3.719820 1.000000 0.755530 1.189885
3.802511 1.000000 0.873260 1.226686
3.658719 1.000000 0.194503 1.162005
3.462428 1.000000 0.760181 1.074511
3.713131 1.000000 0.520322 1.187346
0.268848 1.000000 0.771371 0.045882
0.124892 1.000000 0.787877 0.027321
0.201388 1.000000 0.664817 0.037145
0.255147 1.000000 0.547794 0.044425
0.180487 1.000000 0.436793 0.034670
0.317581 1.000000 0.440307 0.053108
3.531281 1.000000 0.879715 1.104586
3.328218 1.000000 0.767777 1.015036
0.332663 1.000000 0.116279 0.054709
0.419232 1.000000 0.228809 0.067728
0.557359 1.000000 0.219502 0.089831
0.288986 1.000000 0.232661 0.048925
0.599706 1.000000 0.884771 0.096324
0.603872 1.000000 0.107934 0.097329
0.393817 1.000000 0.546278 0.064149
3.459616 1.000000 0.305786 1.073473
3.393802 1.000000 0.184340 1.043743
3.239756 1.000000 0.198413 0.976040
3.190003 1.000000 0.307332 0.954794
0.665385 1.000000 0.769658 0.108636
0.798529 1.000000 0.769308 0.134242
3.059315 1.000000 0.306763 0.898220
2.992628 1.000000 0.184328 0.869098
2.839249 1.000000 0.198928 0.804234
0.866014 1.000000 0.884691 0.147455
0.999511 1.000000 0.884723 0.176876
1.064556 1.000000 0.769401 0.192936
0.866580 1.000000 0.109712 0.147966
0.798263 1.000000 0.227574 0.134468
0.999946 1.000000 0.109561 0.177435
1.066619 1.000000 0.230922 0.193819
1.220544 1.000000 0.219079 0.232461
1.270082 1.000000 0.108352 0.244959
3.128107 1.000000 0.645574 0.928002
3.063117 1.000000 0.763596 0.899476
2.928722 1.000000 0.761978 0.842006
1.400573 1.000000 0.109138 0.281246
1.466676 1.000000 0.230945 0.301227
1.620382 1.000000 0.218261 0.348104
1.984157 1.000000 0.303201 0.470585
2.052548 1.000000 0.194925 0.494646
2.192737 1.000000 0.188015 0.546253
2.393308 1.000000 0.308226 0.623594
2.439292 1.000000 0.201237 0.641210
2.592729 1.000000 0.186182 0.702475
2.333333 1.000000 0.884530 0.598761
2.399560 1.000000 0.768967 0.625362
2.532847 1.000000 0.769283 0.678235
2.265271 1.000000 0.769907 0.573444
2.196567 1.000000 0.652852 0.548048
2.464083 1.000000 0.652560 0.651350
2.199767 1.000000 0.885235 0.547817
2.599919 1.000000 0.884567 0.704535
2.665230 1.000000 0.769146 0.731953
2.732529 1.000000 0.884598 0.758932
1.266385 1.000000 0.884717 0.243392
1.331582 1.000000 0.769215 0.262029
1.533333 1.000000 0.884737 0.319834
1.600000 1.000000 0.769060 0.341262
1.733331 1.000000 0.769061 0.383985
1.799999 1.000000 0.884557 0.405247
1.933333 1.000000 0.884643 0.451007
1.999553 1.000000 0.768976 0.475295
3.000000 1.000000 0.884530 0.871650
1.801519 1.000000 0.110481 0.406429
1.863901 1.000000 0.229491 0.428316
2.659994 1.000000 0.307204 0.730384
2.259962 1.000000 0.309804 0.572155
1.670317 1.000000 0.107199 0.363297
2.862236 1.000000 0.648793 0.814359
2.062767 1.000000 0.652253 0.498654
2.789954 1.000000 0.309847 0.784083
1.866200 1.000000 0.768974 0.428605
3.196554 1.000000 0.765495 0.957310
1.794864 1.000000 0.651238 0.405027
3.394328 1.000000 0.645548 1.044672
1.662103 1.000000 0.652032 0.361518
3.896419 1.000000 0.317413 1.269952
3.898439 1.000000 0.565053 1.271186
1.465943 1.000000 0.769640 0.300513
1.396261 1.000000 0.653881 0.280855
1.197828 1.000000 0.769079 0.226165
0.730478 1.000000 0.654942 0.121294
1.129281 1.000000 0.653915 0.209318
0.863453 1.000000 0.655042 0.148119
0.931415 1.000000 0.769597 0.162288
3.264894 1.000000 0.883172 0.986538
2.797656 1.000000 0.768939 0.786768
2.597071 1.000000 0.651728 0.704689
2.131765 1.000000 0.769039 0.523328
0.095206 1.000000 0.192924 0.024141
3.901255 1.000000 0.190283 1.271598
3.785311 1.000000 0.634058 1.219822
3.783604 1.000000 0.392491 1.219036
3.902367 1.000000 0.812500 1.272298
0.228068 1.000000 0.336934 0.040847
0.388007 1.000000 0.342687 0.063259
0.090768 1.000000 0.675018 0.023315
0.521627 1.000000 0.333996 0.084169
0.671297 1.000000 0.196150 0.109841
0.796488 1.000000 0.343947 0.134470
0.932297 1.000000 0.198496 0.162675
1.062426 1.000000 0.348355 0.193203
1.177909 1.000000 0.327975 0.221810
1.337526 1.000000 0.196261 0.263975
3.799751 1.000000 0.249988 1.225881
1.462203 1.000000 0.347307 0.300308
1.577634 1.000000 0.326611 0.335166
1.736988 1.000000 0.195256 0.385520
1.859578 1.000000 0.339531 0.427225
2.081078 1.000000 0.092997 0.504348
2.200811 1.000000 0.077907 0.548546
3.666667 1.000000 0.081537 1.164868
2.323108 1.000000 0.223161 0.596003
0.098887 1.000000 0.903132 0.024118
0.077407 1.000000 0.437500 0.021915
2.482599 1.000000 0.096207 0.657700
2.601111 1.000000 0.078000 0.705160
3.526688 1.000000 0.219418 1.102988
2.722430 1.000000 0.221954 0.755716
2.882573 1.000000 0.095187 0.821812
3.398106 1.000000 0.074258 1.044933
3.001405 1.000000 0.078095 0.872158
3.122706 1.000000 0.221559 0.925228
3.274900 1.000000 0.087272 0.990736
0.089414 1.000000 0.089117 0.023476
3.907993 1.000000 0.089530 1.274033
3.914309 1.000000 0.912152 1.277181
3.816852 1.000000 0.500000 1.234204
3.822332 1.000000 0.756349 1.236226
1.962550 1.000000 0.210652 0.462552
0.179351 1.000000 0.244373 0.034478
0.733041 0.884435 0.000000 0.105380
2.731122 0.109834 0.000000 0.723683
1.133299 0.115471 0.000000 0.181231
2.066667 0.115470 0.000000 0.464757
3.131823 0.111047 0.000000 0.894573
1.533327 0.884527 0.000000 0.302144
2.466952 0.883184 0.000000 0.634799
3.399087 0.882906 0.000000 1.032097
0.464594 0.112994 0.000000 0.056418
0.116922 0.554763 0.000000 0.004239
3.893373 0.439379 0.000000 1.233857
2.865674 0.884069 0.000000 0.799439
1.933332 0.884529 0.000000 0.433712
1.666667 0.110202 0.000000 0.330340
1.133299 0.884515 0.000000 0.191653
3.529893 0.107335 0.000000 1.072124
0.738401 0.107652 0.000000 0.099476
3.132168 0.882853 0.000000 0.914145
2.200000 0.884530 0.000000 0.531115
1.400001 0.110334 0.000000 0.251170
2.346194 0.112938 0.000000 0.569179
0.466241 0.884838 0.000000 0.061902
3.664778 0.877667 0.000000 1.151204
0.116137 0.315608 0.000000 0.008760
3.899588 0.690145 0.000000 1.245316
3.791449 0.113092 0.000000 1.191208
0.205999 0.888198 0.000000 0.029728
0.208879 0.110301 0.000000 0.027634
0.333785 0.884791 0.000000 0.044237
0.399720 0.770657 0.000000 0.042520
0.532297 0.770092 0.000000 0.060153
0.464940 0.656391 0.000000 0.041867
0.597831 0.655417 0.000000 0.060452
0.530236 0.541732 0.000000 0.044861
0.662942 0.540816 0.000000 0.064925
0.594661 0.425889 0.000000 0.053402
0.728446 0.430584 0.000000 0.075083
0.795496 0.540729 0.000000 0.088189
0.861382 0.430846 0.000000 0.099896
0.928367 0.540715 0.000000 0.114647
0.455571 0.425422 0.000000 0.034303
0.994365 0.430601 0.000000 0.127820
1.061405 0.540324 0.000000 0.144177
1.127438 0.426825 0.000000 0.158791
1.194557 0.539002 0.000000 0.176643
1.260663 0.428833 0.000000 0.192599
1.327791 0.539028 0.000000 0.211984
1.393921 0.428878 0.000000 0.229169
1.461065 0.538728 0.000000 0.249994
1.527209 0.428419 0.000000 0.268335
1.594363 0.538076 0.000000 0.290515
1.660515 0.427941 0.000000 0.309935
1.727676 0.537661 0.000000 0.333406
1.793832 0.427383 0.000000 0.353813
1.860996 0.537194 0.000000 0.378494
1.927156 0.426919 0.000000 0.399809
1.994321 0.536634 0.000000 0.425617
2.060465 0.422754 0.000000 0.447764
2.127647 0.535615 0.000000 0.474604
2.193808 0.425128 0.000000 0.497540
2.260979 0.535435 0.000000 0.525348
2.327116 0.419588 0.000000 0.548952
2.394304 0.533495 0.000000 0.577605
2.460442 0.417934 0.000000 0.601894
2.527633 0.532490 0.000000 0.631331
2.593773 0.417117 0.000000 0.656220
2.660966 0.532214 0.000000 0.686381
2.727105 0.416482 0.000000 0.711798
2.794298 0.531656 0.000000 0.742587
2.860437 0.415880 0.000000 0.768496
2.927629 0.531057 0.000000 0.799834
2.993807 0.415278 0.000000 0.826211
3.060948 0.530442 0.000000 0.857999
3.127083 0.414689 0.000000 0.884769
3.194196 0.529787 0.000000 0.916943
3.260298 0.414166 0.000000 0.944075
3.327304 0.528948 0.000000 0.976525
3.393244 0.413753 0.000000 1.003932
3.460152 0.528249 0.000000 1.036602
3.525748 0.413562 0.000000 1.064162
3.592080 0.527425 0.000000 1.096771
0.930089 0.314681 0.000000 0.117942
1.862139 0.310559 0.000000 0.379590
2.526579 0.301987 0.000000 0.630048
2.926650 0.300095 0.000000 0.797802
3.326530 0.298927 0.000000 0.974157
2.728968 0.648850 0.000000 0.720638
3.526787 0.641886 0.000000 1.071654
1.794854 0.651698 0.000000 0.361815
3.261034 0.646338 0.000000 0.951983
1.394928 0.653471 0.000000 0.236785
2.994815 0.646196 0.000000 0.834442
0.996422 0.654408 0.000000 0.135294
2.329736 0.649452 0.000000 0.557974
2.061505 0.650488 0.000000 0.455997
3.655349 0.412092 0.000000 1.123528
0.332745 0.657748 0.000000 0.026622
3.656900 0.639928 0.000000 1.130990
0.654923 0.318695 0.000000 0.066795
1.329754 0.313779 0.000000 0.214651
1.596374 0.313325 0.000000 0.292548
2.259917 0.303173 0.000000 0.524696
3.590991 0.304961 0.000000 1.094071
3.698343 0.311214 0.000000 1.143283
3.594718 0.757460 0.000000 1.109696
3.719857 0.755259 0.000000 1.166640
3.802515 0.873221 0.000000 1.213480
3.658642 0.194484 0.000000 1.127316
3.462419 0.760169 0.000000 1.049944
3.713196 0.519984 0.000000 1.152192
0.268472 0.771742 0.000000 0.027985
0.124575 0.788297 0.000000 0.016121
0.200927 0.664990 0.000000 0.015068
0.254433 0.547863 0.000000 0.013771
0.187603 0.429354 0.000000 0.007813
0.323058 0.426124 0.000000 0.019475
0.393497 0.542547 0.000000 0.027589
0.388066 0.312147 0.000000 0.031026
0.258079 0.315489 0.000000 0.018218
0.331516 0.195143 0.000000 0.033335
0.523153 0.316799 0.000000 0.047375
0.565192 0.211926 0.000000 0.060980
3.531278 0.879700 0.000000 1.091060
3.328209 0.767782 0.000000 0.990235
0.599706 0.884771 0.000000 0.082299
3.459234 0.305746 0.000000 1.034006
3.392885 0.184099 0.000000 1.006981
3.239626 0.198686 0.000000 0.937911
0.665369 0.769657 0.000000 0.080862
0.798527 0.769308 0.000000 0.104626
3.190023 0.307533 0.000000 0.913038
3.059464 0.306873 0.000000 0.855437
2.992788 0.184374 0.000000 0.830238
2.839439 0.199270 0.000000 0.763847
0.866014 0.884691 0.000000 0.131263
0.999549 0.884701 0.000000 0.160047
1.064831 0.769239 0.000000 0.161210
1.199963 0.769077 0.000000 0.194352
0.867502 0.109191 0.000000 0.123587
0.819154 0.218984 0.000000 0.102835
1.000125 0.109470 0.000000 0.151300
1.066619 0.230899 0.000000 0.153870
1.220548 0.219070 0.000000 0.192274
3.128095 0.645572 0.000000 0.892876
3.063107 0.763591 0.000000 0.872669
2.928710 0.761975 0.000000 0.814232
2.789951 0.308857 0.000000 0.739170
1.266647 0.884750 0.000000 0.225943
1.399992 0.884788 0.000000 0.262821
1.466666 0.769058 0.000000 0.267998
1.599992 0.769063 0.000000 0.308616
1.270091 0.107488 0.000000 0.216445
1.666663 0.884608 0.000000 0.343865
1.799999 0.884621 0.000000 0.387775
1.866667 0.769059 0.000000 0.396672
1.999551 0.768810 0.000000 0.443595
2.659381 0.308449 0.000000 0.684402
2.592715 0.186178 0.000000 0.661845
2.453692 0.193051 0.000000 0.605500
2.066592 0.884488 0.000000 0.481515
2.133333 0.769060 0.000000 0.492734
2.265230 0.766706 0.000000 0.542584
2.194840 0.650759 0.000000 0.505915
2.398606 0.766347 0.000000 0.594729
2.332909 0.883461 0.000000 0.581964
2.533727 0.767497 0.000000 0.649122
2.600007 0.884517 0.000000 0.688742
2.664922 0.767805 0.000000 0.703091
3.000000 0.884530 0.000000 0.856959
1.533334 0.108467 0.000000 0.289792
1.464709 0.226202 0.000000 0.258351
2.202143 0.109492 0.000000 0.514883
2.153689 0.215577 0.000000 0.488745
2.000000 0.230940 0.000000 0.431879
1.933334 0.110086 0.000000 0.418313
1.800000 0.108311 0.000000 0.373483
1.731229 0.225421 0.000000 0.340576
2.596284 0.649153 0.000000 0.665332
2.398620 0.307466 0.000000 0.578618
2.862181 0.648704 0.000000 0.777255
1.928560 0.651290 0.000000 0.408080
3.196547 0.765498 0.000000 0.931496
1.732884 0.769242 0.000000 0.351434
3.394317 0.645562 0.000000 1.011801
1.661532 0.651539 0.000000 0.317754
3.896419 0.317414 0.000000 1.234807
2.732656 0.884813 0.000000 0.743552
3.898521 0.564840 0.000000 1.239270
1.528780 0.652380 0.000000 0.276211
1.332461 0.769651 0.000000 0.229686
1.261663 0.652484 0.000000 0.199980
0.730418 0.654927 0.000000 0.082216
1.129807 0.654089 0.000000 0.166446
0.863425 0.655006 0.000000 0.107240
0.931461 0.769559 0.000000 0.131421
3.264891 0.883173 0.000000 0.972508
2.462840 0.648688 0.000000 0.610872
2.797910 0.769196 0.000000 0.759009
3.784201 0.633731 0.000000 1.189208
0.103048 0.186373 0.000000 0.014461
3.901254 0.190283 0.000000 1.239187
3.783632 0.392392 0.000000 1.182534
3.902368 0.812500 0.000000 1.254404
0.092311 0.673943 0.000000 0.008481
0.454504 0.229802 0.000000 0.044584
0.607769 0.101555 0.000000 0.078334
0.788043 0.330131 0.000000 0.089134
0.334331 0.083688 0.000000 0.043005
0.936698 0.196645 0.000000 0.128334
1.062424 0.348336 0.000000 0.145463
1.177908 0.327957 0.000000 0.174214
1.337021 0.195375 0.000000 0.225039
3.799738 0.249971 0.000000 1.190871
1.462393 0.342120 0.000000 0.250929
1.598462 0.196723 0.000000 0.300769
1.728818 0.340926 0.000000 0.333741
1.865341 0.197063 0.000000 0.387315
1.995300 0.345591 0.000000 0.425153
2.110530 0.323860 0.000000 0.467742
3.666667 0.081536 0.000000 1.135548
2.265183 0.190049 0.000000 0.532318
0.098887 0.903132 0.000000 0.019712
2.487656 0.095577 0.000000 0.625972
0.080694 0.436196 0.000000 0.002176
2.602299 0.078318 0.000000 0.673357
3.526329 0.219325 0.000000 1.066208
2.722522 0.222518 0.000000 0.713581
0.697071 0.213338 0.000000 0.081501
2.882780 0.095625 0.000000 0.788283
3.397889 0.074270 0.000000 1.014497
3.001478 0.078209 0.000000 0.840165
3.274792 0.087450 0.000000 0.958912
3.122745 0.221702 0.000000 0.885415
0.092007 0.089530 0.000000 0.018445
0.202414 0.222134 0.000000 0.019568
3.907993 0.089530 0.000000 1.245894
3.914310 0.912144 0.000000 1.267912
3.816171 0.503668 0.000000 1.199311
3.822326 0.756350 0.000000 1.213704
2.356956 0.213535 0.000000 0.566252
0.733034 0.884434 1.000000 0.104584
2.730249 0.107721 1.000000 0.720107
1.133299 0.884514 1.000000 0.190460
2.066666 0.115470 1.000000 0.461128
3.131828 0.111130 1.000000 0.891967
1.533327 0.884527 1.000000 0.300754
2.466935 0.883209 1.000000 0.633735
3.399086 0.882977 1.000000 1.031925
0.460869 0.113829 1.000000 0.055493
0.116925 0.554765 1.000000 0.004270
3.893366 0.439401 1.000000 1.233530
0.866667 0.115470 1.000000 0.121707
2.865657 0.884091 1.000000 0.798741
1.933332 0.884530 1.000000 0.432343
1.400000 0.110332 1.000000 0.248764
3.529904 0.107518 1.000000 1.070462
3.132162 0.882935 1.000000 0.913718
2.200000 0.884530 1.000000 0.529869
2.346198 0.113044 1.000000 0.565477
1.666667 0.110216 1.000000 0.327285
1.133333 0.110456 1.000000 0.180172
0.466239 0.884837 1.000000 0.061417
3.664763 0.877832 1.000000 1.151253
0.116153 0.315611 1.000000 0.008220
3.899548 0.690192 1.000000 1.245286
3.791437 0.113175 1.000000 1.190201
0.206000 0.888198 1.000000 0.029440
0.208901 0.110315 1.000000 0.027137
0.333785 0.884791 1.000000 0.043876
0.399721 0.770661 1.000000 0.041921
0.532291 0.770096 1.000000 0.059294
0.464934 0.656407 1.000000 0.040825
0.597796 0.655440 1.000000 0.059102
0.530207 0.541782 1.000000 0.043383
0.662874 0.540873 1.000000 0.063176
0.594627 0.425978 1.000000 0.051781
0.455579 0.425485 1.000000 0.032970
0.728397 0.425822 1.000000 0.073290
0.795396 0.540446 1.000000 0.086203
0.861360 0.430132 1.000000 0.097824
0.928303 0.540607 1.000000 0.112486
0.994325 0.430436 1.000000 0.125539
1.061359 0.540343 1.000000 0.141863
1.127444 0.430154 1.000000 0.156299
1.194530 0.539618 1.000000 0.174215
1.260653 0.429563 1.000000 0.189967
1.327770 0.539331 1.000000 0.209433
1.393913 0.429130 1.000000 0.226398
1.461047 0.538908 1.000000 0.247350
1.527204 0.428581 1.000000 0.265444
1.594348 0.538213 1.000000 0.287804
1.660513 0.428088 1.000000 0.306954
1.727662 0.537812 1.000000 0.330660
1.793831 0.427539 1.000000 0.350774
1.860984 0.537356 1.000000 0.375742
1.927155 0.427086 1.000000 0.396749
1.994310 0.536808 1.000000 0.422891
2.060466 0.422949 1.000000 0.444710
2.127636 0.535784 1.000000 0.471933
2.193809 0.425319 1.000000 0.494548
2.260968 0.535612 1.000000 0.522766
2.327118 0.419809 1.000000 0.546036
2.394294 0.533722 1.000000 0.575136
2.460444 0.418178 1.000000 0.599099
2.527623 0.532738 1.000000 0.629004
2.593775 0.417379 1.000000 0.653582
2.660956 0.532482 1.000000 0.684223
2.727108 0.416759 1.000000 0.709344
2.794288 0.531939 1.000000 0.740615
2.860439 0.416170 1.000000 0.766250
2.927619 0.531355 1.000000 0.798064
2.993810 0.415582 1.000000 0.824193
3.060939 0.530754 1.000000 0.856442
3.127085 0.415007 1.000000 0.882991
3.194186 0.530113 1.000000 0.915607
3.260301 0.414498 1.000000 0.942548
3.327294 0.529287 1.000000 0.975412
3.393247 0.414099 1.000000 1.002659
3.460142 0.528602 1.000000 1.035712
3.525752 0.413922 1.000000 1.063143
3.592072 0.527792 1.000000 1.096097
0.659967 0.310207 1.000000 0.066675
1.862144 0.310672 1.000000 0.376314
2.526593 0.302242 1.000000 0.626963
2.926664 0.300392 1.000000 0.795316
3.326544 0.299266 1.000000 0.972470
2.728941 0.649063 1.000000 0.718973
3.526766 0.642247 1.000000 1.071109
1.794830 0.651878 1.000000 0.359451
3.261026 0.646630 1.000000 0.951070
1.394898 0.653615 1.000000 0.234504
2.994793 0.646501 1.000000 0.833138
0.996365 0.654410 1.000000 0.133319
2.329717 0.649585 1.000000 0.555870
2.061483 0.650695 1.000000 0.453712
3.655344 0.412461 1.000000 1.122747
0.332746 0.657754 1.000000 0.025948
3.656868 0.640295 1.000000 1.130614
1.063241 0.314475 1.000000 0.145086
1.329758 0.313942 1.000000 0.211972
1.596374 0.313401 1.000000 0.289502
2.259931 0.303401 1.000000 0.521395
3.591005 0.305294 1.000000 1.092961
3.698318 0.311500 1.000000 1.142392
3.594696 0.757791 1.000000 1.109467
3.719815 0.755498 1.000000 1.166525
3.802486 0.873270 1.000000 1.213609
3.658639 0.194718 1.000000 1.126135
3.462405 0.760455 1.000000 1.049571
3.713155 0.520285 1.000000 1.151682
0.268473 0.771744 1.000000 0.027646
0.124575 0.788298 1.000000 0.015999
0.200929 0.664994 1.000000 0.014827
0.254437 0.547870 1.000000 0.013093
0.187623 0.429357 1.000000 0.007138
0.323087 0.426149 1.000000 0.018451
0.393498 0.542575 1.000000 0.026452
0.388126 0.312221 1.000000 0.030105
0.258125 0.315518 1.000000 0.017514
0.328643 0.196684 1.000000 0.032379
0.524007 0.315444 1.000000 0.046382
0.578315 0.194587 1.000000 0.063653
0.718337 0.202926 1.000000 0.084977
3.531270 0.879842 1.000000 1.091002
3.328223 0.767920 1.000000 0.989723
0.599703 0.884771 1.000000 0.081663
3.459249 0.306060 1.000000 1.032619
3.392912 0.184445 1.000000 1.005163
3.239640 0.198923 1.000000 0.935776
0.665341 0.769664 1.000000 0.079762
0.798483 0.769318 1.000000 0.103315
3.190035 0.307812 1.000000 0.911087
3.059477 0.307146 1.000000 0.853223
2.992814 0.184678 1.000000 0.827540
2.839307 0.199112 1.000000 0.760860
0.865989 0.884698 1.000000 0.130315
0.999530 0.884707 1.000000 0.158965
1.064796 0.769252 1.000000 0.159585
1.199967 0.769075 1.000000 0.192619
3.128073 0.645890 1.000000 0.891763
3.063091 0.763814 1.000000 0.871818
2.928676 0.762273 1.000000 0.813213
2.789938 0.309040 1.000000 0.736465
1.266648 0.884764 1.000000 0.224663
1.399993 0.884804 1.000000 0.261475
1.464953 0.769066 1.000000 0.265619
1.599993 0.769063 1.000000 0.306711
1.666663 0.884624 1.000000 0.342461
1.799999 0.884640 1.000000 0.386378
1.866667 0.769059 1.000000 0.394783
1.999999 0.769060 1.000000 0.441938
2.659390 0.308676 1.000000 0.681505
2.592741 0.186441 1.000000 0.658507
2.453710 0.193278 1.000000 0.602039
2.066666 0.884530 1.000000 0.480230
2.133333 0.769060 1.000000 0.490960
2.265216 0.766757 1.000000 0.540890
2.194816 0.650748 1.000000 0.503696
2.398581 0.766419 1.000000 0.593140
2.332900 0.883486 1.000000 0.580800
2.533672 0.767524 1.000000 0.647648
2.600026 0.884486 1.000000 0.687803
2.664896 0.767856 1.000000 0.701770
3.000000 0.884530 1.000000 0.856399
1.266667 0.108640 1.000000 0.213386
1.198086 0.226743 1.000000 0.183694
1.800000 0.109227 1.000000 0.370081
1.731231 0.225619 1.000000 0.337338
1.933333 0.109063 1.000000 0.414913
2.000000 0.230940 1.000000 0.428423
2.153335 0.216648 1.000000 0.485030
2.205478 0.107149 1.000000 0.512631
1.533333 0.108484 1.000000 0.287045
1.464705 0.226267 1.000000 0.255546
1.000000 0.109621 1.000000 0.149966
0.951649 0.219844 1.000000 0.127693
2.596259 0.649324 1.000000 0.663504
2.398629 0.307700 1.000000 0.575422
2.862153 0.648919 1.000000 0.775766
0.787557 0.320182 1.000000 0.087873
1.928559 0.651398 1.000000 0.405745
3.196540 0.765679 1.000000 0.930814
1.732882 0.769327 1.000000 0.349534
3.394309 0.645857 1.000000 1.011079
3.896391 0.317476 1.000000 1.234321
2.732641 0.884803 1.000000 0.742725
1.661507 0.651614 1.000000 0.315381
3.898487 0.564910 1.000000 1.239093
1.529457 0.653413 1.000000 0.274154
1.331347 0.768976 1.000000 0.227489
1.261625 0.652534 1.000000 0.197767
0.730356 0.654900 1.000000 0.080609
1.129774 0.654205 1.000000 0.164349
0.863356 0.654944 1.000000 0.105425
0.931420 0.769555 1.000000 0.129936
3.265398 0.884290 1.000000 0.972547
2.462816 0.648856 1.000000 0.608894
2.797865 0.769213 1.000000 0.757830
3.784129 0.634002 1.000000 1.188965
0.103051 0.186375 1.000000 0.013819
3.901229 0.190307 1.000000 1.238545
3.783592 0.392540 1.000000 1.181937
3.902264 0.812500 1.000000 1.254489
0.092311 0.673945 1.000000 0.008552
0.455992 0.226553 1.000000 0.044285
0.661150 0.109038 1.000000 0.085552
0.333016 0.084166 1.000000 0.042509
0.922713 0.332723 1.000000 0.113449
1.069262 0.196228 1.000000 0.155721
1.195836 0.342975 1.000000 0.175556
1.331843 0.197185 1.000000 0.221002
3.799672 0.250040 1.000000 1.190075
1.462391 0.342264 1.000000 0.248046
1.598462 0.196797 1.000000 0.297752
1.728819 0.341064 1.000000 0.330588
1.865342 0.197104 1.000000 0.383923
1.995303 0.345704 1.000000 0.421900
2.110474 0.324160 1.000000 0.464416
3.666667 0.081746 1.000000 1.134172
2.265783 0.189906 1.000000 0.528996
0.098887 0.903132 1.000000 0.019440
2.487664 0.095701 1.000000 0.622303
3.526342 0.219607 1.000000 1.064777
2.602131 0.077972 1.000000 0.669715
0.080701 0.436197 1.000000 0.001812
2.722325 0.222198 1.000000 0.710452
2.882617 0.095326 1.000000 0.785083
3.397897 0.074413 1.000000 1.012427
3.001452 0.078227 1.000000 0.837182
3.274797 0.087610 1.000000 0.956570
3.122759 0.221938 1.000000 0.883088
0.835215 0.214783 1.000000 0.104889
0.762050 0.101008 1.000000 0.103818
0.092007 0.089530 1.000000 0.017689
0.202020 0.222366 1.000000 0.018966
3.907993 0.089530 1.000000 1.245143
3.914283 0.912154 1.000000 1.268159
3.817016 0.500000 1.000000 1.199245
3.822286 0.756287 1.000000 1.213673
0.575281 0.086576 1.000000 0.074646
2.358997 0.212459 1.000000 0.563636
0.985244 0.499998 0.499999 0.128173
1.923932 0.500000 0.499991 0.401145
3.007712 0.500029 0.500027 0.835436
3.506191 0.495303 0.495298 1.058563
0.490122 0.491733 0.500000 0.040904
2.460713 0.500000 0.500060 0.604775
1.454588 0.466336 0.466333 0.248696
2.734230 0.349425 0.657119 0.715749
2.734195 0.657101 0.349396 0.725168
2.192342 0.659827 0.347498 0.507440
2.192302 0.347807 0.660823 0.498348
1.244984 0.657943 0.657894 0.197375
0.734921 0.661360 0.661363 0.085090
1.664223 0.657709 0.657721 0.320288
3.257072 0.340142 0.667804 0.943668
3.257066 0.667672 0.339819 0.953295
3.262181 0.330036 0.330182 0.946619
0.735327 0.636958 0.330869 0.084003
0.740439 0.330756 0.645000 0.082411
1.221153 0.328078 0.655483 0.186591
1.221144 0.655342 0.328130 0.191631
3.693446 0.314372 0.316961 1.142793
2.788522 0.675279 0.675241 0.748782
2.144067 0.674444 0.674069 0.489467
1.688058 0.328779 0.654334 0.321871
2.780364 0.330074 0.330090 0.736315
3.688518 0.313677 0.682135 1.140201
1.688052 0.654385 0.328760 0.328495
2.230401 0.330199 0.331271 0.514258
3.285547 0.670333 0.670006 0.965870
3.683488 0.683645 0.312548 1.147334
0.306320 0.314372 0.316961 0.024359
3.680585 0.684531 0.684541 1.145950
1.711609 0.331674 0.323030 0.330317
0.783647 0.319978 0.327447 0.091125
0.317387 0.684156 0.684069 0.028245
0.309442 0.313506 0.688227 0.024459
1.197639 0.322503 0.333239 0.181614
0.301462 0.699254 0.369221 0.027909
2.494411 0.709069 0.709804 0.629009
2.463901 0.278415 0.721201 0.605591
1.941429 0.733140 0.264380 0.421052
2.463832 0.721065 0.277659 0.618382
2.505267 0.281896 0.281894 0.623539
0.990948 0.733403 0.733395 0.141786
1.461604 0.738488 0.462949 0.265452
2.992917 0.729584 0.270605 0.840997
2.992962 0.270610 0.729587 0.827533
1.460702 0.463702 0.738424 0.248971
1.970073 0.263405 0.373769 0.421145
1.942229 0.261643 0.723139 0.409819
0.975030 0.738982 0.383955 0.139883
1.455108 0.261927 0.293935 0.254940
0.979183 0.390416 0.739786 0.126242
3.042141 0.596785 0.744180 0.853311
0.556467 0.744815 0.488833 0.063386
1.902262 0.589938 0.745906 0.395505
3.021292 0.400785 0.259081 0.839630
3.472354 0.459481 0.750125 1.041477
3.472402 0.750102 0.459044 1.055767
0.545357 0.406359 0.257527 0.048657
0.562896 0.488417 0.748609 0.049729
2.023174 0.487032 0.253150 0.436356
0.994789 0.244486 0.505719 0.138889
0.994783 0.505687 0.244485 0.130060
3.041595 0.247705 0.464573 0.850571
3.089108 0.743890 0.520026 0.884367
3.525878 0.489739 0.242134 1.067013
1.927710 0.752217 0.548440 0.418081
3.756868 0.474852 0.500000 1.173286
3.467895 0.245401 0.456455 1.040804
0.576956 0.253451 0.463481 0.061566
1.454581 0.247562 0.595561 0.255389
0.241349 0.471171 0.500000 0.014070
1.454585 0.595563 0.247563 0.252277
0.516341 0.719200 0.243825 0.055041
2.327577 0.530885 0.760598 0.551296
1.454695 0.752309 0.752220 0.263485
2.362586 0.754755 0.503079 0.581238
0.536468 0.244520 0.750581 0.055537
0.535478 0.758296 0.758296 0.060587
2.388616 0.492048 0.240313 0.575630
0.992513 0.233847 0.234795 0.138819
2.389580 0.239966 0.492284 0.579003
2.571770 0.488558 0.767532 0.648259
2.626278 0.481568 0.230064 0.671936
3.466715 0.228411 0.693757 1.039959
2.627042 0.229578 0.481749 0.675076
2.599175 0.772688 0.506615 0.678250
3.788903 0.237857 0.500036 1.188088
0.211025 0.237857 0.500036 0.020412
3.468342 0.715203 0.228626 1.050959
3.240338 0.494025 0.493944 0.938294
1.216696 0.495372 0.495468 0.183408
0.230490 0.520867 0.232762 0.012906
3.486792 0.261786 0.225964 1.048646
3.476608 0.766144 0.766138 1.058121
1.693612 0.496157 0.496122 0.322956
3.773039 0.777219 0.499033 1.194656
2.865692 0.782858 0.488415 0.791012
2.236189 0.526859 0.527112 0.517043
2.683272 0.532784 0.532780 0.697282
0.712213 0.502873 0.506889 0.074671
3.781837 0.500436 0.223542 1.184841
2.851573 0.487888 0.788139 0.765945
3.773756 0.500400 0.777740 1.180848
1.804061 0.502641 0.213122 0.359539
0.784868 0.786225 0.486057 0.105859
1.796259 0.209503 0.501251 0.364761
1.798244 0.785335 0.785443 0.375493
1.159984 0.785027 0.497283 0.188073
1.166355 0.496887 0.785829 0.168858
0.789921 0.490318 0.786773 0.086780
0.225568 0.501775 0.780731 0.011800
0.864959 0.207855 0.775560 0.113759
2.840667 0.539267 0.203746 0.763991
2.300851 0.783301 0.783515 0.558593
2.094245 0.495309 0.788223 0.460803
2.144802 0.213791 0.495043 0.486972
1.093407 0.213248 0.786187 0.162292
3.141827 0.788030 0.788009 0.910259
2.279004 0.208283 0.791388 0.535699
1.556685 0.213706 0.785986 0.286557
0.864948 0.793805 0.205145 0.121741
1.679236 0.492039 0.794923 0.316229
1.721377 0.788154 0.495182 0.351682
1.274113 0.482487 0.209207 0.197884
1.353570 0.784638 0.215240 0.238810
2.837712 0.211689 0.526604 0.763822
3.205799 0.501521 0.213022 0.922643
3.260597 0.202494 0.502976 0.948666
3.121066 0.215164 0.215160 0.886213
0.621571 0.204818 0.243165 0.071806
0.209424 0.793885 0.202823 0.024519
1.274231 0.202886 0.491748 0.209731
0.209277 0.792657 0.536551 0.024768
1.343127 0.212486 0.787283 0.225454
1.593040 0.200511 0.442407 0.300738
3.260589 0.505285 0.800399 0.946382
2.311286 0.200947 0.197338 0.550552
3.803332 0.800690 0.800698 1.209475
2.129150 0.792118 0.499416 0.495490
2.278032 0.794197 0.208970 0.551800
1.051083 0.714750 0.177374 0.154067
0.792307 0.484860 0.200568 0.088195
2.961630 0.794874 0.679518 0.832834
1.561418 0.419993 0.206582 0.280420
2.911823 0.231460 0.198484 0.794618
0.731959 0.807719 0.807731 0.097053
2.009665 0.789753 0.789726 0.449915
1.562927 0.770742 0.206688 0.298825
3.808064 0.196120 0.790359 1.196889
1.260351 0.804833 0.804265 0.214608
0.793988 0.200603 0.494804 0.102155
2.679265 0.201978 0.201909 0.697789
2.097242 0.216050 0.207255 0.469276
2.664987 0.793484 0.793624 0.706234
2.731483 0.194638 0.794841 0.718019
1.286516 0.197834 0.197956 0.212887
3.175717 0.203238 0.800477 0.909304
3.175598 0.800478 0.203180 0.926602
2.731141 0.794768 0.194517 0.734634
1.760944 0.201129 0.797155 0.351633
3.283914 0.801864 0.514981 0.975322
1.762706 0.799597 0.197528 0.366148
1.844872 0.210526 0.210791 0.380834
0.197698 0.194376 0.198557 0.021552
3.801064 0.803321 0.197049 1.208611
0.424113 0.200188 0.198095 0.044556
0.393504 0.317600 0.507585 0.033514
0.193011 0.190039 0.798036 0.021143
2.094304 0.403831 0.458100 0.461948
0.408331 0.536571 0.323023 0.031400
1.427564 0.604937 0.604409 0.244688
0.188744 0.773957 0.809923 0.021112
2.203188 0.540473 0.189573 0.504660
1.346751 0.815425 0.601579 0.240638
1.346325 0.602322 0.815718 0.219823
0.907783 0.662891 0.572467 0.118810
0.385038 0.500526 0.665856 0.027750
1.860443 0.412562 0.816774 0.375997
3.643596 0.632513 0.495582 1.126581
2.833239 0.500083 0.411357 0.759984
3.631757 0.495233 0.646291 1.115770
3.356541 0.500244 0.337771 0.990655
3.825967 0.188952 0.327858 1.206268
3.086676 0.419988 0.810361 0.867056
3.615897 0.186099 0.560718 1.109743
2.604008 0.407396 0.407862 0.662061
3.470102 0.640310 0.618806 1.047592
1.621916 0.200342 0.199793 0.309230
0.675223 0.809052 0.186852 0.087860
1.565215 0.815850 0.606776 0.304800
0.990487 0.563290 0.820642 0.129017
0.619779 0.568163 0.185279 0.060576
0.431683 0.609112 0.817737 0.035675
0.430792 0.818468 0.611246 0.052135
3.581795 0.822715 0.597547 1.110867
3.086833 0.578269 0.343177 0.873023
3.581817 0.597799 0.822820 1.095530
2.089527 0.181799 0.819762 0.466411
1.070452 0.584151 0.647235 0.149565
3.616943 0.184713 0.805099 1.109065
2.015222 0.645395 0.416838 0.440646
2.111014 0.706891 0.181906 0.479980
0.960822 0.368136 0.368153 0.124307
0.370182 0.821515 0.821514 0.043854
3.306500 0.228741 0.175536 0.967894
0.664080 0.829083 0.621406 0.088476
0.994599 0.828266 0.572542 0.153724
0.345022 0.663761 0.188019 0.029605
0.520356 0.624934 0.627904 0.049155
2.016842 0.412124 0.638134 0.432815
0.663943 0.622535 0.829076 0.069215
1.310381 0.823352 0.393001 0.231913
2.909809 0.370963 0.594642 0.790897
2.560659 0.589043 0.368879 0.649014
2.560855 0.368617 0.588578 0.643906
1.616650 0.819748 0.819748 0.319899
0.652832 0.171004 0.610775 0.080264
0.417586 0.176485 0.625521 0.046214
0.426219 0.380414 0.819705 0.032860
3.825150 0.622541 0.413403 1.209654
1.313856 0.391633 0.826226 0.207191
0.561805 0.363037 0.611297 0.052560
1.971921 0.183600 0.556860 0.426475
1.109727 0.375325 0.177952 0.157161
2.901731 0.691298 0.822670 0.797451
3.365343 0.322834 0.818909 0.991555
3.620985 0.352186 0.481772 1.109450
2.365650 0.405903 0.628753 0.565006
1.806833 0.470589 0.640788 0.359460
3.373082 0.400796 0.183080 0.995951
3.118474 0.184570 0.622097 0.885987
0.675817 0.347067 0.818511 0.069337
0.376609 0.418114 0.178627 0.026787
3.127066 0.472025 0.637970 0.886885
2.365258 0.606307 0.383300 0.571157
0.173464 0.618792 0.588193 0.012316
1.128344 0.177376 0.610595 0.175215
3.605421 0.369536 0.832116 1.100915
3.827253 0.323393 0.187715 1.204024
3.828414 0.614373 0.598205 1.210744
3.358801 0.821399 0.332360 1.010264
2.608377 0.183384 0.658735 0.668841
1.538703 0.605961 0.823366 0.276083
2.608272 0.824018 0.329363 0.687133
0.847610 0.382717 0.508664 0.100568
2.708586 0.599300 0.823345 0.709211
3.604704 0.167201 0.369853 1.105389
0.374944 0.177823 0.802869 0.040312
0.839946 0.662701 0.808536 0.103632
1.180927 0.821874 0.263528 0.197345
2.608467 0.658379 0.183156 0.672246
0.838929 0.809062 0.662164 0.118285
0.354906 0.612480 0.520545 0.028531
1.620505 0.588885 0.172878 0.302242
3.603928 0.833523 0.370317 1.121777
1.137826 0.672419 0.820008 0.169949
2.274780 0.168591 0.613952 0.538182
0.673260 0.166022 0.832230 0.082875
2.247156 0.383278 0.830922 0.517206
0.850815 0.509281 0.381491 0.100379
1.834556 0.644480 0.435694 0.376799
3.416554 0.364352 0.583979 1.015890
0.163993 0.410733 0.354105 0.008862
1.104538 0.173760 0.379633 0.170303
3.032973 0.584233 0.170511 0.849035
2.688482 0.366252 0.830990 0.694980
3.362473 0.580885 0.169676 0.995497
1.302391 0.487996 0.657646 0.205187
3.831769 0.405951 0.642342 1.206718
2.912265 0.166242 0.368729 0.798037
1.866997 0.829437 0.397320 0.405624
3.621163 0.803544 0.193740 1.126514
3.704645 0.181551 0.185082 1.150079
2.090507 0.821607 0.322997 0.484427
3.166670 0.827658 0.380878 0.925736
0.428384 0.196611 0.378405 0.045968
1.302482 0.659518 0.487971 0.213532
0.565863 0.602061 0.379879 0.054720
2.938946 0.646102 0.580250 0.811806
3.315832 0.827708 0.827671 0.990732
0.811025 0.188278 0.189812 0.105709
1.916312 0.369753 0.169609 0.397868
1.869935 0.411291 0.353246 0.381734
0.165700 0.399781 0.640031 0.009197
1.143395 0.822975 0.670796 0.187760
2.394710 0.381900 0.381995 0.577363
3.835266 0.406181 0.360185 1.208487
3.661970 0.512167 0.354342 1.130304
3.350028 0.173369 0.341128 0.989820
3.618540 0.361308 0.164601 1.107554
2.257873 0.836926 0.383804 0.549294
2.793635 0.386156 0.161978 0.740984
1.614450 0.169424 0.617704 0.309384
3.403853 0.610784 0.815736 1.015085
2.379856 0.613830 0.611364 0.576859
2.273554 0.378426 0.165069 0.529460
2.855206 0.833673 0.317284 0.791377
2.253799 0.834580 0.619471 0.547093
2.272542 0.165020 0.381516 0.538415
2.737643 0.829248 0.602560 0.741224
1.585839 0.512069 0.356176 0.289119
1.095668 0.627907 0.449142 0.158623
3.117690 0.396882 0.407416 0.882246
0.872045 0.502953 0.633066 0.103933
2.859087 0.317185 0.836607 0.767803
1.147648 0.492238 0.332581 0.165974
0.407752 0.828423 0.433726 0.050158
0.381026 0.835970 0.164047 0.046732
2.498335 0.834309 0.833669 0.642048
1.084262 0.838239 0.838280 0.174109
1.399057 0.367049 0.164562 0.233196
3.645026 0.593625 0.167949 1.124625
3.629889 0.831051 0.831108 1.132500
0.160462 0.366421 0.183080 0.009519
3.342980 0.637004 0.497080 0.990152
0.687198 0.470190 0.338109 0.070103
0.664046 0.793517 0.360326 0.084964
3.300620 0.169112 0.679939 0.967101
1.611514 0.651265 0.490352 0.303737
1.999028 0.846038 0.154029 0.453347
1.584957 0.359746 0.515735 0.289053
1.067595 0.377111 0.590931 0.147509
0.891675 0.625001 0.169625 0.112394
1.355258 0.398260 0.339369 0.220809
1.592160 0.827018 0.375521 0.314877
0.899719 0.837224 0.837234 0.132792
0.714347 0.332061 0.167549 0.077395
0.172643 0.581337 0.384818 0.010752
2.522336 0.161484 0.839872 0.633565
2.735779 0.164997 0.362256 0.723545
3.845316 0.844279 0.644806 1.232667
3.331779 0.504983 0.641602 0.979305
2.430457 0.409572 0.829490 0.589117
2.259638 0.355059 0.500771 0.524721
3.519603 0.610959 0.366391 1.068782
2.563252 0.828055 0.160893 0.668484
1.326665 0.364724 0.523335 0.213661
2.937464 0.638448 0.407148 0.810933
1.599742 0.498026 0.641406 0.292360
2.071421 0.566895 0.560078 0.456434
0.170312 0.810973 0.369735 0.022081
2.213578 0.641303 0.828615 0.512192
2.353633 0.644896 0.170079 0.568307
1.563855 0.375044 0.841894 0.279618
1.448505 0.157523 0.157794 0.261122
3.357684 0.829016 0.159321 1.009715
3.157584 0.162559 0.373149 0.904761
0.876622 0.178146 0.347107 0.120121
2.863394 0.166205 0.689579 0.776021
2.932812 0.362028 0.399718 0.801323
2.827963 0.518117 0.621926 0.757760
1.883839 0.344558 0.556341 0.387290
0.901647 0.160027 0.618079 0.126831
2.516422 0.160254 0.158526 0.633639
1.427731 0.165887 0.430651 0.255154
3.841780 0.356396 0.841927 1.210134
2.824051 0.843080 0.830717 0.777933
2.748843 0.375961 0.490269 0.722454
2.473798 0.838198 0.601044 0.633952
2.630095 0.615145 0.671061 0.678346
2.237757 0.497031 0.360271 0.517019
1.128092 0.550779 0.153426 0.161798
0.154235 0.209091 0.352526 0.017331
3.413219 0.832065 0.622109 1.035589
2.463259 0.600018 0.836850 0.607848
2.916069 0.832768 0.156331 0.816580
2.110007 0.162654 0.652722 0.476915
1.934140 0.598539 0.161233 0.408056
1.700600 0.655607 0.834883 0.330438
3.841258 0.641365 0.841381 1.216941
2.038854 0.342604 0.836313 0.439941
3.846274 0.845168 0.351496 1.233138
3.478734 0.388377 0.368104 1.044397
1.227726 0.683370 0.148301 0.194685
1.821460 0.633824 0.603028 0.371110
3.000500 0.833005 0.402315 0.853785
0.158023 0.353930 0.837465 0.009484
0.272049 0.845930 0.683007 0.034750
2.500265 0.396717 0.160765 0.619081
3.837176 0.155812 0.633849 1.212339
0.251887 0.162852 0.643851 0.028868
1.126047 0.161764 0.161759 0.175761
2.501054 0.160596 0.396583 0.627900
2.157753 0.844024 0.843859 0.510349
3.387439 0.156449 0.823089 1.005574
3.844454 0.652064 0.250877 1.219503
3.248511 0.668194 0.832251 0.948250
2.989711 0.831426 0.839294 0.847622
3.169828 0.838838 0.631320 0.928019
2.042475 0.836322 0.633856 0.468219
0.919095 0.373134 0.162657 0.114447
1.714203 0.372712 0.162237 0.329359
0.680192 0.150737 0.387016 0.086952
1.722344 0.845483 0.650805 0.358329
2.457543 0.836464 0.395552 0.627513
1.329622 0.148985 0.636540 0.229141
1.832071 0.160399 0.654313 0.379866
1.066381 0.853881 0.146112 0.172657
1.348183 0.559531 0.366657 0.220485
1.747580 0.166276 0.343652 0.352508
2.737472 0.686542 0.520316 0.728543
2.933075 0.148039 0.841450 0.805430
3.140298 0.364741 0.154228 0.891549
0.275036 0.641338 0.848579 0.020677
1.123646 0.356758 0.855424 0.159265
1.911070 0.157240 0.845218 0.405002
2.106213 0.376170 0.159028 0.466143
2.027720 0.635305 0.840640 0.442201
3.852576 0.143245 0.143245 1.219242
0.460855 0.555130 0.148586 0.037417
0.863329 0.853826 0.361843 0.128836
0.860915 0.355288 0.848962 0.101945
2.086350 0.149667 0.356367 0.470471
1.973228 0.144091 0.255892 0.430529
3.168544 0.614266 0.574083 0.910795
2.454995 0.156989 0.614735 0.609010
3.142915 0.335298 0.554175 0.893294
0.689973 0.660464 0.508681 0.077793
3.218112 0.652042 0.155645 0.934283
2.725859 0.841145 0.436649 0.737814
2.526402 0.636999 0.550900 0.637495
3.412161 0.146562 0.568364 1.018641
0.700464 0.352540 0.458291 0.074999
0.158763 0.645925 0.156428 0.011773
0.693791 0.509214 0.663299 0.071020
0.436235 0.387837 0.371576 0.035311
1.143876 0.292958 0.479814 0.169956
0.739739 0.667565 0.157472 0.086095
2.844057 0.690982 0.152281 0.773422
2.972175 0.144888 0.576629 0.824422
1.887882 0.847264 0.669579 0.414407
1.904294 0.571511 0.314070 0.396780
1.767584 0.646345 0.156319 0.353509
1.719172 0.346677 0.841861 0.329513
1.373376 0.343060 0.689624 0.226399
0.311122 0.859858 0.308813 0.040538
1.217763 0.146607 0.855508 0.198443
1.561107 0.356955 0.360449 0.282010
0.532954 0.846857 0.134775 0.068654
2.979762 0.459317 0.703145 0.821456
0.140403 0.744631 0.668094 0.015730
2.230566 0.682046 0.544198 0.523497
1.466612 0.861735 0.861690 0.279134
0.853015 0.656036 0.428556 0.107479
3.699772 0.841306 0.694471 1.165786
3.301371 0.351214 0.479648 0.964102
0.893350 0.312631 0.638100 0.112333
2.487038 0.567915 0.146247 0.617289
2.723361 0.562809 0.139365 0.714748
1.537499 0.336504 0.692510 0.274323
2.409456 0.838409 0.137782 0.607688
0.465645 0.857774 0.292541 0.060535
1.032831 0.855505 0.298228 0.165751
1.755210 0.355998 0.470082 0.343773
1.447168 0.847086 0.322723 0.273456
2.078651 0.353859 0.309971 0.456896
2.200976 0.501838 0.675989 0.502046
1.763655 0.523371 0.360954 0.346855
3.221829 0.363354 0.859362 0.926450
0.337207 0.145389 0.494863 0.039482
1.537861 0.687436 0.339113 0.283687
1.255869 0.136889 0.348424 0.211578
3.135370 0.568731 0.863240 0.892282
0.536388 0.294809 0.151800 0.051819
0.133198 0.257058 0.623610 0.013166
2.645318 0.345967 0.160307 0.678962
3.698925 0.695324 0.835383 1.154268
2.151833 0.849019 0.141214 0.509673
0.532961 0.865397 0.865398 0.070088
2.546639 0.312133 0.848787 0.636850
1.991724 0.691273 0.673659 0.434742
0.294406 0.161682 0.312803 0.033334
1.997232 0.862895 0.469579 0.455639
1.807295 0.549303 0.857910 0.359693
1.347261 0.596404 0.139632 0.221015
1.460920 0.862428 0.138662 0.278643
3.549469 0.368375 0.656712 1.076237
3.694305 0.140804 0.682322 1.146837
3.855329 0.367499 0.503778 1.217699
3.047828 0.693192 0.865221 0.860792
2.715953 0.486684 0.719652 0.708682
0.308539 0.285007 0.142149 0.025517
0.977231 0.146333 0.855425 0.142433
2.935638 0.432777 0.138554 0.802063
2.994409 0.865578 0.549891 0.854481
2.982047 0.518275 0.859109 0.822812
0.532964 0.130925 0.864982 0.064710
1.453032 0.313013 0.457338 0.251496
0.976198 0.590083 0.366934 0.129147
1.252080 0.354735 0.131471 0.193262
2.477684 0.505224 0.650274 0.611134
3.017829 0.260677 0.315817 0.839847
1.383799 0.703367 0.338627 0.239646
0.300338 0.300946 0.853925 0.023332
1.468851 0.133031 0.693142 0.269177
1.450784 0.139298 0.861842 0.261659
3.499507 0.264424 0.857870 1.052960
1.887592 0.688546 0.859414 0.396005
1.740059 0.136419 0.134084 0.352110
1.885012 0.142023 0.400100 0.400417
3.499569 0.858480 0.264219 1.076501
0.442132 0.678415 0.417569 0.042585
0.143457 0.365267 0.501771 0.009161
0.132022 0.620050 0.870055 0.008582
2.401161 0.265279 0.856470 0.579724
3.099827 0.710852 0.665858 0.886142
2.722337 0.130164 0.577010 0.719544
2.566978 0.704651 0.863913 0.657049
1.450254 0.704647 0.133935 0.258034
2.605949 0.851898 0.669414 0.688867
2.952598 0.516010 0.323742 0.811873
2.641397 0.278206 0.341857 0.679339
2.695112 0.513837 0.357912 0.701798
0.490256 0.137761 0.500929 0.059377
0.939711 0.135288 0.135984 0.136540
0.753574 0.134155 0.712379 0.100893
2.423667 0.140261 0.272092 0.598600
1.733323 0.794983 0.342899 0.356384
3.046956 0.241812 0.866052 0.850683
1.432307 0.307766 0.858533 0.242942
0.544484 0.136678 0.132577 0.066070
0.122851 0.875005 0.624449 0.020790
2.093983 0.527043 0.376524 0.463590
0.635374 0.868159 0.483124 0.088163
0.346936 0.497132 0.866379 0.022084
1.901002 0.859306 0.859281 0.419124
3.557960 0.140160 0.164286 1.084490
1.050885 0.865737 0.442934 0.171475
3.712186 0.277251 0.860812 1.150416
0.574979 0.411672 0.411620 0.053228
1.966829 0.503495 0.860027 0.413813
3.858331 0.711651 0.700920 1.229272
2.475122 0.693904 0.425705 0.620925
2.405713 0.145583 0.752388 0.589286
0.648473 0.482224 0.866916 0.061500
3.386824 0.475247 0.867491 1.002071
3.503706 0.583223 0.131922 1.059391
3.064749 0.725185 0.142142 0.871379
0.992515 0.291850 0.857282 0.132600
2.074744 0.575497 0.129958 0.457582
1.025631 0.261846 0.667838 0.143705
1.458102 0.497807 0.139707 0.249300
2.506271 0.431901 0.302280 0.622106
1.242525 0.828088 0.131841 0.213298
3.871606 0.129542 0.480568 1.229486
2.506190 0.302014 0.430966 0.623336
0.959588 0.872040 0.709563 0.150843
0.996740 0.730510 0.877480 0.141506
2.424960 0.272977 0.139783 0.591198
1.460113 0.417571 0.601864 0.249914
1.417157 0.872254 0.490129 0.268148
1.331979 0.258459 0.370727 0.220757
0.144472 0.690386 0.293620 0.013372
2.605874 0.316566 0.716362 0.662312
1.416583 0.490683 0.872324 0.234997
0.302882 0.449087 0.370549 0.019607
2.365459 0.750414 0.657920 0.581418
3.004606 0.126429 0.716953 0.838603
2.480510 0.712164 0.133980 0.623703
1.160388 0.472429 0.644608 0.168275
1.080694 0.414299 0.433904 0.150068
1.065051 0.703310 0.567385 0.156795
3.758997 0.678153 0.136151 1.180875
3.404380 0.874661 0.484061 1.035772
3.875915 0.872685 0.499751 1.249153
3.061046 0.858420 0.272196 0.882308
2.804623 0.137848 0.137709 0.753419
3.724952 0.124198 0.437630 1.162144
0.688427 0.134430 0.136777 0.088959
0.916087 0.128362 0.479719 0.133584
0.130429 0.122584 0.488360 0.020013
2.583515 0.130767 0.282424 0.663089
0.534019 0.281315 0.328592 0.053236
1.001766 0.129165 0.715581 0.150875
1.544143 0.144370 0.313601 0.291101
0.465845 0.732665 0.879790 0.047960
3.464901 0.869551 0.869561 1.061131
3.115744 0.337871 0.695624 0.880590
1.369314 0.866154 0.733883 0.252723
1.521037 0.286316 0.127832 0.272054
2.066841 0.285545 0.592081 0.454160
1.824445 0.340019 0.698096 0.366177
0.123128 0.124347 0.637601 0.019118
1.369158 0.734687 0.865976 0.236032
3.718872 0.861998 0.294720 1.176197
1.218526 0.200220 0.718807 0.194507
2.037831 0.627726 0.276388 0.447552
1.383981 0.137905 0.284231 0.245596
3.863658 0.279647 0.693035 1.221559
0.465848 0.881236 0.732696 0.062512
1.116966 0.745727 0.366514 0.173348
0.136222 0.601720 0.726774 0.008661
3.398166 0.685741 0.355052 1.017771
3.215492 0.516840 0.354923 0.927819
0.923446 0.612275 0.706331 0.118026
2.384149 0.861525 0.276055 0.601071
1.650771 0.139272 0.861930 0.321259
2.902666 0.598391 0.713446 0.792805
2.359505 0.259022 0.318478 0.566546
2.406617 0.728639 0.862465 0.594225
0.267868 0.349468 0.560927 0.019233
3.072591 0.867819 0.129570 0.887588
1.922530 0.877421 0.268792 0.430758
0.137294 0.689481 0.470183 0.013000
1.522216 0.875603 0.728799 0.298709
1.836045 0.860192 0.537988 0.398727
3.180527 0.584105 0.712801 0.914091
1.733334 0.875895 0.875903 0.364304
0.531951 0.120479 0.684815 0.066616
1.648734 0.862877 0.139771 0.336365
1.979798 0.124773 0.700394 0.433274
1.488768 0.601319 0.440304 0.262999
2.862878 0.676616 0.292387 0.781058
3.496554 0.821825 0.126049 1.071204
2.328844 0.280229 0.680899 0.552520
3.880860 0.494815 0.126550 1.230033
3.080502 0.714850 0.381341 0.878369
0.127376 0.498537 0.133266 0.004317
0.603540 0.699064 0.134363 0.065689
0.620789 0.868934 0.748498 0.085061
3.028854 0.133735 0.133842 0.849362
2.330269 0.730455 0.324372 0.566298
0.249699 0.511031 0.633479 0.014758
3.482804 0.140576 0.300900 1.050918
3.294968 0.869381 0.692774 0.986128
2.412243 0.865720 0.725636 0.612094
0.620534 0.749396 0.869022 0.071828
1.763298 0.578816 0.721061 0.347527
1.829178 0.276365 0.379321 0.371774
1.875781 0.736891 0.138253 0.397752
3.530149 0.479086 0.876145 1.067439
0.124002 0.878023 0.138501 0.021001
0.438331 0.370475 0.679380 0.035681
3.880881 0.528491 0.315442 1.231806
3.009943 0.311461 0.133387 0.834652
2.840501 0.867022 0.692175 0.788357
0.746984 0.880766 0.285690 0.109190
2.760626 0.722554 0.871097 0.739209
0.321676 0.537819 0.124930 0.020928
1.261150 0.880212 0.512181 0.225937
3.327657 0.707778 0.224615 0.987078
0.619383 0.433782 0.139555 0.058359
0.493386 0.493681 0.871938 0.039070
3.875188 0.878752 0.878742 1.248204
1.180909 0.875542 0.393091 0.204475
2.203747 0.509228 0.874718 0.501465
2.881232 0.407432 0.269926 0.778903
0.323962 0.876267 0.537818 0.043526
1.528259 0.650086 0.690774 0.276938
2.278953 0.650153 0.704650 0.539025
0.132422 0.482459 0.880710 0.004186
3.127456 0.879779 0.504536 0.913828
1.969688 0.240926 0.154477 0.421679
3.520120 0.119514 0.484761 1.068852
3.665414 0.869321 0.492959 1.152900
1.681477 0.460549 0.266411 0.318504
0.880291 0.687137 0.294689 0.115079
2.201188 0.127357 0.259491 0.514417
1.866659 0.874860 0.121855 0.410217
1.521949 0.734112 0.877054 0.280503
0.452877 0.725252 0.120225 0.046318
3.734103 0.357281 0.562622 1.161462
3.007874 0.126782 0.273019 0.841211
2.154007 0.876304 0.707948 0.514023
2.327093 0.496773 0.115874 0.550855
0.889981 0.875271 0.495632 0.137037
0.801833 0.123279 0.867598 0.109824
3.208472 0.694739 0.467572 0.933502
3.239430 0.131344 0.258373 0.942254
0.891979 0.487098 0.878746 0.105548
3.103732 0.127631 0.496296 0.882765
1.506029 0.131300 0.539900 0.281021
1.266580 0.509703 0.879870 0.193802
0.128306 0.881627 0.476269 0.021799
3.887158 0.748543 0.561872 1.245149
1.660166 0.725958 0.117815 0.324433
1.468300 0.467081 0.297928 0.252670
1.955733 0.536217 0.629907 0.412897
0.546092 0.325294 0.863198 0.050409
3.557508 0.123838 0.695806 1.084914
1.817157 0.674580 0.282615 0.372888
0.799536 0.879991 0.120280 0.118319
3.875344 0.120985 0.875822 1.229878
3.420528 0.150250 0.177629 1.021957
0.767220 0.257210 0.878072 0.090151
1.346752 0.520802 0.531801 0.218629
2.648594 0.128025 0.881228 0.686581
3.535116 0.881618 0.714790 1.094684
3.126983 0.678159 0.256353 0.895970
3.535175 0.715043 0.881634 1.080327
2.748841 0.480157 0.879622 0.721032
3.019912 0.287474 0.595116 0.839701
2.369218 0.868002 0.867993 0.594364
3.669855 0.487733 0.870825 1.131909
2.328775 0.115778 0.497987 0.563493
0.368587 0.446952 0.541823 0.026350
0.568688 0.498910 0.610838 0.051524
3.877023 0.575532 0.722611 1.231324
3.373514 0.468119 0.470563 0.997659
0.277802 0.124225 0.882016 0.033603
3.867919 0.485737 0.874726 1.223584
2.588617 0.564551 0.880913 0.656854
3.884908 0.633096 0.121008 1.236608
0.111119 0.493339 0.500000 0.004769
2.204370 0.260752 0.125015 0.506197
0.509844 0.130925 0.284931 0.062421
0.994925 0.553878 0.117578 0.130593
2.234834 0.695735 0.123479 0.525517
3.880322 0.865680 0.115922 1.249297
1.687109 0.127593 0.509699 0.336653
0.255778 0.873914 0.873914 0.034352
1.998997 0.463201 0.114741 0.426556
0.839273 0.549108 0.510230 0.099076
2.855584 0.302623 0.700361 0.767709
1.093584 0.613898 0.300598 0.157124
3.196940 0.877790 0.877798 0.942633
3.879094 0.287103 0.400392 1.229062
0.312160 0.143070 0.131127 0.036108
1.235128 0.280527 0.835634 0.191231
3.398488 0.731637 0.881497 1.019542
3.488775 0.361947 0.121207 1.047981
2.982111 0.361409 0.875404 0.820276
2.092295 0.281527 0.726321 0.462633
0.550156 0.756602 0.624054 0.063204
2.834308 0.587219 0.880894 0.761499
1.676024 0.117905 0.728861 0.332820
2.323444 0.885596 0.493676 0.580566
0.669076 0.245685 0.722683 0.075639
0.119497 0.875861 0.860046 0.020174
3.074888 0.615991 0.475040 0.869655
3.724527 0.435040 0.116801 1.156537
1.163969 0.123367 0.491033 0.190035
1.960990 0.376924 0.448707 0.413958
1.111945 0.372467 0.721661 0.157256
3.874470 0.500317 0.444684 1.228331
0.331968 0.739983 0.561169 0.033909
0.534809 0.232707 0.589845 0.056967
3.269039 0.344910 0.116325 0.948746
1.017832 0.439677 0.867418 0.132539
1.675494 0.260588 0.537338 0.321892
3.132545 0.328641 0.289183 0.888872
1.455850 0.736732 0.616216 0.263124
0.934799 0.871027 0.118324 0.144927
0.653917 0.331229 0.289099 0.068055
1.913593 0.292773 0.852112 0.396929
0.122260 0.121198 0.122264 0.019310
2.157052 0.119708 0.129493 0.498212
0.600241 0.882106 0.276356 0.083594
2.835749 0.593663 0.509528 0.764594
2.328171 0.572796 0.888950 0.552031
1.170286 0.604832 0.559028 0.175275
2.827782 0.124511 0.270890 0.764491
3.562533 0.289362 0.333368 1.083029
3.067139 0.873703 0.713358 0.886356
0.550443 0.625335 0.758277 0.052639
3.748062 0.342592 0.433648 1.168020
2.728644 0.879398 0.300457 0.743057
1.019616 0.294707 0.116822 0.139622
2.198705 0.113098 0.740751 0.512959
