0.9988085031509399
0.9998024106025696
0.9998003840446472
0.9996781349182129
0.9997020363807678
0.9961446523666382
0.9468873143196106
0.9455782771110535
0.9455422163009644
0.9457639455795288
0.9460777044296265
0.9462800621986389
0.9459406733512878
0.9350717067718506
0.9280927777290344
0.916364848613739
0.8705004453659058
0.8262613415718079
0.7420700192451477
0.6393800973892212
0.6350246071815491
0.5300084352493286
0.5409326553344727
0.41261574625968933
0.3753684461116791
0.2984173595905304
0.3036012351512909
0.27748188376426697
0.27255356311798096
0.24954524636268616
0.2398562729358673
0.21072858572006226
0.2071751207113266
0.19391213357448578
0.1911078840494156
0.1867283433675766
0.18166111409664154
0.18557633459568024
0.1784711331129074
0.17659854888916016
0.1802556961774826
0.16974949836730957
0.17874696850776672
0.16473694145679474
0.17245543003082275
0.1696433424949646
0.17142291367053986
0.16230277717113495
0.1663651466369629
0.16214942932128906
0.15790550410747528
0.15779423713684082
0.15840698778629303
0.15802337229251862
0.15500786900520325
0.16125431656837463
0.15569594502449036
0.15807019174098969
0.15275341272354126
0.15452201664447784
0.15422582626342773
0.1521984487771988
0.14732149243354797
0.1528085172176361
0.15294311940670013
0.14937464892864227
0.15188942849636078
0.1490531861782074
0.150530144572258
0.1462472528219223
0.14762011170387268
0.14668577909469604
0.14906276762485504
0.1465061455965042
0.1397552192211151
0.14583325386047363
0.14356528222560883
0.14527499675750732
0.14582036435604095
0.14646530151367188
0.14027974009513855
0.13102543354034424
0.1391008347272873
0.13356642425060272
0.13041312992572784
0.13565824925899506
0.1320532262325287
0.12140301614999771
0.12165481597185135
0.12515424191951752
0.12524433434009552
0.12185817211866379
0.11779020726680756
0.12079395353794098
0.12216002494096756
0.11957824975252151
0.11846067011356354
0.11807382106781006
0.11485159397125244
0.10881621390581131
0.11534833908081055
0.11557809263467789
0.11850661784410477
0.11442757397890091
0.10509469360113144
0.10568489134311676
0.10646113753318787
0.10746626555919647
0.10440343618392944
0.10587610304355621
0.10688167065382004
0.1035078912973404
0.10642801225185394
0.10718657821416855
0.10431128740310669
0.1034635603427887
0.10069436579942703
0.10661841928958893
0.10196150094270706
0.09956078976392746
0.10368553549051285
0.09905295819044113
0.09761609137058258
0.09774840623140335
0.09462250024080276
0.09745489060878754
0.09570502489805222
0.09882774949073792
0.0932064950466156
0.09440270811319351
0.096104197204113
0.0997064858675003
0.09295326471328735
0.09665355086326599
0.09194602072238922
0.09549133479595184
0.09456216543912888
0.0925992950797081
0.09262339025735855
0.09047646075487137
0.09268739819526672
0.08759681135416031
0.08994485437870026
0.08971609175205231
0.08930552005767822
0.08775346726179123
0.08920303732156754
0.0867324024438858
0.08809803426265717
0.08695393800735474
0.089717335999012
0.08719003945589066
0.08710592240095139
0.0868874341249466
0.08680873364210129
0.08500830829143524
0.08608634769916534
0.08645731955766678
0.08755079656839371
0.08420846611261368
0.08209846168756485
0.08357486128807068
0.0843389704823494
0.08405491709709167
0.08591151237487793
0.08448591083288193
0.0823492556810379
0.08275733888149261
0.08364111185073853
0.08427558094263077
0.08406177163124084
0.08426537364721298
0.08545984327793121
0.08456330746412277
0.08138702809810638
0.08059421926736832
0.081574447453022
0.0816073790192604
0.08205263316631317
0.08095616102218628
0.08143123984336853
0.08500189334154129
0.08376676589250565
0.0809239074587822
0.079581618309021
0.07993615418672562
0.08016864955425262
0.08016759157180786
0.08049920946359634
0.08081930875778198
0.08114911615848541
0.08094072341918945
0.08165881037712097
0.08025581389665604
0.07752136886119843
0.08088144659996033
0.08019093424081802
0.07976903766393661
0.07793567329645157
0.07873445749282837
