0.0006077035795897245
0.0006077035795897245
0.0006077035795897245
0.0006070845411159098
0.0006065343040972948
0.0005960103590041399
0.0005380257498472929
0.0005367188714444637
0.0005546025931835175
0.0005929151084274054
0.0006090792594477534
0.0005718673346564174
0.0004368450026959181
0.0010227442253381014
0.0007551757735200226
0.000620497390627861
0.0004274904204066843
0.0004895332967862487
0.0007924564997665584
0.0006522753974422812
0.0005341051146388054
8.260917093139142e-05
0.0006650691502727568
0.0011119565460830927
0.00026048370636999607
0.0001289693609578535
0.00021976378047838807
0.0001802131737349555
0.0003185371169820428
0.00029281203751452267
0.000441866199253127
0.0002496846718713641
0.0003073941625189036
0.000224303497816436
0.000240880370256491
0.00021040919818915427
0.00012463598977774382
0.00018970532983075827
0.00022512891155201942
0.00021047798509243876
0.00011046654981328174
0.0001420382468495518
0.00023482739925384521
0.00020614461391232908
0.00015249336138367653
0.00011466235446278006
0.00019121856894344091
0.0001615728106116876
0.00019513923325575888
0.0001853031717473641
0.00016680036787874997
0.00016796968702692538
0.00011865180567838252
0.00015153038839343935
0.0001330963714281097
0.00017285332432948053
0.00012903813330922276
0.00013089529238641262
0.00011713856656569988
8.749280823394656e-05
0.00012229733692947775
8.879970118869096e-05
0.00010145589476451278
0.00011032898328267038
0.00010241886047879234
0.00011775761959142983
0.00012800638796761632
9.217009937856346e-05
0.0001466467510908842
0.00012704341497737914
0.00013254610530566424
0.00013894298172090203
0.00015084256301634014
7.03656769474037e-05
0.0001051702129188925
6.431272049667314e-05
0.00010296913387719542
0.00014946688315831125
8.130227797664702e-05
0.00012167829117970541
5.7090433983830735e-05
7.531810115324333e-05
9.856697579380125e-05
8.05456584203057e-05
0.00010131832823390141
0.000103450620372314
0.00010950358409900218
7.33921624487266e-05
4.092627568752505e-05
6.417515396606177e-05
5.1243823691038415e-05
4.83549119962845e-05
1.8365235519013368e-05
5.0280854338780046e-05
6.678893259959295e-05
4.477816037251614e-05
0.00011397451453376561
7.119108340702951e-05
8.247160440078005e-05
7.896363968029618e-05
6.176772149046883e-05
9.437117842026055e-05
0.00011184222239535302
0.00010283156734658405
7.091595034580678e-05
8.776794857112691e-05
7.105351687641814e-05
9.292671893490478e-05
9.732887701829895e-05
8.934996731113642e-05
7.573080802103505e-05
8.501659613102674e-05
8.955632074503228e-05
8.921240078052506e-05
5.853488983120769e-05
7.84821531851776e-05
4.292100129532628e-05
6.500055314972997e-05
3.789979382418096e-05
7.03656769474037e-05
6.665136606898159e-05
8.343457739101723e-05
7.497418846469373e-05
6.981541082495824e-05
7.077838381519541e-05
5.550841160584241e-05
7.359850860666484e-05
7.84821531851776e-05
6.685771222691983e-05
8.01329588284716e-05
7.958269270602614e-05
8.728646207600832e-05
6.899000436533242e-05
7.765674672555178e-05
5.9635429352056235e-05
5.5852327932370827e-05
6.052961907698773e-05
5.537084143725224e-05
6.596352613996714e-05
4.120140874874778e-05
4.904274828732014e-05
6.0392048908397555e-05
6.733919872203842e-05
6.231799488887191e-05
7.325459591811523e-05
6.65825791656971e-05
5.9635429352056235e-05
7.937633927213028e-05
7.002176425885409e-05
6.011691584717482e-05
6.981541082495824e-05
5.3582469263346866e-05
6.837095133960247e-05
5.372003579395823e-05
5.674651765730232e-05
5.234436321188696e-05
7.428634853567928e-05
5.296341623761691e-05
4.807977529708296e-05
5.234436321188696e-05
3.968816963606514e-05
6.293704791460186e-05
6.183650839375332e-05
6.046083217370324e-05
5.206922651268542e-05
5.592111119767651e-05
5.42703055543825e-05
6.142380152596161e-05
5.64025976927951e-05
6.802703865105286e-05
7.03656769474037e-05
5.7296783779747784e-05
6.727041909471154e-05
5.97729958826676e-05
6.83021717122756e-05
5.550841160584241e-05
5.42703055543825e-05
4.986815110896714e-05
5.619624789687805e-05
5.523327490664087e-05
5.089990372653119e-05
5.6127464631572366e-05
5.241314647719264e-05
6.14925884292461e-05
4.883639485342428e-05
5.1450173486955464e-05
4.966180131305009e-05
4.931788134854287e-05
5.881002653040923e-05
3.838128031929955e-05
5.7090433983830735e-05
5.523327490664087e-05
5.268827953841537e-05
5.915394285693765e-05
5.3032199502922595e-05
5.475179204950109e-05
5.89475930610206e-05
4.711680594482459e-05
5.351368599804118e-05
5.440787208499387e-05
