0.0006077723810449243
0.0006077723810449243
0.0006076348363421857
0.0006058464641682804
0.000590301351621747
0.0006045395275577903
0.0005944971344433725
0.0005685656797140837
0.0018247616244480014
0.0006869423668831587
0.0013710645725950599
0.00014575256500393152
0.0005001259851269424
0.0012228358536958694
0.0007044133963063359
0.0006728417356498539
8.632348908577114e-05
0.00017546711023896933
7.511175499530509e-05
8.315943705383688e-05
2.5518736947560683e-05
1.650807826081291e-05
5.626503116218373e-05
0.00011225492926314473
0.00016879508621059358
3.1915617000777274e-05
5.055598740000278e-05
5.929151302552782e-05
8.742402860661969e-05
1.0455115443619434e-05
2.2629823433817364e-05
9.148225944954902e-05
4.9730584578355774e-05
2.489968392183073e-05
6.83021717122756e-05
9.91860288195312e-05
4.856126179220155e-05
7.710648060310632e-05
3.2190750062000006e-05
4.5397213398246095e-05
