0.9983239769935608
0.9989157319068909
0.9989156723022461
0.9987574815750122
0.9702389240264893
0.9451695680618286
0.944536566734314
0.9449593424797058
0.9450424313545227
0.9979502558708191
0.9468579888343811
0.840653657913208
0.752316415309906
0.5812784433364868
0.30489736795425415
0.20894983410835266
0.1779390275478363
0.07900972664356232
0.04939046502113342
0.009823898784816265
0.008670519106090069
0.017688097432255745
0.027789320796728134
0.026148289442062378
0.029360242187976837
0.033369239419698715
0.027053607627749443
0.042641229927539825
0.029986431822180748
0.05025139078497887
0.057116251438856125
0.07037725299596786
0.06884045153856277
0.06260047107934952
0.08328957110643387
0.07299532741308212
0.07799936830997467
0.0782429426908493
0.08529485017061234
0.08276008069515228
