0.000000 0.000000 1.000000 116.670349
0.000000 0.000000 0.000000 120.283508
0.000000 1.000000 1.000000 79.335854
0.000000 1.000000 0.000000 81.622025
4.000000 0.000000 1.000000 4.814247
4.000000 0.000000 0.000000 11.501730
4.000000 1.000000 1.000000 11.457704
4.000000 1.000000 0.000000 15.149314
0.000000 0.000000 0.125000 119.794640
0.000000 0.000000 0.250000 119.307884
0.000000 0.000000 0.375000 118.827278
0.000000 0.000000 0.500000 118.356628
0.000000 0.000000 0.625000 117.900345
0.000000 0.000000 0.750000 117.463707
0.000000 0.000000 0.875000 117.051865
0.000000 0.125000 1.000000 81.753799
0.000000 0.250000 1.000000 50.876354
0.000000 0.375000 1.000000 23.730898
0.000000 0.500000 1.000000 6.951486
0.000000 0.625000 1.000000 25.139311
0.000000 0.750000 1.000000 44.826180
0.000000 0.875000 1.000000 62.877460
0.000000 1.000000 0.125000 81.289978
0.000000 1.000000 0.250000 80.974174
0.000000 1.000000 0.375000 80.673157
0.000000 1.000000 0.500000 80.385361
0.000000 1.000000 0.625000 80.109116
0.000000 1.000000 0.750000 79.842842
0.000000 1.000000 0.875000 79.585495
0.000000 0.125000 0.000000 84.270302
0.000000 0.250000 0.000000 52.520138
0.000000 0.375000 0.000000 24.837349
0.000000 0.500000 0.000000 8.660261
0.000000 0.625000 0.000000 26.297197
0.000000 0.750000 0.000000 46.292763
0.000000 0.875000 0.000000 64.743416
4.000000 0.000000 0.125000 10.312593
4.000000 0.000000 0.250000 9.192594
4.000000 0.000000 0.375000 8.150745
4.000000 0.000000 0.500000 7.199705
4.000000 0.000000 0.625000 6.359839
4.000000 0.000000 0.750000 5.657989
4.000000 0.000000 0.875000 5.130163
4.000000 0.125000 1.000000 4.688007
4.000000 0.250000 1.000000 5.092193
4.000000 0.375000 1.000000 5.862613
4.000000 0.500000 1.000000 6.840705
4.000000 0.625000 1.000000 7.927586
4.000000 0.750000 1.000000 9.072263
4.000000 0.875000 1.000000 10.251678
4.000000 1.000000 0.125000 14.003335
4.000000 1.000000 0.250000 13.024467
4.000000 1.000000 0.375000 12.231209
4.000000 1.000000 0.500000 11.640838
4.000000 1.000000 0.625000 11.267211
4.000000 1.000000 0.750000 11.116424
4.000000 1.000000 0.875000 11.184257
4.000000 0.125000 0.000000 11.397803
4.000000 0.250000 0.000000 11.497317
4.000000 0.375000 0.000000 11.779137
4.000000 0.500000 0.000000 12.219613
4.000000 0.625000 0.000000 12.795471
4.000000 0.750000 0.000000 13.486036
4.000000 0.875000 0.000000 14.274746
0.133333 0.000000 0.000000 115.505089
0.266667 0.000000 0.000000 110.362221
0.400000 0.000000 0.000000 105.460762
0.533333 0.000000 0.000000 101.074043
0.666667 0.000000 0.000000 97.229866
0.800000 0.000000 0.000000 93.812431
0.933333 0.000000 0.000000 90.643562
1.066667 0.000000 0.000000 87.537010
1.200000 0.000000 0.000000 84.334160
1.333333 0.000000 0.000000 80.918350
1.466667 0.000000 0.000000 77.221741
1.600000 0.000000 0.000000 73.222359
1.733333 0.000000 0.000000 68.939003
1.866667 0.000000 0.000000 64.419029
2.000000 0.000000 0.000000 59.730068
2.133333 0.000000 0.000000 54.950237
2.266667 0.000000 0.000000 50.158157
2.400000 0.000000 0.000000 45.429218
2.533333 0.000000 0.000000 40.829403
2.666667 0.000000 0.000000 36.416889
2.800000 0.000000 0.000000 32.240028
2.933333 0.000000 0.000000 28.340590
3.066667 0.000000 0.000000 24.756273
3.200000 0.000000 0.000000 21.523125
3.333333 0.000000 0.000000 18.678076
3.466667 0.000000 0.000000 16.261005
3.600000 0.000000 0.000000 14.312346
3.733333 0.000000 0.000000 12.866199
3.866667 0.000000 0.000000 11.936535
0.133333 0.000000 1.000000 111.137642
0.266667 0.000000 1.000000 105.909302
0.400000 0.000000 1.000000 101.394539
0.533333 0.000000 1.000000 97.680931
0.666667 0.000000 1.000000 94.648453
0.800000 0.000000 1.000000 92.072182
0.933333 0.000000 1.000000 89.698212
1.066667 0.000000 1.000000 87.291397
1.200000 0.000000 1.000000 84.662605
1.333333 0.000000 1.000000 81.681389
1.466667 0.000000 1.000000 78.279434
1.600000 0.000000 1.000000 74.444160
1.733333 0.000000 1.000000 70.209511
1.866667 0.000000 1.000000 65.643967
2.000000 0.000000 1.000000 60.837193
2.133333 0.000000 1.000000 55.887146
2.266667 0.000000 1.000000 50.891640
2.400000 0.000000 1.000000 45.939388
2.533333 0.000000 1.000000 41.106304
2.666667 0.000000 1.000000 36.452274
2.800000 0.000000 1.000000 32.021629
2.933333 0.000000 1.000000 27.842951
3.066667 0.000000 1.000000 23.932127
3.200000 0.000000 1.000000 20.294825
3.333333 0.000000 1.000000 16.928865
3.466667 0.000000 1.000000 13.830414
3.600000 0.000000 1.000000 11.002053
3.733333 0.000000 1.000000 8.469173
3.866667 0.000000 1.000000 6.322167
0.133333 1.000000 0.000000 81.626511
0.266667 1.000000 0.000000 81.315063
0.400000 1.000000 0.000000 80.646332
0.533333 1.000000 0.000000 79.641212
0.666667 1.000000 0.000000 78.348686
0.800000 1.000000 0.000000 76.819618
0.933333 1.000000 0.000000 75.092361
1.066667 1.000000 0.000000 73.186989
1.200000 1.000000 0.000000 71.106270
1.333333 1.000000 0.000000 68.840836
1.466667 1.000000 0.000000 66.374481
1.600000 1.000000 0.000000 63.691727
1.733333 1.000000 0.000000 60.782482
1.866667 1.000000 0.000000 57.647236
2.000000 1.000000 0.000000 54.299431
2.133333 1.000000 0.000000 50.766766
2.266667 1.000000 0.000000 47.091572
2.400000 1.000000 0.000000 43.329220
2.533333 1.000000 0.000000 39.546322
2.666667 1.000000 0.000000 35.818195
2.800000 1.000000 0.000000 32.225483
2.933333 1.000000 0.000000 28.850666
3.066667 1.000000 0.000000 25.773046
3.200000 1.000000 0.000000 23.062349
3.333333 1.000000 0.000000 20.769663
3.466667 1.000000 0.000000 18.917521
3.600000 1.000000 0.000000 17.492825
3.733333 1.000000 0.000000 16.444035
3.866667 1.000000 0.000000 15.692532
0.133333 1.000000 1.000000 79.474594
0.266667 1.000000 1.000000 79.140793
0.400000 1.000000 1.000000 78.342743
0.533333 1.000000 1.000000 77.149384
0.666667 1.000000 1.000000 75.652756
0.800000 1.000000 1.000000 73.942566
0.933333 1.000000 1.000000 72.091293
1.066667 1.000000 1.000000 70.148323
1.200000 1.000000 1.000000 68.138908
1.333333 1.000000 1.000000 66.067398
1.466667 1.000000 1.000000 63.921173
1.600000 1.000000 1.000000 61.677032
1.733333 1.000000 1.000000 59.306568
1.866667 1.000000 1.000000 56.782356
2.000000 1.000000 1.000000 54.083015
2.133333 1.000000 1.000000 51.197044
2.266667 1.000000 1.000000 48.125774
2.400000 1.000000 1.000000 44.883934
2.533333 1.000000 1.000000 41.501083
2.666667 1.000000 1.000000 38.019024
2.800000 1.000000 1.000000 34.490829
2.933333 1.000000 1.000000 30.978750
3.066667 1.000000 1.000000 27.550171
3.200000 1.000000 1.000000 24.275927
3.333333 1.000000 1.000000 21.227343
3.466667 1.000000 1.000000 18.472633
3.600000 1.000000 1.000000 16.074951
3.733333 1.000000 1.000000 14.086740
3.866667 1.000000 1.000000 12.544101
0.000000 0.558921 0.884220 14.406557
0.000000 0.564095 0.110725 16.166862
0.000000 0.108253 0.562500 87.250008
0.000000 0.891747 0.562500 65.901855
0.000000 0.118928 0.309042 85.063751
0.000000 0.892985 0.309892 66.566322
0.000000 0.309447 0.889324 37.584682
0.000000 0.326592 0.118154 34.863247
0.000000 0.800574 0.875940 52.477531
0.000000 0.796658 0.109485 53.137234
0.000000 0.108253 0.812500 86.607788
0.000000 0.891953 0.437065 66.167580
0.000000 0.783528 0.499928 50.480812
0.000000 0.784498 0.623258 50.442688
0.000000 0.676412 0.560468 33.806778
0.000000 0.676588 0.435313 33.990967
0.000000 0.566987 0.500000 15.999806
0.000000 0.561959 0.643375 15.038784
0.000000 0.458734 0.562500 9.177955
0.000000 0.458734 0.437500 9.385508
0.000000 0.350481 0.500000 29.221588
0.000000 0.348496 0.621562 29.489624
0.000000 0.351344 0.376495 29.202194
0.000000 0.458878 0.312749 9.607780
0.000000 0.246021 0.437954 52.671398
0.000000 0.344980 0.253919 30.714579
0.000000 0.452380 0.188105 10.710899
0.000000 0.226926 0.207145 57.677727
0.000000 0.566791 0.248428 16.337072
0.000000 0.676769 0.177740 34.409023
0.000000 0.682117 0.301484 35.069267
0.000000 0.786875 0.237557 51.426128
0.000000 0.242228 0.562500 53.347744
0.000000 0.249624 0.686052 51.399666
0.000000 0.358118 0.757010 27.336298
0.000000 0.892504 0.686188 65.785034
0.000000 0.793057 0.743115 51.545303
0.000000 0.105086 0.437350 88.453789
0.000000 0.437500 0.891747 12.068763
0.000000 0.496767 0.769275 6.814274
0.000000 0.617280 0.772431 23.993427
0.000000 0.681635 0.882089 34.328465
0.000000 0.108253 0.687500 86.919991
0.000000 0.785051 0.371576 50.915730
0.000000 0.568349 0.372579 16.389318
0.000000 0.105706 0.187500 88.997826
0.000000 0.899105 0.806456 66.482399
0.000000 0.189047 0.901538 65.618759
0.000000 0.897173 0.191133 67.401443
0.000000 0.187499 0.099272 67.672951
0.000000 0.244770 0.325129 53.172329
0.000000 0.687192 0.685423 35.389923
0.000000 0.250073 0.798911 51.121281
0.000000 0.437500 0.084536 13.128547
0.000000 0.444815 0.670744 11.038539
0.000000 0.687500 0.077338 36.311985
0.000000 0.091506 0.908494 90.900200
0.000000 0.908494 0.091506 69.192230
0.000000 0.908494 0.908494 67.585442
0.000000 0.090759 0.090759 93.415558
0.000000 0.175240 0.625000 69.602997
0.000000 0.175240 0.500000 69.876732
0.000000 0.175110 0.382001 70.176445
0.000000 0.175452 0.739793 69.310516
0.000000 0.707292 0.790330 38.454609
4.000000 0.558921 0.884220 7.219163
4.000000 0.564095 0.110725 11.386525
4.000000 0.108253 0.562500 6.509270
4.000000 0.891747 0.562500 10.495716
4.000000 0.118928 0.309042 8.476171
4.000000 0.892985 0.309892 11.786203
4.000000 0.309447 0.889324 5.459280
4.000000 0.326592 0.118154 10.445411
4.000000 0.800574 0.875940 9.322799
4.000000 0.796658 0.109485 12.713184
4.000000 0.108253 0.812500 5.134144
4.000000 0.891953 0.437065 11.026673
4.000000 0.783528 0.499928 9.874771
4.000000 0.784498 0.623258 9.419570
4.000000 0.676412 0.560468 8.803520
4.000000 0.676588 0.435313 9.445717
4.000000 0.566987 0.500000 8.362409
4.000000 0.561959 0.643375 7.661582
4.000000 0.458734 0.562500 7.389696
4.000000 0.458734 0.437500 8.162779
4.000000 0.350481 0.500000 7.283323
4.000000 0.348496 0.621562 6.544245
4.000000 0.351344 0.376495 8.194931
4.000000 0.458878 0.312749 9.108333
4.000000 0.246021 0.437954 7.463117
4.000000 0.344980 0.253919 9.213758
4.000000 0.452380 0.188105 10.170408
4.000000 0.226926 0.207145 9.415874
4.000000 0.566791 0.248428 10.152661
4.000000 0.676769 0.177740 11.365596
4.000000 0.682117 0.301484 10.385913
4.000000 0.786875 0.237557 11.557230
4.000000 0.242228 0.562500 6.569097
4.000000 0.249624 0.686052 5.872420
4.000000 0.358118 0.757010 6.014274
4.000000 0.892504 0.686188 10.200842
4.000000 0.793057 0.743115 9.259457
4.000000 0.105086 0.437350 7.431260
4.000000 0.437500 0.891747 6.275676
4.000000 0.496767 0.769275 6.847613
4.000000 0.617280 0.772431 7.755520
4.000000 0.681635 0.882089 8.262695
4.000000 0.108253 0.687500 5.731761
4.000000 0.785051 0.371576 10.591029
4.000000 0.568349 0.372579 9.189154
4.000000 0.105706 0.187500 9.576850
4.000000 0.899105 0.806456 10.182486
4.000000 0.189047 0.901538 4.950003
4.000000 0.897173 0.191133 12.695492
4.000000 0.187499 0.099272 10.419674
4.000000 0.244770 0.325129 8.380203
4.000000 0.687192 0.685423 8.472708
4.000000 0.250073 0.798911 5.405382
4.000000 0.437500 0.084536 11.112700
4.000000 0.444815 0.670744 6.804975
4.000000 0.687500 0.077338 12.354896
4.000000 0.091506 0.908494 4.829483
4.000000 0.908494 0.091506 13.630357
4.000000 0.908494 0.908494 10.366914
4.000000 0.090759 0.090759 10.506531
4.000000 0.175240 0.625000 6.088924
4.000000 0.175240 0.500000 6.927781
4.000000 0.175110 0.382001 7.845073
4.000000 0.175452 0.739793 5.471079
4.000000 0.707292 0.790330 8.483143
0.733041 0.000000 0.884435 93.481544
2.730225 0.000000 0.107608 34.447266
1.133287 0.000000 0.115483 85.903923
2.066666 0.000000 0.885013 58.330723
3.131827 0.000000 0.110960 22.990353
1.533334 0.000000 0.115472 75.396805
2.466667 0.000000 0.884530 43.513321
3.399089 0.000000 0.882905 15.461407
0.466286 0.000000 0.115164 102.690285
0.114931 0.000000 0.556573 113.640694
3.893360 0.000000 0.439379 8.349314
2.865535 0.000000 0.883559 29.980875
2.330241 0.000000 0.108524 48.046097
1.942441 0.000000 0.117495 61.975231
1.400000 0.000000 0.884707 79.936684
3.530059 0.000000 0.107374 14.772931
0.733084 0.000000 0.110760 95.158737
3.132170 0.000000 0.882853 22.177298
1.133072 0.000000 0.884652 85.973129
1.666666 0.000000 0.884530 72.277931
0.466241 0.000000 0.884838 99.782524
3.664781 0.000000 0.877668 9.890061
0.108009 0.000000 0.321767 114.961662
3.899553 0.000000 0.690327 6.851143
3.791452 0.000000 0.113093 11.528399
0.205999 0.000000 0.888198 108.627426
0.195916 0.000000 0.124055 112.467163
0.333785 0.000000 0.884791 103.931084
0.399720 0.000000 0.770657 102.163673
0.532297 0.000000 0.770092 98.313728
0.465527 0.000000 0.656447 100.548927
0.597929 0.000000 0.655426 96.960716
0.530938 0.000000 0.541799 99.068283
0.663109 0.000000 0.540758 95.689247
0.596290 0.000000 0.431224 97.667763
0.728745 0.000000 0.431461 94.433563
0.795573 0.000000 0.540865 92.752586
0.861445 0.000000 0.431013 91.545906
0.928390 0.000000 0.540766 90.048462
0.459755 0.000000 0.433968 101.557358
0.994379 0.000000 0.430639 88.792862
1.061412 0.000000 0.540338 87.369568
1.127439 0.000000 0.426827 85.984673
1.194562 0.000000 0.539264 84.538231
1.260668 0.000000 0.428878 82.967728
1.327798 0.000000 0.539119 81.427498
1.393930 0.000000 0.428901 79.645096
1.461074 0.000000 0.538704 77.963211
1.527199 0.000000 0.425050 75.964058
1.594371 0.000000 0.537688 74.122086
1.660523 0.000000 0.427257 71.933830
1.727686 0.000000 0.537407 69.926926
1.793843 0.000000 0.427286 67.582764
1.861008 0.000000 0.537087 65.431664
1.927167 0.000000 0.426829 62.977715
1.994333 0.000000 0.536630 60.713047
2.060470 0.000000 0.420885 58.194595
2.127633 0.000000 0.536247 55.860527
2.193792 0.000000 0.419073 53.331657
2.260957 0.000000 0.535476 50.961197
2.327118 0.000000 0.418587 48.470097
2.395170 0.000000 0.534591 46.067810
2.460595 0.000000 0.417952 43.680042
2.528699 0.000000 0.534464 41.311134
2.593984 0.000000 0.417418 39.035397
2.661634 0.000000 0.533755 36.745266
2.727250 0.000000 0.416810 34.589180
2.794441 0.000000 0.531969 32.398464
2.860457 0.000000 0.415928 30.379103
2.927663 0.000000 0.531115 28.286009
2.993780 0.000000 0.415291 26.428894
3.060965 0.000000 0.530450 24.441599
3.127121 0.000000 0.414479 22.763971
3.194213 0.000000 0.529755 20.885271
3.260314 0.000000 0.413954 19.406397
3.327317 0.000000 0.528909 17.630899
3.393425 0.000000 0.413791 16.371454
3.460158 0.000000 0.528181 14.694326
3.525955 0.000000 0.413637 13.694276
3.592116 0.000000 0.527646 12.110152
0.930080 0.000000 0.314710 90.251205
1.329757 0.000000 0.313791 81.198128
1.728822 0.000000 0.310849 69.572678
2.126601 0.000000 0.304029 55.653812
2.526591 0.000000 0.301956 41.312489
2.926563 0.000000 0.300119 28.442286
3.327029 0.000000 0.298751 18.074472
2.729932 0.000000 0.651159 34.444027
3.526802 0.000000 0.641913 13.062951
2.330694 0.000000 0.653033 48.455067
1.928190 0.000000 0.651097 63.198097
3.261046 0.000000 0.646326 19.052677
2.994836 0.000000 0.646218 26.225641
0.996427 0.000000 0.654419 88.637634
1.528234 0.000000 0.652896 76.211594
1.262938 0.000000 0.653709 83.060081
3.655389 0.000000 0.412361 11.455680
0.333952 0.000000 0.657353 104.799095
3.656872 0.000000 0.640372 10.599240
0.663909 0.000000 0.314977 96.291191
3.591245 0.000000 0.305086 12.936653
3.698406 0.000000 0.311293 11.302943
3.594720 0.000000 0.757539 11.459868
3.719820 0.000000 0.755530 9.173549
3.802511 0.000000 0.873260 7.518976
3.658719 0.000000 0.194503 12.459746
3.462428 0.000000 0.760181 14.194331
3.713131 0.000000 0.520322 10.102679
0.268848 0.000000 0.771371 106.685913
0.124892 0.000000 0.787877 112.276306
0.201388 0.000000 0.664817 109.717545
0.255147 0.000000 0.547794 108.152321
0.180487 0.000000 0.436793 111.564140
0.317581 0.000000 0.440307 106.318611
3.531281 0.000000 0.879715 12.546018
3.328218 0.000000 0.767777 17.260237
0.332663 0.000000 0.116279 107.302406
0.419232 0.000000 0.228809 103.732727
0.557359 0.000000 0.219502 99.476379
0.288986 0.000000 0.232661 108.351349
0.599706 0.000000 0.884771 96.343590
0.603872 0.000000 0.107934 98.571487
0.393817 0.000000 0.546278 103.216682
3.459616 0.000000 0.305786 15.294346
3.393802 0.000000 0.184340 16.947262
3.239756 0.000000 0.198413 20.254175
3.190003 0.000000 0.307332 21.284124
0.665385 0.000000 0.769658 95.104042
0.798529 0.000000 0.769308 92.351440
3.059315 0.000000 0.306763 24.685463
2.992628 0.000000 0.184328 26.608469
2.839249 0.000000 0.198928 31.075882
0.866014 0.000000 0.884691 90.961777
0.999511 0.000000 0.884723 88.526886
1.064556 0.000000 0.769401 87.296219
0.866580 0.000000 0.109712 91.983475
0.798263 0.000000 0.227574 93.305710
0.999946 0.000000 0.109561 88.959335
1.066619 0.000000 0.230922 87.367584
1.220544 0.000000 0.219079 83.837166
1.270082 0.000000 0.108352 82.594162
3.128107 0.000000 0.645574 22.493876
3.063117 0.000000 0.763596 24.179737
2.928722 0.000000 0.761978 28.104872
1.400573 0.000000 0.109138 79.174156
1.466676 0.000000 0.230945 77.459122
1.620382 0.000000 0.218261 72.892555
1.984157 0.000000 0.303201 60.786816
2.052548 0.000000 0.194925 58.177719
2.192737 0.000000 0.188015 53.102604
2.393308 0.000000 0.308226 46.006348
2.439292 0.000000 0.201237 44.285530
2.592729 0.000000 0.186182 38.987701
2.333333 0.000000 0.884530 48.398773
2.399560 0.000000 0.768967 45.954460
2.532847 0.000000 0.769283 41.157814
2.265271 0.000000 0.769907 50.903725
2.196567 0.000000 0.652852 53.402092
2.464083 0.000000 0.652560 43.612473
2.199767 0.000000 0.885235 53.374084
2.599919 0.000000 0.884567 38.779919
2.665230 0.000000 0.769146 36.566574
2.732529 0.000000 0.884598 34.268620
1.266385 0.000000 0.884717 83.147377
1.331582 0.000000 0.769215 81.534508
1.533333 0.000000 0.884737 76.312660
1.600000 0.000000 0.769060 74.227180
1.733331 0.000000 0.769061 70.012230
1.799999 0.000000 0.884557 67.882111
1.933333 0.000000 0.884643 63.202145
1.999553 0.000000 0.768976 60.728748
3.000000 0.000000 0.884530 25.908710
1.801519 0.000000 0.110481 66.838394
1.863901 0.000000 0.229491 64.899406
2.659994 0.000000 0.307204 36.791466
2.259962 0.000000 0.309804 50.812691
1.670317 0.000000 0.107199 71.157120
2.862236 0.000000 0.648793 30.210867
2.062767 0.000000 0.652253 58.333481
2.789954 0.000000 0.309847 32.593033
1.866200 0.000000 0.768974 65.495659
3.196554 0.000000 0.765495 20.559376
1.794864 0.000000 0.651238 67.831802
3.394328 0.000000 0.645548 15.894734
1.662103 0.000000 0.652032 72.175415
3.896419 0.000000 0.317413 9.180941
3.898439 0.000000 0.565053 7.522679
1.465943 0.000000 0.769640 78.083122
1.396261 0.000000 0.653881 79.810661
1.197828 0.000000 0.769079 84.578461
0.730478 0.000000 0.654942 93.922234
1.129281 0.000000 0.653915 85.976501
0.863453 0.000000 0.655042 91.219444
0.931415 0.000000 0.769597 89.826324
3.264894 0.000000 0.883172 18.700642
2.797656 0.000000 0.768939 32.189964
2.597071 0.000000 0.651728 38.928307
2.131765 0.000000 0.769039 55.863392
0.095206 0.000000 0.192924 116.048454
3.901255 0.000000 0.190283 10.138636
3.785311 0.000000 0.634058 8.558026
3.783604 0.000000 0.392491 9.772805
3.902367 0.000000 0.812500 6.310148
0.228068 0.000000 0.336934 110.171806
0.388007 0.000000 0.342687 104.279587
0.090768 0.000000 0.675018 114.117706
0.521627 0.000000 0.333996 100.080383
0.671297 0.000000 0.196150 96.463638
0.796488 0.000000 0.343947 93.099236
0.932297 0.000000 0.198496 90.355225
1.062426 0.000000 0.348355 87.402939
1.177909 0.000000 0.327975 84.852692
1.337526 0.000000 0.196261 80.916420
3.799751 0.000000 0.249988 10.485123
1.462203 0.000000 0.347307 77.714149
1.577634 0.000000 0.326611 74.347672
1.736988 0.000000 0.195256 69.128426
1.859578 0.000000 0.339531 65.215660
2.081078 0.000000 0.092997 56.989658
2.200811 0.000000 0.077907 52.649082
3.666667 0.000000 0.081537 13.010051
2.323108 0.000000 0.223161 48.440182
0.098887 0.000000 0.903132 112.904846
0.077407 0.000000 0.437500 115.646942
2.482599 0.000000 0.096207 42.671528
2.601111 0.000000 0.078000 38.629261
3.526688 0.000000 0.219418 14.362658
2.722430 0.000000 0.221954 34.732922
2.882573 0.000000 0.095187 29.787109
3.398106 0.000000 0.074258 17.198135
3.001405 0.000000 0.078095 26.425879
3.122706 0.000000 0.221559 23.092655
3.274900 0.000000 0.087272 19.676670
0.089414 0.000000 0.089117 116.746506
3.907993 0.000000 0.089530 10.952761
3.914309 0.000000 0.912152 5.863142
3.816852 0.000000 0.500000 8.778182
3.822332 0.000000 0.756349 7.561059
1.962550 0.000000 0.210652 61.416328
0.179351 0.000000 0.244373 112.523109
0.733041 1.000000 0.884435 75.226814
2.730225 1.000000 0.107608 34.042854
1.133287 1.000000 0.115483 71.970856
2.066666 1.000000 0.885013 52.640923
3.131827 1.000000 0.110960 24.101688
1.533334 1.000000 0.115472 64.934425
2.466667 1.000000 0.884530 42.850140
3.399089 1.000000 0.882905 19.281584
0.466286 1.000000 0.115164 79.948929
0.114931 1.000000 0.556573 80.388374
3.893360 1.000000 0.439379 12.499206
2.865535 1.000000 0.883559 32.184834
2.330241 1.000000 0.108524 45.328133
1.942441 1.000000 0.117495 55.740345
1.400000 1.000000 0.884707 65.428612
3.530059 1.000000 0.107374 17.504358
0.733084 1.000000 0.110760 77.395332
3.132170 1.000000 0.882853 25.309906
1.133072 1.000000 0.884652 69.625168
1.666666 1.000000 0.884530 60.802052
0.466241 1.000000 0.884838 78.107559
3.664781 1.000000 0.877668 14.620288
0.108009 1.000000 0.321767 80.896317
3.899553 1.000000 0.690327 11.826796
3.791452 1.000000 0.113093 15.137101
0.205999 1.000000 0.888198 79.588516
0.195916 1.000000 0.124055 81.242935
0.333785 1.000000 0.884791 79.066689
0.399720 1.000000 0.770657 78.920853
0.532297 1.000000 0.770092 77.820541
0.465527 1.000000 0.656447 78.709366
0.597929 1.000000 0.655426 77.489868
0.530938 1.000000 0.541799 78.440895
0.663109 1.000000 0.540758 77.117950
0.596290 1.000000 0.431224 78.104073
0.728745 1.000000 0.431461 76.677551
0.795573 1.000000 0.540865 75.561249
0.861445 1.000000 0.431013 75.045952
0.928390 1.000000 0.540766 73.824936
0.459755 1.000000 0.433968 79.293808
0.994379 1.000000 0.430639 73.245522
1.061412 1.000000 0.540338 71.942810
1.127439 1.000000 0.426827 71.306526
1.194562 1.000000 0.539264 69.928841
1.260668 1.000000 0.428878 69.201874
1.327798 1.000000 0.539119 67.773674
1.393930 1.000000 0.428901 66.944664
1.461074 1.000000 0.538704 65.466133
1.527199 1.000000 0.425050 64.519211
1.594371 1.000000 0.537688 62.986443
1.660523 1.000000 0.427257 61.883453
1.727686 1.000000 0.537407 60.312016
1.793843 1.000000 0.427286 59.042850
1.861008 1.000000 0.537087 57.431778
1.927167 1.000000 0.426829 55.987476
1.994333 1.000000 0.536630 54.342312
2.060470 1.000000 0.420885 52.723862
2.127633 1.000000 0.536247 51.053673
2.193792 1.000000 0.419073 49.268410
2.260957 1.000000 0.535476 47.586739
2.327118 1.000000 0.418587 45.659626
2.395170 1.000000 0.534591 43.954147
2.460595 1.000000 0.417952 41.940430
2.528699 1.000000 0.534464 40.248844
2.593984 1.000000 0.417418 38.175880
2.661634 1.000000 0.533755 36.526115
2.727250 1.000000 0.416810 34.433506
2.794441 1.000000 0.531969 32.837276
2.860457 1.000000 0.415928 30.783171
2.927663 1.000000 0.531115 29.244328
2.993780 1.000000 0.415291 27.296137
3.060965 1.000000 0.530450 25.828037
3.127121 1.000000 0.414479 24.048937
3.194213 1.000000 0.529755 22.663260
3.260314 1.000000 0.413954 21.114710
3.327317 1.000000 0.528909 19.817831
3.393425 1.000000 0.413791 18.550064
3.460158 1.000000 0.528181 17.349308
3.525955 1.000000 0.413637 16.403456
3.592116 1.000000 0.527646 15.303081
0.930080 1.000000 0.314710 74.454750
1.329757 1.000000 0.313791 68.339668
1.728822 1.000000 0.310849 60.607742
2.126601 1.000000 0.304029 50.993660
2.526591 1.000000 0.301956 39.907177
2.926563 1.000000 0.300119 28.883112
3.327029 1.000000 0.298751 19.882866
2.729932 1.000000 0.651159 34.960846
3.526802 1.000000 0.641913 16.295452
2.330694 1.000000 0.653033 45.898979
1.928190 1.000000 0.651097 55.828300
3.261046 1.000000 0.646326 21.418633
2.994836 1.000000 0.646218 27.822369
0.996427 1.000000 0.654419 72.498138
1.528234 1.000000 0.652896 63.945728
1.262938 1.000000 0.653709 68.469284
3.655389 1.000000 0.412361 14.719881
0.333952 1.000000 0.657353 79.591568
3.656872 1.000000 0.640372 14.375881
0.663909 1.000000 0.314977 77.697357
3.591245 1.000000 0.305086 15.835155
3.698406 1.000000 0.311293 14.646113
3.594720 1.000000 0.757539 15.380557
3.719820 1.000000 0.755530 13.637119
3.802511 1.000000 0.873260 12.861938
3.658719 1.000000 0.194503 15.634332
3.462428 1.000000 0.760181 17.632164
3.713131 1.000000 0.520322 13.809090
0.268848 1.000000 0.771371 79.637619
0.124892 1.000000 0.787877 79.907867
0.201388 1.000000 0.664817 80.069542
0.255147 1.000000 0.547794 80.171806
0.180487 1.000000 0.436793 80.589455
0.317581 1.000000 0.440307 80.155014
3.531281 1.000000 0.879715 16.762423
3.328218 1.000000 0.767777 20.323044
0.332663 1.000000 0.116279 80.780647
0.419232 1.000000 0.228809 80.039764
0.557359 1.000000 0.219502 78.970428
0.288986 1.000000 0.232661 80.725830
0.599706 1.000000 0.884771 76.795670
0.603872 1.000000 0.107934 78.773026
0.393817 1.000000 0.546278 79.494972
3.459616 1.000000 0.305786 17.633423
3.393802 1.000000 0.184340 19.025747
3.239756 1.000000 0.198413 21.717958
3.190003 1.000000 0.307332 22.610283
0.665385 1.000000 0.769658 76.416031
0.798529 1.000000 0.769308 74.788406
3.059315 1.000000 0.306763 25.579348
2.992628 1.000000 0.184328 27.198431
2.839249 1.000000 0.198928 31.114889
0.866014 1.000000 0.884691 73.478729
0.999511 1.000000 0.884723 71.598587
1.064556 1.000000 0.769401 71.093964
0.866580 1.000000 0.109712 75.769768
0.798263 1.000000 0.227574 76.367371
0.999946 1.000000 0.109561 73.961319
1.066619 1.000000 0.230922 72.732178
1.220544 1.000000 0.219079 70.376045
1.270082 1.000000 0.108352 69.773003
3.128107 1.000000 0.645574 24.485214
3.063117 1.000000 0.763596 26.504450
2.928722 1.000000 0.761978 29.976254
1.400573 1.000000 0.109138 67.477844
1.466676 1.000000 0.230945 66.048615
1.620382 1.000000 0.218261 63.031303
1.984157 1.000000 0.303201 54.648510
2.052548 1.000000 0.194925 52.919689
2.192737 1.000000 0.188015 49.180508
2.393308 1.000000 0.308226 43.690208
2.439292 1.000000 0.201237 42.289085
2.592729 1.000000 0.186182 37.913036
2.333333 1.000000 0.884530 46.271252
2.399560 1.000000 0.768967 44.307945
2.532847 1.000000 0.769283 40.743904
2.265271 1.000000 0.769907 47.782997
2.196567 1.000000 0.652852 49.383671
2.464083 1.000000 0.652560 42.303783
2.199767 1.000000 0.885235 49.550369
2.599919 1.000000 0.884567 39.324108
2.665230 1.000000 0.769146 37.137512
2.732529 1.000000 0.884598 35.759686
1.266385 1.000000 0.884717 67.573265
1.331582 1.000000 0.769215 66.959518
1.533333 1.000000 0.884737 63.181091
1.600000 1.000000 0.769060 62.322994
1.733331 1.000000 0.769061 59.785976
1.799999 1.000000 0.884557 58.264175
1.933333 1.000000 0.884643 55.547577
1.999553 1.000000 0.768976 54.160503
3.000000 1.000000 0.884530 28.653074
1.801519 1.000000 0.110481 59.148464
1.863901 1.000000 0.229491 57.606167
2.659994 1.000000 0.307204 36.137009
2.259962 1.000000 0.309804 47.403965
1.670317 1.000000 0.107199 62.099930
2.862236 1.000000 0.648793 31.337730
2.062767 1.000000 0.652253 52.692650
2.789954 1.000000 0.309847 32.531830
1.866200 1.000000 0.768974 57.075619
3.196554 1.000000 0.765495 23.260088
1.794864 1.000000 0.651238 58.731655
3.394328 1.000000 0.645548 18.662853
1.662103 1.000000 0.652032 61.422184
3.896419 1.000000 0.317413 13.096718
3.898439 1.000000 0.565053 12.040036
1.465943 1.000000 0.769640 64.707542
1.396261 1.000000 0.653881 66.266571
1.197828 1.000000 0.769079 69.082726
0.730478 1.000000 0.654942 76.008614
1.129281 1.000000 0.653915 70.548958
0.863453 1.000000 0.655042 74.326042
0.931415 1.000000 0.769597 73.001976
3.264894 1.000000 0.883172 22.173021
2.797656 1.000000 0.768939 33.523094
2.597071 1.000000 0.651728 38.639805
2.131765 1.000000 0.769039 51.077366
0.095206 1.000000 0.192924 81.189690
3.901255 1.000000 0.190283 13.916913
3.785311 1.000000 0.634058 12.888614
3.783604 1.000000 0.392491 13.518152
3.902367 1.000000 0.812500 11.813970
0.228068 1.000000 0.336934 80.703308
0.388007 1.000000 0.342687 79.990120
0.090768 1.000000 0.675018 80.135582
0.521627 1.000000 0.333996 79.026337
0.671297 1.000000 0.196150 77.894707
0.796488 1.000000 0.343947 76.102005
0.932297 1.000000 0.198496 74.708527
1.062426 1.000000 0.348355 72.497955
1.177909 1.000000 0.327975 70.797935
1.337526 1.000000 0.196261 68.454758
3.799751 1.000000 0.249988 14.129121
1.462203 1.000000 0.347307 65.904457
1.577634 1.000000 0.326611 63.731663
1.736988 1.000000 0.195256 60.552509
1.859578 1.000000 0.339531 57.632957
2.081078 1.000000 0.092997 52.169746
2.200811 1.000000 0.077907 48.930489
3.666667 1.000000 0.081537 16.297405
2.323108 1.000000 0.223161 45.589561
0.098887 1.000000 0.903132 79.675194
0.077407 1.000000 0.437500 80.632286
2.482599 1.000000 0.096207 40.996109
2.601111 1.000000 0.078000 37.630878
3.526688 1.000000 0.219418 16.985506
2.722430 1.000000 0.221954 34.302181
2.882573 1.000000 0.095187 30.001137
3.398106 1.000000 0.074258 19.419699
3.001405 1.000000 0.078095 27.090841
3.122706 1.000000 0.221559 24.137526
3.274900 1.000000 0.087272 21.365988
0.089414 1.000000 0.089117 81.436226
3.907993 1.000000 0.089530 14.693272
3.914309 1.000000 0.912152 11.867942
3.816852 1.000000 0.500000 12.853795
3.822332 1.000000 0.756349 12.497594
1.962550 1.000000 0.210652 55.211445
0.179351 1.000000 0.244373 81.006973
0.733041 0.884435 0.000000 63.020420
2.731122 0.109834 0.000000 26.360748
1.133299 0.115471 0.000000 63.088833
2.066667 0.115470 0.000000 42.530285
3.131823 0.111047 0.000000 18.430658
1.533327 0.884527 0.000000 52.461552
2.466952 0.883184 0.000000 33.341145
3.399087 0.882906 0.000000 17.134336
0.464594 0.112994 0.000000 74.946281
0.116922 0.554763 0.000000 15.938713
3.893373 0.439379 0.000000 11.900095
2.865674 0.884069 0.000000 24.872353
1.933332 0.884529 0.000000 45.134361
1.666667 0.110202 0.000000 53.435104
1.133299 0.884515 0.000000 58.336163
3.529893 0.107335 0.000000 13.453223
0.738401 0.107652 0.000000 70.849556
3.132168 0.882853 0.000000 20.268549
2.200000 0.884530 0.000000 39.455147
1.400001 0.110334 0.000000 59.262550
2.346194 0.112938 0.000000 35.487541
0.466241 0.884838 0.000000 65.287636
3.664778 0.877667 0.000000 15.314197
0.116137 0.315608 0.000000 35.623627
3.899588 0.690145 0.000000 13.188153
3.791449 0.113092 0.000000 11.788094
0.205999 0.888198 0.000000 66.715340
0.208879 0.110301 0.000000 82.319412
0.333785 0.884791 0.000000 65.942986
0.399720 0.770657 0.000000 49.752705
0.532297 0.770092 0.000000 49.084530
0.464940 0.656391 0.000000 32.726852
0.597831 0.655417 0.000000 32.154465
0.530236 0.541732 0.000000 15.875581
0.662942 0.540816 0.000000 15.597415
0.594661 0.425889 0.000000 12.589676
0.728446 0.430584 0.000000 11.966064
0.795496 0.540729 0.000000 15.208686
0.861382 0.430846 0.000000 11.841479
0.928367 0.540715 0.000000 14.715104
0.455571 0.425422 0.000000 12.872038
0.994365 0.430601 0.000000 11.752302
1.061405 0.540324 0.000000 14.144032
1.127438 0.426825 0.000000 11.962892
1.194557 0.539002 0.000000 13.487707
1.260663 0.428833 0.000000 11.525789
1.327791 0.539028 0.000000 13.015527
1.393921 0.428878 0.000000 11.195251
1.461065 0.538728 0.000000 12.541700
1.527209 0.428419 0.000000 10.825040
1.594363 0.538076 0.000000 12.059835
1.660515 0.427941 0.000000 10.390580
1.727676 0.537661 0.000000 11.618964
1.793832 0.427383 0.000000 9.931380
1.860996 0.537194 0.000000 11.186827
1.927156 0.426919 0.000000 9.477719
1.994321 0.536634 0.000000 10.765225
2.060465 0.422754 0.000000 9.307913
2.127647 0.535615 0.000000 10.342984
2.193808 0.425128 0.000000 8.827456
2.260979 0.535435 0.000000 10.031799
2.327116 0.419588 0.000000 8.876416
2.394304 0.533495 0.000000 9.701277
2.460442 0.417934 0.000000 8.837889
2.527633 0.532490 0.000000 9.541923
2.593773 0.417117 0.000000 8.893929
2.660966 0.532214 0.000000 9.541480
2.727105 0.416482 0.000000 9.066801
2.794298 0.531656 0.000000 9.661818
2.860437 0.415880 0.000000 9.340134
2.927629 0.531057 0.000000 9.903944
2.993807 0.415278 0.000000 9.686026
3.060948 0.530442 0.000000 10.242930
3.127083 0.414689 0.000000 10.072613
3.194196 0.529787 0.000000 10.640911
3.260298 0.414166 0.000000 10.469826
3.327304 0.528948 0.000000 11.055790
3.393244 0.413753 0.000000 10.849265
3.460152 0.528249 0.000000 11.450738
3.525748 0.413562 0.000000 11.187931
3.592080 0.527425 0.000000 11.789518
0.930089 0.314681 0.000000 28.715738
1.862139 0.310559 0.000000 21.928179
2.526579 0.301987 0.000000 15.596533
2.926650 0.300095 0.000000 12.861923
3.326530 0.298927 0.000000 11.634364
2.728968 0.648850 0.000000 14.665682
3.526787 0.641886 0.000000 12.663903
1.794854 0.651698 0.000000 23.092590
3.261034 0.646338 0.000000 12.663093
1.394928 0.653471 0.000000 26.454336
2.994815 0.646196 0.000000 13.177507
0.996422 0.654408 0.000000 29.525976
2.329736 0.649452 0.000000 18.026566
2.061505 0.650488 0.000000 20.615280
3.655349 0.412092 0.000000 11.461921
0.332745 0.657748 0.000000 33.009350
3.656900 0.639928 0.000000 12.753299
0.654923 0.318695 0.000000 29.288139
1.329754 0.313779 0.000000 26.637981
1.596374 0.313325 0.000000 24.405758
2.259917 0.303173 0.000000 18.189783
3.590991 0.304961 0.000000 11.425382
3.698343 0.311214 0.000000 11.441421
3.594718 0.757460 0.000000 14.019116
3.719857 0.755259 0.000000 13.809176
3.802515 0.873221 0.000000 14.760043
3.658642 0.194484 0.000000 11.841224
3.462419 0.760169 0.000000 14.380944
3.713196 0.519984 0.000000 11.998341
0.268472 0.771742 0.000000 50.144833
0.124575 0.788297 0.000000 52.457611
0.200927 0.664990 0.000000 33.833588
0.254433 0.547863 0.000000 15.923423
0.187603 0.429354 0.000000 13.316375
0.323058 0.426124 0.000000 13.155060
0.393497 0.542547 0.000000 15.801633
0.388066 0.312147 0.000000 32.634388
0.258079 0.315489 0.000000 33.545216
0.331516 0.195143 0.000000 58.564461
0.523153 0.316799 0.000000 30.497494
0.565192 0.211926 0.000000 51.053589
3.531278 0.879700 0.000000 16.061054
3.328209 0.767782 0.000000 15.080384
0.599706 0.884771 0.000000 64.296944
3.459234 0.305746 0.000000 11.441948
3.392885 0.184099 0.000000 13.270360
3.239626 0.198686 0.000000 14.133721
0.665369 0.769657 0.000000 48.143551
0.798527 0.769308 0.000000 47.004299
3.190023 0.307533 0.000000 11.722766
3.059464 0.306873 0.000000 12.078985
2.992788 0.184374 0.000000 17.332232
2.839439 0.199270 0.000000 18.655409
0.866014 0.884691 0.000000 61.634239
0.999549 0.884701 0.000000 60.061794
1.064831 0.769239 0.000000 44.439693
1.199963 0.769077 0.000000 43.004951
0.867502 0.109191 0.000000 68.446243
0.819154 0.218984 0.000000 46.916283
1.000125 0.109470 0.000000 66.347733
1.066619 0.230899 0.000000 42.530506
1.220548 0.219070 0.000000 43.092644
3.128095 0.645572 0.000000 12.806050
3.063107 0.763591 0.000000 16.883007
2.928710 0.761975 0.000000 18.223099
2.789951 0.308857 0.000000 13.212910
1.266647 0.884750 0.000000 56.544300
1.399992 0.884788 0.000000 54.594597
1.466666 0.769058 0.000000 40.001312
1.599992 0.769063 0.000000 38.367905
1.270091 0.107488 0.000000 62.246849
1.666663 0.884608 0.000000 50.201954
1.799999 0.884621 0.000000 47.759960
1.866667 0.769059 0.000000 34.757790
1.999551 0.768810 0.000000 32.758003
2.659381 0.308449 0.000000 14.086514
2.592715 0.186178 0.000000 23.492476
2.453692 0.193051 0.000000 25.457720
2.066592 0.884488 0.000000 42.357292
2.133333 0.769060 0.000000 30.690456
2.265230 0.766706 0.000000 28.361090
2.194840 0.650759 0.000000 19.397461
2.398606 0.766347 0.000000 26.163351
2.332909 0.883461 0.000000 36.391380
2.533727 0.767497 0.000000 24.069559
2.600007 0.884517 0.000000 30.453394
2.664922 0.767805 0.000000 22.056330
3.000000 0.884530 0.000000 22.433163
1.533334 0.108467 0.000000 56.776543
1.464709 0.226202 0.000000 38.913857
2.202143 0.109492 0.000000 39.651154
2.153689 0.215577 0.000000 28.772116
2.000000 0.230940 0.000000 29.717398
1.933334 0.110086 0.000000 46.738316
1.800000 0.108311 0.000000 50.436558
1.731229 0.225421 0.000000 35.004147
2.596284 0.649153 0.000000 15.668535
2.398620 0.307466 0.000000 16.372892
2.862181 0.648704 0.000000 13.852897
1.928560 0.651290 0.000000 21.894535
3.196547 0.765498 0.000000 15.836843
1.732884 0.769242 0.000000 36.648651
3.394317 0.645562 0.000000 12.633826
1.661532 0.651539 0.000000 24.167732
3.896419 0.317414 0.000000 11.558205
2.732656 0.884813 0.000000 27.603710
3.898521 0.564840 0.000000 12.462251
1.528780 0.652380 0.000000 25.304964
1.332461 0.769651 0.000000 41.624153
1.261663 0.652484 0.000000 27.319080
0.730418 0.654927 0.000000 31.395597
1.129807 0.654089 0.000000 28.504559
0.863425 0.655006 0.000000 30.551085
0.931461 0.769559 0.000000 45.808800
3.264891 0.883173 0.000000 18.530838
2.462840 0.648688 0.000000 16.764174
2.797910 0.769196 0.000000 20.218149
3.784201 0.633731 0.000000 12.797970
0.103048 0.186373 0.000000 65.804100
3.901254 0.190283 0.000000 11.438858
3.783632 0.392392 0.000000 11.618303
3.902368 0.812500 0.000000 14.027761
0.092311 0.673943 0.000000 34.771530
0.454504 0.229802 0.000000 48.776508
0.607769 0.101555 0.000000 74.587502
0.788043 0.330131 0.000000 26.647404
0.334331 0.083688 0.000000 85.530724
0.936698 0.196645 0.000000 50.095047
1.062424 0.348336 0.000000 22.699854
1.177908 0.327957 0.000000 25.388618
1.337021 0.195375 0.000000 45.706749
3.799738 0.249971 0.000000 11.474808
1.462393 0.342120 0.000000 21.522488
1.598462 0.196723 0.000000 41.452316
1.728818 0.340926 0.000000 19.514143
1.865341 0.197063 0.000000 36.519894
1.995300 0.345591 0.000000 16.565315
2.110530 0.323860 0.000000 17.738928
3.666667 0.081536 0.000000 12.656008
2.265183 0.190049 0.000000 29.386820
0.098887 0.903132 0.000000 68.791420
2.487656 0.095577 0.000000 33.472118
0.080694 0.436196 0.000000 12.947652
2.602299 0.078318 0.000000 31.937071
3.526329 0.219325 0.000000 12.078962
2.722522 0.222518 0.000000 18.857117
0.697071 0.213338 0.000000 49.224808
2.882780 0.095625 0.000000 23.933916
3.397889 0.074270 0.000000 15.571547
3.001478 0.078209 0.000000 22.362165
3.274792 0.087450 0.000000 16.994999
3.122745 0.221702 0.000000 14.430315
0.092007 0.089530 0.000000 91.372002
0.202414 0.222134 0.000000 54.972988
3.907993 0.089530 0.000000 11.522124
3.914310 0.912144 0.000000 14.760890
3.816171 0.503668 0.000000 12.076679
3.822326 0.756350 0.000000 13.707479
2.356956 0.213535 0.000000 25.324121
0.733034 0.884434 1.000000 60.763157
2.730249 0.107721 1.000000 26.218954
1.133299 0.884514 1.000000 55.678581
2.066666 0.115470 1.000000 43.638844
3.131828 0.111130 1.000000 16.930090
1.533327 0.884527 1.000000 50.395035
2.466935 0.883209 1.000000 35.040886
3.399086 0.882977 1.000000 16.658783
0.460869 0.113829 1.000000 72.046799
0.116925 0.554765 1.000000 15.260989
3.893366 0.439401 1.000000 6.397862
0.866667 0.115470 1.000000 66.442764
2.865657 0.884091 1.000000 26.863695
1.933332 0.884530 1.000000 44.651371
1.400000 0.110332 1.000000 60.481308
3.529904 0.107518 1.000000 9.939561
3.132162 0.882935 1.000000 21.413973
2.200000 0.884530 1.000000 40.192223
2.346198 0.113044 1.000000 36.039299
1.666667 0.110216 1.000000 54.897568
1.133333 0.110456 1.000000 64.517044
0.466239 0.884837 1.000000 63.475529
3.664763 0.877832 1.000000 12.915280
0.116153 0.315611 1.000000 33.876266
3.899548 0.690192 1.000000 8.787777
3.791437 0.113175 1.000000 6.313152
0.206000 0.888198 1.000000 65.081215
0.208901 0.110315 1.000000 78.924393
0.333785 0.884791 1.000000 64.283424
0.399721 0.770661 1.000000 48.579906
0.532291 0.770096 1.000000 47.725857
0.464934 0.656407 1.000000 31.999197
0.597796 0.655440 1.000000 31.208366
0.530207 0.541782 1.000000 15.485479
0.662874 0.540873 1.000000 15.034430
0.594627 0.425978 1.000000 12.139680
0.455579 0.425485 1.000000 12.016812
0.728397 0.425822 1.000000 12.420710
0.795396 0.540446 1.000000 14.409852
0.861360 0.430132 1.000000 12.260619
0.928303 0.540607 1.000000 13.771262
0.994325 0.430436 1.000000 12.499433
1.061359 0.540343 1.000000 13.126910
1.127444 0.430154 1.000000 12.730950
1.194530 0.539618 1.000000 12.561621
1.260653 0.429563 1.000000 12.882985
1.327770 0.539331 1.000000 12.198833
1.393913 0.429130 1.000000 12.878908
1.461047 0.538908 1.000000 11.980569
1.527204 0.428581 1.000000 12.741825
1.594348 0.538213 1.000000 11.870699
1.660513 0.428088 1.000000 12.470777
1.727662 0.537812 1.000000 11.869374
1.793831 0.427539 1.000000 12.104728
1.860984 0.537356 1.000000 11.900859
1.927155 0.427086 1.000000 11.666921
1.994310 0.536808 1.000000 11.917234
2.060466 0.422949 1.000000 11.402182
2.127636 0.535784 1.000000 11.858423
2.193809 0.425319 1.000000 10.760999
2.260968 0.535612 1.000000 11.775459
2.327118 0.419809 1.000000 10.471802
2.394294 0.533722 1.000000 11.515350
2.460444 0.418178 1.000000 10.010345
2.527623 0.532738 1.000000 11.218405
2.593775 0.417379 1.000000 9.543122
2.660956 0.532482 1.000000 10.873935
2.727108 0.416759 1.000000 9.100604
2.794288 0.531939 1.000000 10.453692
2.860439 0.416170 1.000000 8.685620
2.927619 0.531355 1.000000 9.991506
2.993810 0.415582 1.000000 8.294226
3.060939 0.530754 1.000000 9.512186
3.127085 0.415007 1.000000 7.921993
3.194186 0.530113 1.000000 9.036641
3.260301 0.414498 1.000000 7.563486
3.327294 0.529287 1.000000 8.579650
3.393247 0.414099 1.000000 7.217243
3.460142 0.528602 1.000000 8.159791
3.525752 0.413922 1.000000 6.886572
3.592072 0.527792 1.000000 7.783196
0.659967 0.310207 1.000000 30.118803
1.862144 0.310672 1.000000 23.690046
2.526593 0.302242 1.000000 15.817182
2.926664 0.300392 1.000000 11.557926
3.326544 0.299266 1.000000 8.328074
2.728941 0.649063 1.000000 16.273973
3.526766 0.642247 1.000000 9.813833
1.794830 0.651878 1.000000 22.505148
3.261026 0.646630 1.000000 11.669249
1.394898 0.653615 1.000000 24.731844
2.994793 0.646501 1.000000 13.837088
0.996365 0.654410 1.000000 27.815792
2.329717 0.649585 1.000000 19.424467
2.061483 0.650695 1.000000 21.112059
3.655344 0.412461 1.000000 6.580171
0.332746 0.657754 1.000000 32.393993
3.656868 0.640295 1.000000 9.124613
1.063241 0.314475 1.000000 29.033028
1.329758 0.313942 1.000000 28.206219
1.596374 0.313401 1.000000 26.280428
2.259931 0.303401 1.000000 19.184450
3.591005 0.305294 1.000000 6.661841
3.698318 0.311500 1.000000 6.152074
3.594696 0.757791 1.000000 11.469803
3.719815 0.755498 1.000000 10.477174
3.802486 0.873270 1.000000 11.503813
3.658639 0.194718 1.000000 6.972948
3.462405 0.760455 1.000000 12.771793
3.713155 0.520285 1.000000 7.410616
0.268473 0.771744 1.000000 49.043716
0.124575 0.788298 1.000000 51.179993
0.200929 0.664994 1.000000 33.144016
0.254437 0.547870 1.000000 15.555736
0.187623 0.429357 1.000000 11.907714
0.323087 0.426149 1.000000 11.960532
0.393498 0.542575 1.000000 15.504077
0.388126 0.312221 1.000000 30.987005
0.258125 0.315518 1.000000 31.701424
0.328643 0.196684 1.000000 55.716709
0.524007 0.315444 1.000000 29.558155
0.578315 0.194587 1.000000 52.851421
0.718337 0.202926 1.000000 50.111416
3.531270 0.879842 1.000000 14.615085
3.328223 0.767920 1.000000 14.475468
0.599703 0.884771 1.000000 62.269802
3.459249 0.306060 1.000000 7.385375
3.392912 0.184445 1.000000 10.131796
3.239640 0.198923 1.000000 11.735543
0.665341 0.769664 1.000000 46.539341
0.798483 0.769318 1.000000 45.143375
3.190035 0.307812 1.000000 9.127364
3.059477 0.307146 1.000000 10.148382
2.992814 0.184678 1.000000 16.036133
2.839307 0.199112 1.000000 17.870600
0.865989 0.884698 1.000000 59.171291
0.999530 0.884707 1.000000 57.454704
1.064796 0.769252 1.000000 42.200203
1.199967 0.769075 1.000000 40.714504
3.128073 0.645890 1.000000 12.694272
3.063091 0.763814 1.000000 17.859509
2.928676 0.762273 1.000000 19.731632
2.789938 0.309040 1.000000 12.493319
1.266648 0.884764 1.000000 53.955021
1.399993 0.884804 1.000000 52.202507
1.464953 0.769066 1.000000 38.024132
1.599993 0.769063 1.000000 36.720211
1.666663 0.884624 1.000000 48.581966
1.799999 0.884640 1.000000 46.678833
1.866667 0.769059 1.000000 34.110600
1.999999 0.769060 1.000000 32.710663
2.659390 0.308676 1.000000 13.867369
2.592741 0.186441 1.000000 23.417868
2.453710 0.193278 1.000000 25.751736
2.066666 0.884530 1.000000 42.497448
2.133333 0.769060 1.000000 31.204651
2.265216 0.766757 1.000000 29.405119
2.194816 0.650748 1.000000 20.372528
2.398581 0.766419 1.000000 27.642179
2.332900 0.883486 1.000000 37.662403
2.533672 0.767524 1.000000 25.844124
2.600026 0.884486 1.000000 32.430954
2.664896 0.767856 1.000000 23.950985
3.000000 0.884530 1.000000 24.108812
1.266667 0.108640 1.000000 63.001060
1.198086 0.226743 1.000000 43.061478
1.800000 0.109227 1.000000 51.725147
1.731231 0.225619 1.000000 36.646317
1.933333 0.109063 1.000000 48.173138
2.000000 0.230940 1.000000 31.096439
2.153335 0.216648 1.000000 29.717924
2.205478 0.107149 1.000000 40.679863
1.533333 0.108484 1.000000 58.171097
1.464705 0.226267 1.000000 40.494492
1.000000 0.109621 1.000000 66.231468
0.951649 0.219844 1.000000 45.721466
2.596259 0.649324 1.000000 17.407486
2.398629 0.307700 1.000000 17.006065
2.862153 0.648919 1.000000 15.101092
0.787557 0.320182 1.000000 28.255352
1.928559 0.651398 1.000000 21.838415
3.196540 0.765679 1.000000 16.089294
1.732882 0.769327 1.000000 35.467628
3.394309 0.645857 1.000000 10.699882
3.896391 0.317476 1.000000 5.571392
2.732641 0.884803 1.000000 29.689669
1.661507 0.651614 1.000000 23.089281
3.898487 0.564910 1.000000 7.518229
1.529457 0.653413 1.000000 23.946747
1.331347 0.768976 1.000000 39.340168
1.261625 0.652534 1.000000 25.470520
0.730356 0.654900 1.000000 30.172937
1.129774 0.654205 1.000000 26.674759
0.863356 0.654944 1.000000 29.052774
0.931420 0.769555 1.000000 43.719574
3.265398 0.884290 1.000000 18.973188
2.462816 0.648856 1.000000 18.424694
2.797865 0.769213 1.000000 22.033478
3.784129 0.634002 1.000000 8.538819
0.103051 0.186375 1.000000 63.238300
3.901229 0.190307 1.000000 5.174419
3.783592 0.392540 1.000000 6.199532
3.902264 0.812500 1.000000 10.095347
0.092311 0.673945 1.000000 33.843975
0.455992 0.226553 1.000000 47.474998
0.661150 0.109038 1.000000 70.050041
0.333016 0.084166 1.000000 81.964172
0.922713 0.332723 1.000000 26.162113
1.069262 0.196228 1.000000 49.332447
1.195836 0.342975 1.000000 24.333498
1.331843 0.197185 1.000000 46.778339
3.799672 0.250040 1.000000 5.695462
1.462391 0.342264 1.000000 23.355186
1.598462 0.196797 1.000000 43.063717
1.728819 0.341064 1.000000 21.457949
1.865342 0.197104 1.000000 38.021172
1.995303 0.345704 1.000000 18.293129
2.110474 0.324160 1.000000 19.149435
3.666667 0.081746 1.000000 8.310550
2.265783 0.189906 1.000000 30.163504
0.098887 0.903132 1.000000 67.016884
2.487664 0.095701 1.000000 33.723148
3.526342 0.219607 1.000000 7.943860
2.602131 0.077972 1.000000 32.001839
0.080701 0.436197 1.000000 11.543345
2.722325 0.222198 1.000000 18.425880
2.882617 0.095326 1.000000 23.289141
3.397897 0.074413 1.000000 13.071133
3.001452 0.078227 1.000000 21.424122
3.274797 0.087610 1.000000 15.027111
3.122759 0.221938 1.000000 12.474000
0.835215 0.214783 1.000000 47.200478
0.762050 0.101008 1.000000 70.554306
0.092007 0.089530 1.000000 88.033554
0.202020 0.222366 1.000000 52.459949
3.907993 0.089530 1.000000 5.279791
3.914283 0.912154 1.000000 11.122167
3.817016 0.500000 1.000000 7.017387
3.822286 0.756287 1.000000 9.867582
0.575281 0.086576 1.000000 76.276588
2.358997 0.212459 1.000000 25.959753
0.985244 0.499998 0.499999 10.356670
1.923932 0.500000 0.499991 8.865146
3.007712 0.500029 0.500027 7.941192
3.506191 0.495303 0.495298 8.026124
0.490122 0.491733 0.500000 10.262008
2.460713 0.500000 0.500060 8.253353
1.454588 0.466336 0.466333 9.172637
2.734230 0.349425 0.657119 10.708337
2.734195 0.657101 0.349396 14.742622
2.192342 0.659827 0.347498 20.190031
2.192302 0.347807 0.660823 15.351217
1.244984 0.657943 0.657894 27.095831
0.734921 0.661360 0.661363 31.587351
1.664223 0.657709 0.657721 24.168905
3.257072 0.340142 0.667804 8.229146
3.257066 0.667672 0.339819 11.512239
3.262181 0.330036 0.330182 9.481735
0.735327 0.636958 0.330869 28.541943
0.740439 0.330756 0.645000 26.370850
1.221153 0.328078 0.655483 25.853046
1.221144 0.655342 0.328130 27.592533
3.693446 0.314372 0.316961 8.797283
2.788522 0.675279 0.675241 15.780079
2.144067 0.674444 0.674069 22.227051
1.688058 0.328779 0.654334 22.553877
2.780364 0.330074 0.330090 11.604069
3.688518 0.313677 0.682135 6.746148
1.688052 0.654385 0.328760 23.987228
2.230401 0.330199 0.331271 16.167315
3.285547 0.670333 0.670006 11.159977
3.683488 0.683645 0.312548 10.696943
0.306320 0.314372 0.316961 32.482536
3.680585 0.684531 0.684541 9.326934
1.711609 0.331674 0.323030 21.292917
0.783647 0.319978 0.327447 28.224358
0.317387 0.684156 0.684069 36.523457
0.309442 0.313506 0.688227 31.918295
1.197639 0.322503 0.333239 26.382425
0.301462 0.699254 0.369221 39.011768
2.494411 0.709069 0.709804 21.338137
2.463901 0.278415 0.721201 18.162561
1.941429 0.733140 0.264380 29.937294
2.463832 0.721065 0.277659 21.849045
2.505267 0.281896 0.281894 17.252150
0.990948 0.733403 0.733395 39.057495
1.461604 0.738488 0.462949 35.700756
2.992917 0.729584 0.270605 15.617425
2.992962 0.270610 0.729587 12.138903
1.460702 0.463702 0.738424 9.680566
1.970073 0.263405 0.373769 26.739655
1.942229 0.261643 0.723139 27.941534
0.975030 0.738982 0.383955 40.737282
1.455108 0.261927 0.293935 33.798100
0.979183 0.390416 0.739786 17.029467
3.042141 0.596785 0.744180 10.597226
0.556467 0.744815 0.488833 44.825279
1.902262 0.589938 0.745906 15.886088
3.021292 0.400785 0.259081 8.766043
3.472354 0.459481 0.750125 7.131091
3.472402 0.750102 0.459044 11.825284
0.545357 0.406359 0.257527 14.890458
0.562896 0.488417 0.748609 10.045184
2.023174 0.487032 0.253150 7.995467
0.994789 0.244486 0.505719 40.696732
0.994783 0.505687 0.244485 10.876803
3.041595 0.247705 0.464573 12.984209
3.089108 0.743890 0.520026 15.131102
3.525878 0.489739 0.242134 9.453149
1.927710 0.752217 0.548440 31.931726
3.756868 0.474852 0.500000 7.883158
3.467895 0.245401 0.456455 9.376461
0.576956 0.253451 0.463481 41.598431
1.454581 0.247562 0.595561 36.525764
0.241349 0.471171 0.500000 8.560191
1.454585 0.595563 0.247563 18.700565
0.516341 0.719200 0.243825 41.647820
2.327577 0.530885 0.760598 10.494447
1.454695 0.752309 0.752220 36.787262
2.362586 0.754755 0.503079 26.108921
0.536468 0.244520 0.750581 43.327045
0.535478 0.758296 0.758296 46.460323
2.388616 0.492048 0.240313 7.828181
0.992513 0.233847 0.234795 42.578548
2.389580 0.239966 0.492284 22.526737
2.571770 0.488558 0.767532 8.570395
2.626278 0.481568 0.230064 7.747216
3.466715 0.228411 0.693757 8.832801
2.627042 0.229578 0.481749 19.508341
2.599175 0.772688 0.506615 23.655645
3.788903 0.237857 0.500036 7.488376
0.211025 0.237857 0.500036 49.883759
3.468342 0.715203 0.228626 12.104823
3.240338 0.494025 0.493944 7.935679
1.216696 0.495372 0.495468 9.637364
0.230490 0.520867 0.232762 11.938101
3.486792 0.261786 0.225964 10.255177
3.476608 0.766144 0.766138 12.041901
1.693612 0.496157 0.496122 8.987821
3.773039 0.777219 0.499033 10.533886
2.865692 0.782858 0.488415 19.872990
2.236189 0.526859 0.527112 9.809498
2.683272 0.532784 0.532780 9.128395
0.712213 0.502873 0.506889 11.157801
3.781837 0.500436 0.223542 9.953710
2.851573 0.487888 0.788139 8.215743
3.773756 0.500400 0.777740 7.044838
1.804061 0.502641 0.213122 8.875471
0.784868 0.786225 0.486057 48.711807
1.796259 0.209503 0.501251 36.867146
1.798244 0.785335 0.785443 36.749477
1.159984 0.785027 0.497283 44.606670
1.166355 0.496887 0.785829 9.724239
0.789921 0.490318 0.786773 10.040376
0.225568 0.501775 0.780731 9.473700
0.864959 0.207855 0.775560 48.286636
2.840667 0.539267 0.203746 9.232517
2.300851 0.783301 0.783515 29.806410
2.094245 0.495309 0.788223 9.303937
2.144802 0.213791 0.495043 29.654085
1.093407 0.213248 0.786187 45.863075
3.141827 0.788030 0.788009 16.715437
2.279004 0.208283 0.791388 27.826771
1.556685 0.213706 0.785986 40.765564
0.864948 0.793805 0.205145 49.447544
1.679236 0.492039 0.794923 9.359210
1.721377 0.788154 0.495182 38.375202
1.274113 0.482487 0.209207 9.185699
1.353570 0.784638 0.215240 42.955963
2.837712 0.211689 0.526604 17.374018
3.205799 0.501521 0.213022 9.069646
3.260597 0.202494 0.502976 12.089291
3.121066 0.215164 0.215160 14.002767
0.621571 0.204818 0.243165 51.358341
0.209424 0.793885 0.202823 53.095699
1.274231 0.202886 0.491748 45.681465
0.209277 0.792657 0.536551 52.502659
1.343127 0.212486 0.787283 43.745640
1.593040 0.200511 0.442407 41.600945
3.260589 0.505285 0.800399 7.847016
2.311286 0.200947 0.197338 27.526768
3.803332 0.800690 0.800698 10.172270
2.129150 0.792118 0.499416 32.885830
2.278032 0.794197 0.208970 30.406580
1.051083 0.714750 0.177374 37.117779
0.792307 0.484860 0.200568 10.073513
2.961630 0.794874 0.679518 19.385395
1.561418 0.419993 0.206582 11.677382
2.911823 0.231460 0.198484 15.685992
0.731959 0.807719 0.807731 51.393616
2.009665 0.789753 0.789726 34.526562
1.562927 0.770742 0.206688 38.809326
3.808064 0.196120 0.790359 6.123315
1.260351 0.804833 0.804265 45.094482
0.793988 0.200603 0.494804 50.255695
2.679265 0.201978 0.201909 20.782007
2.097242 0.216050 0.207255 29.985218
2.664987 0.793484 0.793624 24.677382
2.731483 0.194638 0.794841 20.095541
1.286516 0.197834 0.197956 46.093330
3.175717 0.203238 0.800477 12.580951
3.175598 0.800478 0.203180 16.306122
2.731141 0.794768 0.194517 22.442087
1.760944 0.201129 0.797155 39.188507
3.283914 0.801864 0.514981 14.734346
1.762706 0.799597 0.197528 39.361488
1.844872 0.210526 0.210791 35.383022
0.197698 0.194376 0.198557 61.037968
3.801064 0.803321 0.197049 12.432259
0.424113 0.200188 0.198095 55.168610
0.393504 0.317600 0.507585 30.556322
0.193011 0.190039 0.798036 60.521511
2.094304 0.403831 0.458100 10.975798
0.408331 0.536571 0.323023 14.905317
1.427564 0.604937 0.604409 19.459280
0.188744 0.773957 0.809923 49.477226
2.203188 0.540473 0.189573 10.380534
1.346751 0.815425 0.601579 45.951920
1.346325 0.602322 0.815718 19.177896
0.907783 0.662891 0.572467 30.619793
0.385038 0.500526 0.665856 10.503902
1.860443 0.412562 0.816774 12.435874
3.643596 0.632513 0.495582 9.276178
2.833239 0.500083 0.411357 7.990537
3.631757 0.495233 0.646291 7.442644
3.356541 0.500244 0.337771 8.683066
3.825967 0.188952 0.327858 8.682216
3.086676 0.419988 0.810361 7.605898
3.615897 0.186099 0.560718 8.596918
2.604008 0.407396 0.407862 8.689983
3.470102 0.640310 0.618806 9.543990
1.621916 0.200342 0.199793 40.766132
0.675223 0.809052 0.186852 53.265694
1.565215 0.815850 0.606776 43.281143
0.990487 0.563290 0.820642 16.312368
0.619779 0.568163 0.185279 19.321934
0.431683 0.609112 0.817737 25.210012
0.430792 0.818468 0.611246 55.582043
3.581795 0.822715 0.597547 12.129181
3.086833 0.578269 0.343177 9.762490
3.581817 0.597799 0.822820 8.455713
2.089527 0.181799 0.819762 34.856995
1.070452 0.584151 0.647235 18.760021
3.616943 0.184713 0.805099 7.781136
2.015222 0.645395 0.416838 20.449976
2.111014 0.706891 0.181906 25.288755
0.960822 0.368136 0.368153 20.002733
0.370182 0.821515 0.821514 55.958385
3.306500 0.228741 0.175536 12.077673
0.664080 0.829083 0.621406 55.293171
0.994599 0.828266 0.572542 51.797985
0.345022 0.663761 0.188019 33.806316
0.520356 0.624934 0.627904 27.515566
2.016842 0.412124 0.638134 11.169225
0.663943 0.622535 0.829076 26.318878
1.310381 0.823352 0.393001 47.866676
2.909809 0.370963 0.594642 8.961963
2.560659 0.589043 0.368879 12.134670
2.560855 0.368617 0.588578 10.777464
1.616650 0.819748 0.819748 42.611004
0.652832 0.171004 0.610775 57.432327
0.417586 0.176485 0.625521 59.448368
0.426219 0.380414 0.819705 18.603140
3.825150 0.622541 0.413403 9.369533
1.313856 0.391633 0.826226 16.856768
0.561805 0.363037 0.611297 21.262447
1.971921 0.183600 0.556860 36.909077
1.109727 0.375325 0.177952 18.573137
2.901731 0.691298 0.822670 15.885233
3.365343 0.322834 0.818909 7.759789
3.620985 0.352186 0.481772 7.774964
2.365650 0.405903 0.628753 9.811541
1.806833 0.470589 0.640788 8.898306
3.373082 0.400796 0.183080 9.493144
3.118474 0.184570 0.622097 14.370095
0.675817 0.347067 0.818511 23.668213
0.376609 0.418114 0.178627 13.772924
3.127066 0.472025 0.637970 7.547591
2.365258 0.606307 0.383300 14.478763
0.173464 0.618792 0.588193 25.940851
1.128344 0.177376 0.610595 51.839897
3.605421 0.369536 0.832116 6.550479
3.827253 0.323393 0.187715 9.748075
3.828414 0.614373 0.598205 8.408422
3.358801 0.821399 0.332360 14.624126
2.608377 0.183384 0.658735 23.320431
1.538703 0.605961 0.823366 18.745693
2.608272 0.824018 0.329363 26.523146
0.847610 0.382717 0.508664 17.939121
2.708586 0.599300 0.823345 12.959197
3.604704 0.167201 0.369853 9.852655
0.374944 0.177823 0.802869 59.488659
0.839946 0.662701 0.808536 30.695898
1.180927 0.821874 0.263528 49.531071
2.608467 0.658379 0.183156 15.938293
0.838929 0.809062 0.662164 50.808514
0.354906 0.612480 0.520545 25.810629
1.620505 0.588885 0.172878 17.155325
3.603928 0.833523 0.370317 12.679222
1.137826 0.672419 0.820008 29.430309
2.274780 0.168591 0.613952 31.912821
0.673260 0.166022 0.832230 58.002731
2.247156 0.383278 0.830922 12.373513
0.850815 0.509281 0.381491 11.485191
1.834556 0.644480 0.435694 21.728186
3.416554 0.364352 0.583979 7.653862
0.163993 0.410733 0.354105 15.755749
1.104538 0.173760 0.379633 52.594688
3.032973 0.584233 0.170511 10.497252
2.688482 0.366252 0.830990 10.358151
3.362473 0.580885 0.169676 10.488858
1.302391 0.487996 0.657646 9.326459
3.831769 0.405951 0.642342 6.800481
2.912265 0.166242 0.368729 18.942751
1.866997 0.829437 0.397320 40.697300
3.621163 0.803544 0.193740 13.067985
3.704645 0.181551 0.185082 10.285152
2.090507 0.821607 0.322997 36.157738
3.166670 0.827658 0.380878 17.078695
0.428384 0.196611 0.378405 55.423031
1.302482 0.659518 0.487971 27.227121
0.565863 0.602061 0.379879 24.218548
2.938946 0.646102 0.580250 12.774709
3.315832 0.827708 0.827671 15.652707
0.811025 0.188278 0.189812 52.804787
1.916312 0.369753 0.169609 14.815523
1.869935 0.411291 0.353246 11.339530
0.165700 0.399781 0.640031 17.176838
1.143395 0.822975 0.670796 49.110470
2.394710 0.381900 0.381995 10.797663
3.835266 0.406181 0.360185 8.504057
3.661970 0.512167 0.354342 8.960405
3.350028 0.173369 0.341128 12.372450
3.618540 0.361308 0.164601 9.933279
2.257873 0.836926 0.383804 34.398567
2.793635 0.386156 0.161978 9.487773
1.614450 0.169424 0.617704 46.290222
3.403853 0.610784 0.815736 9.339283
2.379856 0.613830 0.611364 15.307176
2.273554 0.378426 0.165069 11.608843
2.855206 0.833673 0.317284 22.394878
2.253799 0.834580 0.619471 34.525314
2.272542 0.165020 0.381516 32.185013
2.737643 0.829248 0.602560 24.882225
1.585839 0.512069 0.356176 9.847992
1.095668 0.627907 0.449142 24.678551
3.117690 0.396882 0.407416 8.306983
0.872045 0.502953 0.633066 10.735096
2.859087 0.317185 0.836607 11.316460
1.147648 0.492238 0.332581 9.687212
0.407752 0.828423 0.433726 57.311947
0.381026 0.835970 0.164047 58.835136
2.498335 0.834309 0.833669 30.459150
1.084262 0.838239 0.838280 51.202766
1.399057 0.367049 0.164562 18.637543
3.645026 0.593625 0.167949 10.890603
3.629889 0.831051 0.831108 11.971829
0.160462 0.366421 0.183080 24.227819
3.342980 0.637004 0.497080 10.122706
0.687198 0.470190 0.338109 9.758522
0.664046 0.793517 0.360326 50.990589
3.300620 0.169112 0.679939 12.206286
1.611514 0.651265 0.490352 24.003681
1.999028 0.846038 0.154029 40.123409
1.584957 0.359746 0.515735 19.085224
1.067595 0.377111 0.590931 18.743668
0.891675 0.625001 0.169625 26.033529
1.355258 0.398260 0.339369 14.997900
1.592160 0.827018 0.375521 44.614594
0.899719 0.837224 0.837234 53.294617
0.714347 0.332061 0.167549 26.463556
0.172643 0.581337 0.384818 20.123158
2.522336 0.161484 0.839872 26.957981
2.735779 0.164997 0.362256 22.282526
3.845316 0.844279 0.644806 10.535060
3.331779 0.504983 0.641602 7.745860
2.430457 0.409572 0.829490 9.832912
2.259638 0.355059 0.500771 13.867380
3.519603 0.610959 0.366391 9.763839
2.563252 0.828055 0.160893 27.543501
1.326665 0.364724 0.523335 19.821650
2.937464 0.638448 0.407148 12.297902
1.599742 0.498026 0.641406 9.304638
2.071421 0.566895 0.560078 13.102818
0.170312 0.810973 0.369735 55.289711
2.213578 0.641303 0.828615 19.074007
2.353633 0.644896 0.170079 17.374929
1.563855 0.375044 0.841894 18.064430
1.448505 0.157523 0.157794 50.474377
3.357684 0.829016 0.159321 15.411368
3.157584 0.162559 0.373149 15.149889
0.876622 0.178146 0.347107 54.027187
2.863394 0.166205 0.689579 19.518963
2.932812 0.362028 0.399718 9.450186
2.827963 0.518117 0.621926 8.529909
1.883839 0.344558 0.556341 18.522942
0.901647 0.160027 0.618079 57.239048
2.516422 0.160254 0.158526 27.138708
1.427731 0.165887 0.430651 49.777824
3.841780 0.356396 0.841927 5.952613
2.824051 0.843080 0.830717 24.773504
2.748843 0.375961 0.490269 9.472584
2.473798 0.838198 0.601044 30.591496
2.630095 0.615145 0.671061 13.813529
2.237757 0.497031 0.360271 8.160034
1.128092 0.550779 0.153426 14.999763
0.154235 0.209091 0.352526 58.115543
3.413219 0.832065 0.622109 14.044836
2.463259 0.600018 0.836850 14.503015
2.916069 0.832768 0.156331 21.299385
2.110007 0.162654 0.652722 36.477890
1.934140 0.598539 0.161233 16.474791
1.700600 0.655607 0.834883 23.508631
3.841258 0.641365 0.841381 8.227147
2.038854 0.342604 0.836313 17.761307
3.846274 0.845168 0.351496 11.649056
3.478734 0.388377 0.368104 8.452048
1.227726 0.683370 0.148301 31.461918
1.821460 0.633824 0.603028 20.623129
3.000500 0.833005 0.402315 19.875496
0.158023 0.353930 0.837465 25.615614
0.272049 0.845930 0.683007 59.767517
2.500265 0.396717 0.160765 9.539356
3.837176 0.155812 0.633849 6.762059
0.251887 0.162852 0.643851 65.940788
1.126047 0.161764 0.161759 54.490345
2.501054 0.160596 0.396583 27.490175
2.157753 0.844024 0.843859 37.278034
3.387439 0.156449 0.823089 11.096741
3.844454 0.652064 0.250877 10.697392
3.248511 0.668194 0.832251 11.722819
2.989711 0.831426 0.839294 21.152008
3.169828 0.838838 0.631320 17.668110
2.042475 0.836322 0.633856 38.395645
0.919095 0.373134 0.162657 19.264647
1.714203 0.372712 0.162237 15.958250
0.680192 0.150737 0.387016 61.707500
1.722344 0.845483 0.650805 44.309406
2.457543 0.836464 0.395552 30.428261
1.329622 0.148985 0.636540 54.444233
1.832071 0.160399 0.654313 43.213455
1.066381 0.853881 0.146112 55.143879
1.348183 0.559531 0.366657 14.862820
1.747580 0.166276 0.343652 43.693977
2.737472 0.686542 0.520316 16.553171
2.933075 0.148039 0.841450 19.122988
3.140298 0.364741 0.154228 9.860930
0.275036 0.641338 0.848579 29.867289
1.123646 0.356758 0.855424 22.083557
1.911070 0.157240 0.845218 42.107677
2.106213 0.376170 0.159028 12.818853
2.027720 0.635305 0.840640 19.678112
3.852576 0.143245 0.143245 10.232762
0.460855 0.555130 0.148586 17.626839
0.863329 0.853826 0.361843 57.061501
0.860915 0.355288 0.848962 22.331478
2.086350 0.149667 0.356367 38.284454
1.973228 0.144091 0.255892 41.578354
3.168544 0.614266 0.574083 10.240659
2.454995 0.156989 0.614735 28.882614
3.142915 0.335298 0.554175 9.070022
0.689973 0.660464 0.508681 31.976759
3.218112 0.652042 0.155645 11.954270
2.725859 0.841145 0.436649 25.421562
2.526402 0.636999 0.550900 15.670003
3.412161 0.146562 0.568364 11.558531
0.700464 0.352540 0.458291 22.819817
0.158763 0.645925 0.156428 30.472713
0.693791 0.509214 0.663299 11.637590
0.436235 0.387837 0.371576 17.857159
1.143876 0.292958 0.479814 31.550488
0.739739 0.667565 0.157472 33.044884
2.844057 0.690982 0.152281 15.529022
2.972175 0.144888 0.576629 18.779692
1.887882 0.847264 0.669579 41.955418
1.904294 0.571511 0.314070 13.993647
1.767584 0.646345 0.156319 22.618509
1.719172 0.346677 0.841861 20.456932
1.373376 0.343060 0.689624 23.004801
0.311122 0.859858 0.308813 62.136356
1.217763 0.146607 0.855508 56.666466
1.561107 0.356955 0.360449 19.305464
0.532954 0.846857 0.134775 59.546196
2.979762 0.459317 0.703145 7.590338
0.140403 0.744631 0.668094 45.152962
2.230566 0.682046 0.544198 21.896372
1.466612 0.861735 0.861690 49.134239
0.853015 0.656036 0.428556 30.329248
3.699772 0.841306 0.694471 11.407799
3.301371 0.351214 0.479648 8.435786
0.893350 0.312631 0.638100 29.205307
2.487038 0.567915 0.146247 11.208720
2.723361 0.562809 0.139365 10.300962
1.537499 0.336504 0.692510 22.896254
2.409456 0.838409 0.137782 31.339136
0.465645 0.857774 0.292541 61.213486
1.032831 0.855505 0.298228 55.465611
1.755210 0.355998 0.470082 18.164309
1.447168 0.847086 0.322723 49.039536
2.078651 0.353859 0.309971 15.300484
2.200976 0.501838 0.675989 9.068615
1.763655 0.523371 0.360954 10.278267
3.221829 0.363354 0.859362 7.828996
0.337207 0.145389 0.494863 68.532166
1.537861 0.687436 0.339113 29.054161
1.255869 0.136889 0.348424 57.350460
3.135370 0.568731 0.863240 9.665359
0.536388 0.294809 0.151800 34.337490
0.133198 0.257058 0.623610 46.871296
2.645318 0.345967 0.160307 11.754972
3.698925 0.695324 0.835383 9.381038
2.151833 0.849019 0.141214 37.427986
0.532961 0.865397 0.865398 60.705879
2.546639 0.312133 0.848787 14.692169
1.991724 0.691273 0.673659 25.176680
0.294406 0.161682 0.312803 66.216850
1.997232 0.862895 0.469579 41.684498
1.807295 0.549303 0.857910 12.571457
1.347261 0.596404 0.139632 19.496141
1.460920 0.862428 0.138662 50.920517
3.549469 0.368375 0.656712 7.097586
3.694305 0.140804 0.682322 7.882766
3.855329 0.367499 0.503778 7.382022
3.047828 0.693192 0.865221 14.561348
2.715953 0.486684 0.719652 8.182135
0.308539 0.285007 0.142149 38.849491
0.977231 0.146333 0.855425 59.250450
2.935638 0.432777 0.138554 8.676929
2.994409 0.865578 0.549891 21.631882
2.982047 0.518275 0.859109 8.841208
0.532964 0.130925 0.864982 67.212791
1.453032 0.313013 0.457338 26.393465
0.976198 0.590083 0.366934 20.529715
1.252080 0.354735 0.131471 21.048437
2.477684 0.505224 0.650274 8.764189
3.017829 0.260677 0.315817 12.991209
1.383799 0.703367 0.338627 32.367619
0.300338 0.300946 0.853925 34.278069
1.468851 0.133031 0.693142 54.940327
1.450784 0.139298 0.861842 54.480671
3.499507 0.264424 0.857870 7.662525
1.887592 0.688546 0.859414 25.774431
1.740059 0.136419 0.134084 47.929127
1.885012 0.142023 0.400100 44.168442
3.499569 0.858480 0.264219 14.342846
0.442132 0.678415 0.417569 35.777229
0.143457 0.365267 0.501771 24.094301
0.132022 0.620050 0.870055 25.707300
2.401161 0.265279 0.856470 20.297318
3.099827 0.710852 0.665858 14.032773
2.722337 0.130164 0.577010 24.927912
2.566978 0.704651 0.863913 20.667265
1.450254 0.704647 0.133935 32.211742
2.605949 0.851898 0.669414 29.052219
2.952598 0.516010 0.323742 8.451048
2.641397 0.278206 0.341857 15.905693
2.695112 0.513837 0.357912 8.344397
0.490256 0.137761 0.500929 67.181236
0.939711 0.135288 0.135984 61.936703
0.753574 0.134155 0.712379 63.892525
2.423667 0.140261 0.272092 31.083822
1.733323 0.794983 0.342899 39.141693
3.046956 0.241812 0.866052 12.663538
1.432307 0.307766 0.858533 28.141800
0.544484 0.136678 0.132577 67.429306
0.122851 0.875005 0.624449 63.828644
2.093983 0.527043 0.376524 9.871337
0.635374 0.868159 0.483124 60.978840
0.346936 0.497132 0.866379 9.971930
1.901002 0.859306 0.859281 42.801945
3.557960 0.140160 0.164286 11.754843
1.050885 0.865737 0.442934 56.197422
3.712186 0.277251 0.860812 6.232934
0.574979 0.411672 0.411620 13.993565
1.966829 0.503495 0.860027 9.826018
3.858331 0.711651 0.700920 8.994089
2.475122 0.693904 0.425705 19.903427
2.405713 0.145583 0.752388 31.162449
0.648473 0.482224 0.866916 9.775620
3.386824 0.475247 0.867491 7.375029
3.503706 0.583223 0.131922 10.936959
3.064749 0.725185 0.142142 15.002638
0.992515 0.291850 0.857282 32.712944
2.074744 0.575497 0.129958 13.596519
1.025631 0.261846 0.667838 37.573380
1.458102 0.497807 0.139707 9.314758
2.506271 0.431901 0.302280 8.024797
1.242525 0.828088 0.131841 49.781761
3.871606 0.129542 0.480568 7.571975
2.506190 0.302014 0.430966 15.683504
0.959588 0.872040 0.709563 57.357635
0.996740 0.730510 0.877480 38.238064
2.424960 0.272977 0.139783 18.973547
1.460113 0.417571 0.601864 12.959390
1.417157 0.872254 0.490129 52.026012
1.331979 0.258459 0.370727 35.703209
0.144472 0.690386 0.293620 37.258457
2.605874 0.316566 0.716362 13.662255
1.416583 0.490683 0.872324 9.478738
0.302882 0.449087 0.370549 10.057932
2.365459 0.750414 0.657920 25.995501
3.004606 0.126429 0.716953 18.969961
2.480510 0.712164 0.133980 20.948269
1.160388 0.472429 0.644608 9.440108
1.080694 0.414299 0.433904 13.644359
1.065051 0.703310 0.567385 34.753136
3.758997 0.678153 0.136151 11.873885
3.404380 0.874661 0.484061 15.183360
3.875915 0.872685 0.499751 11.077750
3.061046 0.858420 0.272196 19.885038
2.804623 0.137848 0.137709 22.867491
3.724952 0.124198 0.437630 8.914229
0.688427 0.134430 0.136777 65.547684
0.916087 0.128362 0.479719 63.403641
0.130429 0.122584 0.488360 79.703354
2.583515 0.130767 0.282424 28.159376
0.534019 0.281315 0.328592 36.686157
1.001766 0.129165 0.715581 62.271351
1.544143 0.144370 0.313601 51.087383
0.465845 0.732665 0.879790 43.090996
3.464901 0.869551 0.869561 14.789346
3.115744 0.337871 0.695624 8.892700
1.369314 0.866154 0.733883 51.310635
1.521037 0.286316 0.127832 29.184031
2.066841 0.285545 0.592081 23.054171
1.824445 0.340019 0.698096 19.935038
0.123128 0.124347 0.637601 78.994392
1.369158 0.734687 0.865976 35.176289
3.718872 0.861998 0.294720 12.740070
1.218526 0.200220 0.718807 47.017757
2.037831 0.627726 0.276388 18.569942
1.383981 0.137905 0.284231 55.050198
3.863658 0.279647 0.693035 6.162129
0.465848 0.881236 0.732696 63.554241
1.116966 0.745727 0.366514 40.280869
0.136222 0.601720 0.726774 22.869461
3.398166 0.685741 0.355052 11.262505
3.215492 0.516840 0.354923 8.591114
0.923446 0.612275 0.706331 23.322763
2.384149 0.861525 0.276055 33.671211
1.650771 0.139272 0.861930 50.595135
2.902666 0.598391 0.713446 11.346073
2.359505 0.259022 0.318478 21.173834
2.406617 0.728639 0.862465 24.279690
0.267868 0.349468 0.560927 25.576355
3.072591 0.867819 0.129570 20.248468
1.922530 0.877421 0.268792 44.552910
0.137294 0.689481 0.470183 36.913345
1.522216 0.875603 0.728799 50.312084
1.836045 0.860192 0.537988 44.207245
3.180527 0.584105 0.712801 9.511676
1.733334 0.875895 0.875903 46.967628
0.531951 0.120479 0.684815 69.922356
1.648734 0.862877 0.139771 48.037586
1.979798 0.124773 0.700394 44.518440
1.488768 0.601319 0.440304 18.963312
2.862878 0.676616 0.292387 14.558665
3.496554 0.821825 0.126049 14.411909
2.328844 0.280229 0.680899 19.899904
3.880860 0.494815 0.126550 10.862468
3.080502 0.714850 0.381341 14.100994
0.127376 0.498537 0.133266 9.068992
0.603540 0.699064 0.134363 38.402912
0.620789 0.868934 0.748498 60.639153
3.028854 0.133735 0.133842 18.916885
2.330269 0.730455 0.324372 24.460503
0.249699 0.511031 0.633479 10.675653
3.482804 0.140576 0.300900 11.776099
3.294968 0.869381 0.692774 16.813292
2.412243 0.865720 0.725636 34.099815
0.620534 0.749396 0.869022 44.425533
1.763298 0.578816 0.721061 15.223781
1.829178 0.276365 0.379321 27.178312
1.875781 0.736891 0.138253 31.219477
3.530149 0.479086 0.876145 7.173633
0.124002 0.878023 0.138501 65.066345
0.438331 0.370475 0.679380 20.353260
3.880881 0.528491 0.315442 9.407337
3.009943 0.311461 0.133387 11.613546
2.840501 0.867022 0.692175 25.182615
0.746984 0.880766 0.285690 61.930016
2.760626 0.722554 0.871097 19.393024
0.321676 0.537819 0.124930 14.806996
1.261150 0.880212 0.512181 55.065395
3.327657 0.707778 0.224615 12.530449
0.619383 0.433782 0.139555 11.643111
0.493386 0.493681 0.871938 10.261694
3.875188 0.878752 0.878742 10.729815
1.180909 0.875542 0.393091 55.879765
2.203747 0.509228 0.874718 10.038409
2.881232 0.407432 0.269926 8.571946
0.323962 0.876267 0.537818 63.965313
1.528259 0.650086 0.690774 24.112049
2.278953 0.650153 0.704650 19.055927
0.132422 0.482459 0.880710 7.540606
3.127456 0.879779 0.504536 19.647854
1.969688 0.240926 0.154477 29.194386
3.520120 0.119514 0.484761 10.991517
3.665414 0.869321 0.492959 12.375043
1.681477 0.460549 0.266411 8.668556
0.880291 0.687137 0.294689 34.637314
2.201188 0.127357 0.259491 37.945164
1.866659 0.874860 0.121855 45.444218
1.521949 0.734112 0.877054 33.700539
0.452877 0.725252 0.120225 42.880482
3.734103 0.357281 0.562622 7.158219
3.007874 0.126782 0.273019 19.430153
2.154007 0.876304 0.707948 40.017838
2.327093 0.496773 0.115874 8.013663
0.889981 0.875271 0.495632 59.193287
0.801833 0.123279 0.867598 65.527550
3.208472 0.694739 0.467572 12.329111
3.239430 0.131344 0.258373 15.341840
0.891979 0.487098 0.878746 9.765588
3.103732 0.127631 0.496296 17.279282
1.506029 0.131300 0.539900 54.293205
1.266580 0.509703 0.879870 10.180987
0.128306 0.881627 0.476269 64.979446
3.887158 0.748543 0.561872 9.621017
1.660166 0.725958 0.117815 32.611935
1.468300 0.467081 0.297928 8.957675
1.955733 0.536217 0.629907 11.104422
0.546092 0.325294 0.863198 27.732071
3.557508 0.123838 0.695806 9.730177
1.817157 0.674580 0.282615 25.172216
0.799536 0.879991 0.120280 61.576042
3.875344 0.120985 0.875822 5.666566
3.420528 0.150250 0.177629 12.802677
0.767220 0.257210 0.878072 39.484898
1.346752 0.520802 0.531801 10.910625
2.648594 0.128025 0.881228 26.722569
3.535116 0.881618 0.714790 13.770223
3.126983 0.678159 0.256353 12.689382
3.535175 0.715043 0.881634 10.764182
2.748841 0.480157 0.879622 8.583126
3.019912 0.287474 0.595116 11.339705
2.369218 0.868002 0.867993 35.459949
3.669855 0.487733 0.870825 7.017148
2.328775 0.115778 0.497987 36.042801
0.368587 0.446952 0.541823 10.056250
0.568688 0.498910 0.610838 10.849694
3.877023 0.575532 0.722611 7.652063
3.373514 0.468119 0.470563 7.920206
0.277802 0.124225 0.882016 73.911461
3.867919 0.485737 0.874726 6.730049
2.588617 0.564551 0.880913 12.003361
3.884908 0.633096 0.121008 11.662473
0.111119 0.493339 0.500000 8.010317
2.204370 0.260752 0.125015 23.187918
0.509844 0.130925 0.284931 68.950233
0.994925 0.553878 0.117578 15.986592
2.234834 0.695735 0.123479 22.783804
3.880322 0.865680 0.115922 13.419659
1.687109 0.127593 0.509699 51.037518
0.255778 0.873914 0.873914 63.299980
1.998997 0.463201 0.114741 7.812232
0.839273 0.549108 0.510230 15.758009
2.855584 0.302623 0.700361 12.034882
1.093584 0.613898 0.300598 23.061176
3.196940 0.877790 0.877798 19.401762
3.879094 0.287103 0.400392 7.924397
0.312160 0.143070 0.131127 70.853806
1.235128 0.280527 0.835634 33.610195
3.398488 0.731637 0.881497 12.266649
3.488775 0.361947 0.121207 10.200628
2.982111 0.361409 0.875404 8.942859
2.092295 0.281527 0.726321 23.324163
0.550156 0.756602 0.624054 46.330379
2.834308 0.587219 0.880894 11.890860
1.676024 0.117905 0.728861 53.115261
2.323444 0.885596 0.493676 37.068005
0.669076 0.245685 0.722683 42.173721
0.119497 0.875861 0.860046 63.589169
3.074888 0.615991 0.475040 10.717690
3.724527 0.435040 0.116801 10.550624
1.163969 0.123367 0.491033 61.264603
1.960990 0.376924 0.448707 14.188483
1.111945 0.372467 0.721661 19.554718
3.874470 0.500317 0.444684 8.338693
0.331968 0.739983 0.561169 44.869373
0.534809 0.232707 0.589845 45.962185
3.269039 0.344910 0.116325 10.328139
1.017832 0.439677 0.867418 11.422521
1.675494 0.260588 0.537338 31.710041
3.132545 0.328641 0.289183 10.076800
1.455850 0.736732 0.616216 35.225750
0.934799 0.871027 0.118324 58.923767
0.653917 0.331229 0.289099 26.733625
1.913593 0.292773 0.852112 24.839828
0.122260 0.121198 0.122264 81.544418
2.157052 0.119708 0.129493 39.824272
0.600241 0.882106 0.276356 63.500107
2.835749 0.593663 0.509528 11.084497
2.328171 0.572796 0.888950 13.485871
1.170286 0.604832 0.559028 20.968885
2.827782 0.124511 0.270890 23.165070
3.562533 0.289362 0.333368 9.075757
3.067139 0.873703 0.713358 21.038242
0.550443 0.625335 0.758277 27.361324
3.748062 0.342592 0.433648 7.895541
2.728644 0.879398 0.300457 27.372074
1.019616 0.294707 0.116822 31.678350
2.198705 0.113098 0.740751 40.040184
