0.000000 0.000000 1.000000 0.013453
0.000000 0.000000 0.000000 0.012484
0.000000 1.000000 1.000000 0.014547
0.000000 1.000000 0.000000 0.013263
4.000000 0.000000 1.000000 1.277748
4.000000 0.000000 0.000000 1.282830
4.000000 1.000000 1.000000 1.299292
4.000000 1.000000 0.000000 1.304077
0.000000 0.000000 0.125000 0.012383
0.000000 0.000000 0.250000 0.012406
0.000000 0.000000 0.375000 0.012492
0.000000 0.000000 0.500000 0.012605
0.000000 0.000000 0.625000 0.012735
0.000000 0.000000 0.750000 0.012894
0.000000 0.000000 0.875000 0.013115
0.000000 0.125000 1.000000 0.009696
0.000000 0.250000 1.000000 0.006486
0.000000 0.375000 1.000000 0.004022
0.000000 0.500000 1.000000 0.003300
0.000000 0.625000 1.000000 0.004935
0.000000 0.750000 1.000000 0.007631
0.000000 0.875000 1.000000 0.010852
0.000000 1.000000 0.125000 0.012638
0.000000 1.000000 0.250000 0.012271
0.000000 1.000000 0.375000 0.012146
0.000000 1.000000 0.500000 0.012242
0.000000 1.000000 0.625000 0.012542
0.000000 1.000000 0.750000 0.013031
0.000000 1.000000 0.875000 0.013700
0.000000 0.125000 0.000000 0.008970
0.000000 0.250000 0.000000 0.006073
0.000000 0.375000 0.000000 0.003976
0.000000 0.500000 0.000000 0.003365
0.000000 0.625000 0.000000 0.004606
0.000000 0.750000 0.000000 0.006872
0.000000 0.875000 0.000000 0.009763
4.000000 0.000000 0.125000 1.283069
4.000000 0.000000 0.250000 1.283061
4.000000 0.000000 0.375000 1.282805
4.000000 0.000000 0.500000 1.282300
4.000000 0.000000 0.625000 1.281544
4.000000 0.000000 0.750000 1.280536
4.000000 0.000000 0.875000 1.279271
4.000000 0.125000 1.000000 1.271935
4.000000 0.250000 1.000000 1.268559
4.000000 0.375000 1.000000 1.267640
4.000000 0.500000 1.000000 1.269177
4.000000 0.625000 1.000000 1.273152
4.000000 0.750000 1.000000 1.279533
4.000000 0.875000 1.000000 1.288268
4.000000 1.000000 0.125000 1.304315
4.000000 1.000000 0.250000 1.304317
4.000000 1.000000 0.375000 1.304082
4.000000 1.000000 0.500000 1.303609
4.000000 1.000000 0.625000 1.302895
4.000000 1.000000 0.750000 1.301940
4.000000 1.000000 0.875000 1.300740
4.000000 0.125000 0.000000 1.277218
4.000000 0.250000 0.000000 1.273981
4.000000 0.375000 0.000000 1.273131
4.000000 0.500000 0.000000 1.274670
4.000000 0.625000 0.000000 1.278574
4.000000 0.750000 0.000000 1.284812
4.000000 0.875000 0.000000 1.293334
0.133333 0.000000 0.000000 0.026213
0.266667 0.000000 0.000000 0.041635
0.400000 0.000000 0.000000 0.058834
0.533333 0.000000 0.000000 0.078136
0.666667 0.000000 0.000000 0.099775
0.800000 0.000000 0.000000 0.123876
0.933333 0.000000 0.000000 0.150477
1.066667 0.000000 0.000000 0.179567
1.200000 0.000000 0.000000 0.211100
1.333333 0.000000 0.000000 0.245016
1.466667 0.000000 0.000000 0.281244
1.600000 0.000000 0.000000 0.319710
1.733333 0.000000 0.000000 0.360334
1.866667 0.000000 0.000000 0.403032
2.000000 0.000000 0.000000 0.447715
2.133333 0.000000 0.000000 0.494290
2.266667 0.000000 0.000000 0.542655
2.400000 0.000000 0.000000 0.592707
2.533333 0.000000 0.000000 0.644337
2.666667 0.000000 0.000000 0.697433
2.800000 0.000000 0.000000 0.751877
2.933333 0.000000 0.000000 0.807553
3.066667 0.000000 0.000000 0.864339
3.200000 0.000000 0.000000 0.922117
3.333333 0.000000 0.000000 0.980761
3.466667 0.000000 0.000000 1.040153
3.600000 0.000000 0.000000 1.100171
3.733333 0.000000 0.000000 1.160699
3.866667 0.000000 0.000000 1.221623
0.133333 0.000000 1.000000 0.026733
0.266667 0.000000 1.000000 0.041673
0.400000 0.000000 1.000000 0.058347
0.533333 0.000000 1.000000 0.077099
0.666667 0.000000 1.000000 0.098179
0.800000 0.000000 1.000000 0.121725
0.933333 0.000000 1.000000 0.147793
1.066667 0.000000 1.000000 0.176387
1.200000 0.000000 1.000000 0.207480
1.333333 0.000000 1.000000 0.241030
1.466667 0.000000 1.000000 0.276985
1.600000 0.000000 1.000000 0.315283
1.733333 0.000000 1.000000 0.355849
1.866667 0.000000 1.000000 0.398601
2.000000 0.000000 1.000000 0.443439
2.133333 0.000000 1.000000 0.490256
2.266667 0.000000 1.000000 0.538927
2.400000 0.000000 1.000000 0.589324
2.533333 0.000000 1.000000 0.641306
2.666667 0.000000 1.000000 0.694730
2.800000 0.000000 1.000000 0.749453
2.933333 0.000000 1.000000 0.805329
3.066667 0.000000 1.000000 0.862216
3.200000 0.000000 1.000000 0.919974
3.333333 0.000000 1.000000 0.978471
3.466667 0.000000 1.000000 1.037577
3.600000 0.000000 1.000000 1.097170
3.733333 0.000000 1.000000 1.157135
3.866667 0.000000 1.000000 1.217361
0.133333 1.000000 0.000000 0.028181
0.266667 1.000000 0.000000 0.045010
0.400000 1.000000 0.000000 0.063685
0.533333 1.000000 0.000000 0.084433
0.666667 1.000000 0.000000 0.107436
0.800000 1.000000 0.000000 0.132816
0.933333 1.000000 0.000000 0.160647
1.066667 1.000000 0.000000 0.190958
1.200000 1.000000 0.000000 0.223746
1.333333 1.000000 0.000000 0.258975
1.466667 1.000000 0.000000 0.296580
1.600000 1.000000 0.000000 0.336476
1.733333 1.000000 0.000000 0.378556
1.866667 1.000000 0.000000 0.422696
2.000000 1.000000 0.000000 0.468766
2.133333 1.000000 0.000000 0.516626
2.266667 1.000000 0.000000 0.566138
2.400000 1.000000 0.000000 0.617163
2.533333 1.000000 0.000000 0.669567
2.666667 1.000000 0.000000 0.723223
2.800000 1.000000 0.000000 0.778007
2.933333 1.000000 0.000000 0.833804
3.066667 1.000000 0.000000 0.890502
3.200000 1.000000 0.000000 0.947994
3.333333 1.000000 0.000000 1.006178
3.466667 1.000000 0.000000 1.064954
3.600000 1.000000 0.000000 1.124223
3.733333 1.000000 0.000000 1.183894
3.866667 1.000000 0.000000 1.243874
0.133333 1.000000 1.000000 0.029172
0.266667 1.000000 1.000000 0.045614
0.400000 1.000000 1.000000 0.063912
0.533333 1.000000 1.000000 0.084267
0.666667 1.000000 1.000000 0.106845
0.800000 1.000000 1.000000 0.131763
0.933333 1.000000 1.000000 0.159106
1.066667 1.000000 1.000000 0.188924
1.200000 1.000000 1.000000 0.221238
1.333333 1.000000 1.000000 0.256039
1.466667 1.000000 1.000000 0.293288
1.600000 1.000000 1.000000 0.332919
1.733333 1.000000 1.000000 0.374839
1.866667 1.000000 1.000000 0.418933
2.000000 1.000000 1.000000 0.465064
2.133333 1.000000 1.000000 0.513084
2.266667 1.000000 1.000000 0.562832
2.400000 1.000000 1.000000 0.614147
2.533333 1.000000 1.000000 0.666863
2.666667 1.000000 1.000000 0.720821
2.800000 1.000000 1.000000 0.775869
2.933333 1.000000 1.000000 0.831859
3.066667 1.000000 1.000000 0.888655
3.200000 1.000000 1.000000 0.946131
3.333333 1.000000 1.000000 1.004170
3.466667 1.000000 1.000000 1.062664
3.600000 1.000000 1.000000 1.121511
3.733333 1.000000 1.000000 1.180621
3.866667 1.000000 1.000000 1.239908
0.000000 0.558921 0.884220 0.003023
0.000000 0.564095 0.110725 0.002995
0.000000 0.108253 0.562500 0.009374
0.000000 0.891747 0.562500 0.009309
0.000000 0.118928 0.309042 0.008906
0.000000 0.892985 0.309892 0.009178
0.000000 0.309447 0.889324 0.004704
0.000000 0.326592 0.118154 0.004149
0.000000 0.800574 0.875940 0.008125
0.000000 0.796658 0.109485 0.007315
0.000000 0.108253 0.812500 0.009675
0.000000 0.891953 0.437065 0.009134
0.000000 0.783528 0.499928 0.006502
0.000000 0.784498 0.623258 0.006752
0.000000 0.676412 0.560468 0.004182
0.000000 0.676588 0.435313 0.004085
0.000000 0.566987 0.500000 0.001946
0.000000 0.561959 0.643375 0.002052
0.000000 0.458734 0.562500 0.001312
0.000000 0.458734 0.437500 0.001333
0.000000 0.350481 0.500000 0.003274
0.000000 0.348496 0.621562 0.003365
0.000000 0.351344 0.376495 0.003268
0.000000 0.458878 0.312749 0.001564
0.000000 0.246021 0.437954 0.005656
0.000000 0.344980 0.253919 0.003499
0.000000 0.452380 0.188105 0.002093
0.000000 0.226926 0.207145 0.006131
0.000000 0.566791 0.248428 0.002337
0.000000 0.676769 0.177740 0.004513
0.000000 0.682117 0.301484 0.004297
0.000000 0.786875 0.237557 0.006685
0.000000 0.242228 0.562500 0.005806
0.000000 0.249624 0.686052 0.005718
0.000000 0.358118 0.757010 0.003325
0.000000 0.892504 0.686188 0.009683
0.000000 0.793057 0.743115 0.007336
0.000000 0.105086 0.437350 0.009367
0.000000 0.437500 0.891747 0.002573
0.000000 0.496767 0.769275 0.001731
0.000000 0.617280 0.772431 0.003500
0.000000 0.681635 0.882089 0.005353
0.000000 0.108253 0.687500 0.009497
0.000000 0.785051 0.371576 0.006480
0.000000 0.568349 0.372579 0.002039
0.000000 0.105706 0.187500 0.009258
0.000000 0.899105 0.806456 0.010370
0.000000 0.189047 0.901538 0.007643
0.000000 0.897173 0.191133 0.009509
0.000000 0.187499 0.099272 0.007202
0.000000 0.244770 0.325129 0.005666
0.000000 0.687192 0.685423 0.004685
0.000000 0.250073 0.798911 0.005861
0.000000 0.437500 0.084536 0.002792
0.000000 0.444815 0.670744 0.001627
0.000000 0.687500 0.077338 0.005174
0.000000 0.091506 0.908494 0.010369
0.000000 0.908494 0.091506 0.010165
0.000000 0.908494 0.908494 0.011191
0.000000 0.090759 0.090759 0.009729
0.000000 0.175240 0.625000 0.007574
0.000000 0.175240 0.500000 0.007482
0.000000 0.175110 0.382001 0.007422
0.000000 0.175452 0.739793 0.007690
0.000000 0.707292 0.790330 0.005497
4.000000 0.558921 0.884220 1.272199
4.000000 0.564095 0.110725 1.276546
4.000000 0.108253 0.562500 1.276853
4.000000 0.891747 0.562500 1.293726
4.000000 0.118928 0.309042 1.277514
4.000000 0.892985 0.309892 1.294838
4.000000 0.309447 0.889324 1.269214
4.000000 0.326592 0.118154 1.273357
4.000000 0.800574 0.875940 1.284288
4.000000 0.796658 0.109485 1.287914
4.000000 0.108253 0.812500 1.274792
4.000000 0.891953 0.437065 1.294368
4.000000 0.783528 0.499928 1.286213
4.000000 0.784498 0.623258 1.285518
4.000000 0.676412 0.560468 1.279787
4.000000 0.676588 0.435313 1.280458
4.000000 0.566987 0.500000 1.275713
4.000000 0.561959 0.643375 1.274613
4.000000 0.458734 0.562500 1.272762
4.000000 0.458734 0.437500 1.273445
4.000000 0.350481 0.500000 1.272363
4.000000 0.348496 0.621562 1.271587
4.000000 0.351344 0.376495 1.272913
4.000000 0.458878 0.312749 1.273882
4.000000 0.246021 0.437954 1.273642
4.000000 0.344980 0.253919 1.273231
4.000000 0.452380 0.188105 1.273975
4.000000 0.226926 0.207145 1.274588
4.000000 0.566791 0.248428 1.276574
4.000000 0.676769 0.177740 1.281064
4.000000 0.682117 0.301484 1.281168
4.000000 0.786875 0.237557 1.287257
4.000000 0.242228 0.562500 1.273040
4.000000 0.249624 0.686052 1.272000
4.000000 0.358118 0.757010 1.270430
4.000000 0.892504 0.686188 1.292930
4.000000 0.793057 0.743115 1.285116
4.000000 0.105086 0.437350 1.277629
4.000000 0.437500 0.891747 1.269473
4.000000 0.496767 0.769275 1.271790
4.000000 0.617280 0.772431 1.275467
4.000000 0.681635 0.882089 1.277205
4.000000 0.108253 0.687500 1.275949
4.000000 0.785051 0.371576 1.286850
4.000000 0.568349 0.372579 1.276321
4.000000 0.105706 0.187500 1.278160
4.000000 0.899105 0.806456 1.292407
4.000000 0.189047 0.901538 1.271147
4.000000 0.897173 0.191133 1.295311
4.000000 0.187499 0.099272 1.275481
4.000000 0.244770 0.325129 1.274058
4.000000 0.687192 0.685423 1.279415
4.000000 0.250073 0.798911 1.270944
4.000000 0.437500 0.084536 1.273749
4.000000 0.444815 0.670744 1.271770
4.000000 0.687500 0.077338 1.281546
4.000000 0.091506 0.908494 1.274408
4.000000 0.908494 0.091506 1.296180
4.000000 0.908494 0.908494 1.292108
4.000000 0.090759 0.090759 1.278703
4.000000 0.175240 0.625000 1.274174
4.000000 0.175240 0.500000 1.274963
4.000000 0.175110 0.382001 1.275480
4.000000 0.175452 0.739793 1.273222
4.000000 0.707292 0.790330 1.279513
0.733041 0.000000 0.884435 0.110792
2.730225 0.000000 0.107608 0.724218
1.133287 0.000000 0.115483 0.195961
2.066666 0.000000 0.885013 0.468609
3.131827 0.000000 0.110960 0.893346
1.533334 0.000000 0.115472 0.301213
2.466667 0.000000 0.884530 0.616945
3.399089 0.000000 0.882905 1.008906
0.466286 0.000000 0.115164 0.068843
0.114931 0.000000 0.556573 0.025145
3.893360 0.000000 0.439379 1.233978
2.865535 0.000000 0.883559 0.778359
2.330241 0.000000 0.108524 0.567351
1.942441 0.000000 0.117495 0.429268
1.400000 0.000000 0.884707 0.260600
3.530059 0.000000 0.107374 1.069245
0.733084 0.000000 0.110760 0.112267
3.132170 0.000000 0.882853 0.891933
1.133072 0.000000 0.884652 0.193233
1.666666 0.000000 0.884530 0.337303
0.466241 0.000000 0.884838 0.068199
3.664781 0.000000 0.877668 1.127661
0.108009 0.000000 0.321767 0.024176
3.899553 0.000000 0.690327 1.235420
3.791452 0.000000 0.113093 1.187646
0.205999 0.000000 0.888198 0.035025
0.195916 0.000000 0.124055 0.033730
0.333785 0.000000 0.884791 0.050423
0.399720 0.000000 0.770657 0.059576
0.532297 0.000000 0.770092 0.078588
0.465527 0.000000 0.656447 0.069206
0.597929 0.000000 0.655426 0.089422
0.530938 0.000000 0.541799 0.079231
0.663109 0.000000 0.540758 0.100637
0.596290 0.000000 0.431224 0.089658
0.728745 0.000000 0.431461 0.112340
0.795573 0.000000 0.540865 0.124483
0.861445 0.000000 0.431013 0.137502
0.928390 0.000000 0.540766 0.150855
0.459755 0.000000 0.433968 0.068726
0.994379 0.000000 0.430639 0.165177
1.061412 0.000000 0.540338 0.179736
1.127439 0.000000 0.426827 0.195335
1.194562 0.000000 0.539264 0.211088
1.260668 0.000000 0.428878 0.227934
1.327798 0.000000 0.539119 0.244849
1.393930 0.000000 0.428901 0.262898
1.461074 0.000000 0.538704 0.280953
1.527199 0.000000 0.425050 0.300161
1.594371 0.000000 0.537688 0.319329
1.660523 0.000000 0.427257 0.339640
1.727686 0.000000 0.537407 0.359894
1.793843 0.000000 0.427286 0.381258
1.861008 0.000000 0.537087 0.402564
1.927167 0.000000 0.426829 0.424925
1.994333 0.000000 0.536630 0.447248
2.060470 0.000000 0.420885 0.470546
2.127633 0.000000 0.536247 0.493831
2.193792 0.000000 0.419073 0.518013
2.260957 0.000000 0.535476 0.542227
2.327118 0.000000 0.418587 0.567218
2.395170 0.000000 0.534591 0.592647
2.460595 0.000000 0.417952 0.618105
2.528699 0.000000 0.534464 0.644380
2.593984 0.000000 0.417418 0.670466
2.661634 0.000000 0.533755 0.697321
2.727250 0.000000 0.416810 0.724161
2.794441 0.000000 0.531969 0.751517
2.860457 0.000000 0.415928 0.779089
2.927663 0.000000 0.531115 0.807062
2.993780 0.000000 0.415291 0.835198
3.060965 0.000000 0.530450 0.863698
3.127121 0.000000 0.414479 0.892324
3.194213 0.000000 0.529755 0.921242
3.260314 0.000000 0.413954 0.950270
3.327317 0.000000 0.528909 0.979530
3.393425 0.000000 0.413791 1.008941
3.460158 0.000000 0.528181 1.038383
3.525955 0.000000 0.413637 1.067991
3.592116 0.000000 0.527646 1.097402
0.930080 0.000000 0.314710 0.151467
1.329757 0.000000 0.313791 0.245833
1.728822 0.000000 0.310849 0.360775
2.126601 0.000000 0.304029 0.493861
2.526591 0.000000 0.301956 0.643729
2.926563 0.000000 0.300119 0.806623
3.327029 0.000000 0.298751 0.979496
2.729932 0.000000 0.651159 0.724447
3.526802 0.000000 0.641913 1.067632
2.330694 0.000000 0.653033 0.567468
1.928190 0.000000 0.651097 0.423997
3.261046 0.000000 0.646326 0.949943
2.994836 0.000000 0.646218 0.834985
0.996427 0.000000 0.654419 0.164702
1.528234 0.000000 0.652896 0.299174
1.262938 0.000000 0.653709 0.227366
3.655389 0.000000 0.412361 1.126164
0.333952 0.000000 0.657353 0.051246
3.656872 0.000000 0.640372 1.126000
0.663909 0.000000 0.314977 0.100857
3.591245 0.000000 0.305086 1.097308
3.698406 0.000000 0.311293 1.145676
3.594720 0.000000 0.757539 1.097276
3.719820 0.000000 0.755530 1.153572
3.802511 0.000000 0.873260 1.189824
3.658719 0.000000 0.194503 1.127577
3.462428 0.000000 0.760181 1.038141
3.713131 0.000000 0.520322 1.151945
0.268848 0.000000 0.771371 0.042786
0.124892 0.000000 0.787877 0.026126
0.201388 0.000000 0.664817 0.034962
0.255147 0.000000 0.547794 0.041502
0.180487 0.000000 0.436793 0.032581
0.317581 0.000000 0.440307 0.049340
3.531281 0.000000 0.879715 1.067775
3.328218 0.000000 0.767777 0.978643
0.332663 0.000000 0.116279 0.050505
0.419232 0.000000 0.228809 0.062609
0.557359 0.000000 0.219502 0.083076
0.288986 0.000000 0.232661 0.045354
0.599706 0.000000 0.884771 0.088306
0.603872 0.000000 0.107934 0.090010
0.393817 0.000000 0.546278 0.059394
3.459616 0.000000 0.305786 1.038329
3.393802 0.000000 0.184340 1.008704
3.239756 0.000000 0.198413 0.940819
3.190003 0.000000 0.307332 0.919470
0.665385 0.000000 0.769658 0.099961
0.798529 0.000000 0.769308 0.123777
3.059315 0.000000 0.306763 0.863027
2.992628 0.000000 0.184328 0.834086
2.839249 0.000000 0.198928 0.769705
0.866014 0.000000 0.884691 0.135689
0.999511 0.000000 0.884723 0.163200
1.064556 0.000000 0.769401 0.178811
0.866580 0.000000 0.109712 0.137682
0.798263 0.000000 0.227574 0.124937
0.999946 0.000000 0.109561 0.165573
1.066619 0.000000 0.230922 0.181059
1.220544 0.000000 0.219079 0.217673
1.270082 0.000000 0.108352 0.229553
3.128107 0.000000 0.645574 0.892114
3.063117 0.000000 0.763596 0.863327
2.928722 0.000000 0.761978 0.806163
1.400573 0.000000 0.109138 0.263947
1.466676 0.000000 0.230945 0.282847
1.620382 0.000000 0.218261 0.327370
1.984157 0.000000 0.303201 0.444225
2.052548 0.000000 0.194925 0.467425
2.192737 0.000000 0.188015 0.517183
2.393308 0.000000 0.308226 0.592198
2.439292 0.000000 0.201237 0.609410
2.592729 0.000000 0.186182 0.669368
2.333333 0.000000 0.884530 0.565815
2.399560 0.000000 0.768967 0.592496
2.532847 0.000000 0.769283 0.644297
2.265271 0.000000 0.769907 0.541877
2.196567 0.000000 0.652852 0.517843
2.464083 0.000000 0.652560 0.618461
2.199767 0.000000 0.885235 0.516234
2.599919 0.000000 0.884567 0.669549
2.665230 0.000000 0.769146 0.697173
2.732529 0.000000 0.884598 0.723257
1.266385 0.000000 0.884717 0.225670
1.331582 0.000000 0.769215 0.243915
1.533333 0.000000 0.884737 0.297809
1.600000 0.000000 0.769060 0.318899
1.733331 0.000000 0.769061 0.359528
1.799999 0.000000 0.884557 0.378996
1.933333 0.000000 0.884643 0.422800
1.999553 0.000000 0.768976 0.446948
3.000000 0.000000 0.884530 0.835143
1.801519 0.000000 0.110481 0.382926
1.863901 0.000000 0.229491 0.403814
2.659994 0.000000 0.307204 0.696786
2.259962 0.000000 0.309804 0.542198
1.670317 0.000000 0.107199 0.341841
2.862236 0.000000 0.648793 0.779107
2.062767 0.000000 0.652253 0.470107
2.789954 0.000000 0.309847 0.749747
1.866200 0.000000 0.768974 0.402142
3.196554 0.000000 0.765495 0.920989
1.794864 0.000000 0.651238 0.380289
3.394328 0.000000 0.645548 1.008657
1.662103 0.000000 0.652032 0.338819
3.896419 0.000000 0.317413 1.235659
3.898439 0.000000 0.565053 1.235734
1.465943 0.000000 0.769640 0.280280
1.396261 0.000000 0.653881 0.262303
1.197828 0.000000 0.769079 0.210093
0.730478 0.000000 0.654942 0.112005
1.129281 0.000000 0.653915 0.194726
0.863453 0.000000 0.655042 0.137112
0.931415 0.000000 0.769597 0.150023
3.264894 0.000000 0.883172 0.949748
2.797656 0.000000 0.768939 0.751349
2.597071 0.000000 0.651728 0.670799
2.131765 0.000000 0.769039 0.493282
0.095206 0.000000 0.192924 0.022524
3.901255 0.000000 0.190283 1.237908
3.785311 0.000000 0.634058 1.184024
3.783604 0.000000 0.392491 1.184215
3.902367 0.000000 0.812500 1.235639
0.228068 0.000000 0.336934 0.038097
0.388007 0.000000 0.342687 0.058570
0.090768 0.000000 0.675018 0.022461
0.521627 0.000000 0.333996 0.077837
0.671297 0.000000 0.196150 0.101774
0.796488 0.000000 0.343947 0.124869
0.932297 0.000000 0.198496 0.151593
1.062426 0.000000 0.348355 0.180339
1.177909 0.000000 0.327975 0.207452
1.337526 0.000000 0.196261 0.247554
3.799751 0.000000 0.249988 1.191653
1.462203 0.000000 0.347307 0.281797
1.577634 0.000000 0.326611 0.314926
1.736988 0.000000 0.195256 0.362991
1.859578 0.000000 0.339531 0.402624
2.081078 0.000000 0.092997 0.476718
2.200811 0.000000 0.077907 0.519326
3.666667 0.000000 0.081537 1.130794
2.323108 0.000000 0.223161 0.565392
0.098887 0.000000 0.903132 0.023198
0.077407 0.000000 0.437500 0.020917
2.482599 0.000000 0.096207 0.625444
2.601111 0.000000 0.078000 0.671917
3.526688 0.000000 0.219418 1.068153
2.722430 0.000000 0.221954 0.721762
2.882573 0.000000 0.095187 0.787080
3.398106 0.000000 0.074258 1.010048
3.001405 0.000000 0.078095 0.837107
3.122706 0.000000 0.221559 0.890013
3.274900 0.000000 0.087272 0.955622
0.089414 0.000000 0.089117 0.021673
3.907993 0.000000 0.089530 1.240839
3.914309 0.000000 0.912152 1.239998
3.816852 0.000000 0.500000 1.198989
3.822332 0.000000 0.756349 1.199891
1.962550 0.000000 0.210652 0.436602
0.179351 0.000000 0.244373 0.032148
0.733041 1.000000 0.884435 0.119544
2.730225 1.000000 0.107608 0.750217
1.133287 1.000000 0.115483 0.207682
2.066666 1.000000 0.885013 0.490698
3.131827 1.000000 0.110960 0.919418
1.533334 1.000000 0.115472 0.317101
2.466667 1.000000 0.884530 0.642086
3.399089 1.000000 0.882905 1.034274
0.466286 1.000000 0.115164 0.073856
0.114931 1.000000 0.556573 0.025714
3.893360 1.000000 0.439379 1.256087
2.865535 1.000000 0.883559 0.804814
2.330241 1.000000 0.108524 0.591314
1.942441 1.000000 0.117495 0.449665
1.400000 1.000000 0.884707 0.275871
3.530059 1.000000 0.107374 1.093719
0.733084 1.000000 0.110760 0.120131
3.132170 1.000000 0.882853 0.918215
1.133072 1.000000 0.884652 0.205893
1.666666 1.000000 0.884530 0.355338
0.466241 1.000000 0.884838 0.073923
3.664781 1.000000 0.877668 1.151539
0.108009 1.000000 0.321767 0.024683
3.899553 1.000000 0.690327 1.257565
3.791452 1.000000 0.113093 1.210445
0.205999 1.000000 0.888198 0.037644
0.195916 1.000000 0.124055 0.035685
0.333785 1.000000 0.884791 0.054528
0.399720 1.000000 0.770657 0.063962
0.532297 1.000000 0.770092 0.084577
0.465527 1.000000 0.656447 0.073997
0.597929 1.000000 0.655426 0.095778
0.530938 1.000000 0.541799 0.084544
0.663109 1.000000 0.540758 0.107465
0.596290 1.000000 0.431224 0.095611
0.728745 1.000000 0.431461 0.119756
0.795573 1.000000 0.540865 0.132742
0.861445 1.000000 0.431013 0.146307
0.928390 1.000000 0.540766 0.160481
0.459755 1.000000 0.433968 0.073086
0.994379 1.000000 0.430639 0.175330
1.061412 1.000000 0.540338 0.190704
1.127439 1.000000 0.426827 0.206832
1.194562 1.000000 0.539264 0.223410
1.260668 1.000000 0.428878 0.240812
1.327798 1.000000 0.539119 0.258565
1.393930 1.000000 0.428901 0.277206
1.461074 1.000000 0.538704 0.296113
1.527199 1.000000 0.425050 0.315943
1.594371 1.000000 0.537688 0.335971
1.660523 1.000000 0.427257 0.356931
1.727686 1.000000 0.537407 0.378035
1.793843 1.000000 0.427286 0.400055
1.861008 1.000000 0.537087 0.422184
1.927167 1.000000 0.426829 0.445187
1.994333 1.000000 0.536630 0.468284
2.060470 1.000000 0.420885 0.492187
2.127633 1.000000 0.536247 0.516181
2.193792 1.000000 0.419073 0.540910
2.260957 1.000000 0.535476 0.565747
2.327118 1.000000 0.418587 0.591211
2.395170 1.000000 0.534591 0.617169
2.460595 1.000000 0.417952 0.643005
2.528699 1.000000 0.534464 0.669698
2.593984 1.000000 0.417418 0.696059
2.661634 1.000000 0.533755 0.723215
2.727250 1.000000 0.416810 0.750225
2.794441 1.000000 0.531969 0.777765
2.860457 1.000000 0.415928 0.805400
2.927663 1.000000 0.531115 0.833444
2.993780 1.000000 0.415291 0.861535
3.060965 1.000000 0.530450 0.889999
3.127121 1.000000 0.414479 0.918481
3.194213 1.000000 0.529755 0.947264
3.260314 1.000000 0.413954 0.976055
3.327317 1.000000 0.528909 1.005093
3.393425 1.000000 0.413791 1.034185
3.460158 1.000000 0.528181 1.063330
3.525955 1.000000 0.413637 1.092551
3.592116 1.000000 0.527646 1.121604
0.930080 1.000000 0.314710 0.160948
1.329757 1.000000 0.313791 0.259398
1.728822 1.000000 0.310849 0.378794
2.126601 1.000000 0.304029 0.516108
2.526591 1.000000 0.301956 0.668969
2.926563 1.000000 0.300119 0.832945
3.327029 1.000000 0.298751 1.005001
2.729932 1.000000 0.651159 0.750587
3.526802 1.000000 0.641913 1.092254
2.330694 1.000000 0.653033 0.591591
1.928190 1.000000 0.651097 0.444444
3.261046 1.000000 0.646326 0.975790
2.994836 1.000000 0.646218 0.861385
0.996427 1.000000 0.654419 0.175265
1.528234 1.000000 0.652896 0.315248
1.262938 1.000000 0.653709 0.240614
3.655389 1.000000 0.412361 1.149938
0.333952 1.000000 0.657353 0.054440
3.656872 1.000000 0.640372 1.149832
0.663909 1.000000 0.314977 0.107584
3.591245 1.000000 0.305086 1.121459
3.698406 1.000000 0.311293 1.169145
3.594720 1.000000 0.757539 1.121541
3.719820 1.000000 0.755530 1.177031
3.802511 1.000000 0.873260 1.212763
3.658719 1.000000 0.194503 1.151285
3.462428 1.000000 0.760181 1.063151
3.713131 1.000000 0.520322 1.175366
0.268848 1.000000 0.771371 0.045594
0.124892 1.000000 0.787877 0.027440
0.201388 1.000000 0.664817 0.036641
0.255147 1.000000 0.547794 0.043529
0.180487 1.000000 0.436793 0.033706
0.317581 1.000000 0.440307 0.052005
3.531281 1.000000 0.879715 1.092461
3.328218 1.000000 0.767777 1.004276
0.332663 1.000000 0.116279 0.053999
0.419232 1.000000 0.228809 0.066712
0.557359 1.000000 0.219502 0.088778
0.288986 1.000000 0.232661 0.047943
0.599706 1.000000 0.884771 0.095601
0.603872 1.000000 0.107934 0.096555
0.393817 1.000000 0.546278 0.063067
3.459616 1.000000 0.305786 1.063222
3.393802 1.000000 0.184340 1.033893
3.239756 1.000000 0.198413 0.966620
3.190003 1.000000 0.307332 0.945446
0.665385 1.000000 0.769658 0.107475
0.798529 1.000000 0.769308 0.132713
3.059315 1.000000 0.306763 0.889273
2.992628 1.000000 0.184328 0.860366
2.839249 1.000000 0.198928 0.795937
0.866014 1.000000 0.884691 0.145793
0.999511 1.000000 0.884723 0.174593
1.064556 1.000000 0.769401 0.190393
0.866580 1.000000 0.109712 0.146856
0.798263 1.000000 0.227574 0.133178
0.999946 1.000000 0.109561 0.176021
1.066619 1.000000 0.230922 0.191954
1.220544 1.000000 0.219079 0.230128
1.270082 1.000000 0.108352 0.242651
3.128107 1.000000 0.645574 0.918331
3.063117 1.000000 0.763596 0.889692
2.928722 1.000000 0.761978 0.832610
1.400573 1.000000 0.109138 0.278403
1.466676 1.000000 0.230945 0.297918
1.620382 1.000000 0.218261 0.344165
1.984157 1.000000 0.303201 0.465049
2.052548 1.000000 0.194925 0.488942
2.192737 1.000000 0.188015 0.540023
2.393308 1.000000 0.308226 0.616636
2.439292 1.000000 0.201237 0.634129
2.592729 1.000000 0.186182 0.694902
2.333333 1.000000 0.884530 0.590107
2.399560 1.000000 0.768967 0.617162
2.532847 1.000000 0.769283 0.669730
2.265271 1.000000 0.769907 0.565574
2.196567 1.000000 0.652852 0.540888
2.464083 1.000000 0.652560 0.643468
2.199767 1.000000 0.885235 0.539497
2.599919 1.000000 0.884567 0.695341
2.665230 1.000000 0.769146 0.723159
2.732529 1.000000 0.884598 0.749486
1.266385 1.000000 0.884717 0.239614
1.331582 1.000000 0.769215 0.258156
1.533333 1.000000 0.884737 0.314447
1.600000 1.000000 0.769060 0.335976
1.733331 1.000000 0.769061 0.378047
1.799999 1.000000 0.884557 0.398430
1.933333 1.000000 0.884643 0.443598
1.999553 1.000000 0.768976 0.468254
3.000000 1.000000 0.884530 0.861612
1.801519 1.000000 0.110481 0.401802
1.863901 1.000000 0.229491 0.423340
2.659994 1.000000 0.307204 0.722612
2.259962 1.000000 0.309804 0.565630
1.670317 1.000000 0.107199 0.359258
2.862236 1.000000 0.648793 0.805483
2.062767 1.000000 0.652253 0.491919
2.789954 1.000000 0.309847 0.775928
1.866200 1.000000 0.768974 0.422081
3.196554 1.000000 0.765495 0.947074
1.794864 1.000000 0.651238 0.399304
3.394328 1.000000 0.645548 1.033963
1.662103 1.000000 0.652032 0.356370
3.896419 1.000000 0.317413 1.257717
3.898439 1.000000 0.565053 1.257840
1.465943 1.000000 0.769640 0.295922
1.396261 1.000000 0.653881 0.276950
1.197828 1.000000 0.769079 0.222985
0.730478 1.000000 0.654942 0.119837
1.129281 1.000000 0.653915 0.206614
0.863453 1.000000 0.655042 0.146337
0.931415 1.000000 0.769597 0.160300
3.264894 1.000000 0.883172 0.975659
2.797656 1.000000 0.768939 0.777675
2.597071 1.000000 0.651728 0.696481
2.131765 1.000000 0.769039 0.515845
0.095206 1.000000 0.192924 0.023233
3.901255 1.000000 0.190283 1.259913
3.785311 1.000000 0.634058 1.206982
3.783604 1.000000 0.392491 1.207114
3.902367 1.000000 0.812500 1.257819
0.228068 1.000000 0.336934 0.039796
0.388007 1.000000 0.342687 0.062107
0.090768 1.000000 0.675018 0.023071
0.521627 1.000000 0.333996 0.082952
0.671297 1.000000 0.196150 0.108765
0.796488 1.000000 0.343947 0.132984
0.932297 1.000000 0.198496 0.161210
1.062426 1.000000 0.348355 0.191141
1.177909 1.000000 0.327975 0.219426
1.337526 1.000000 0.196261 0.261247
3.799751 1.000000 0.249988 1.214409
1.462203 1.000000 0.347307 0.296813
1.577634 1.000000 0.326611 0.331233
1.736988 1.000000 0.195256 0.381109
1.859578 1.000000 0.339531 0.422115
2.081078 1.000000 0.092997 0.498531
2.200811 1.000000 0.077907 0.542245
3.666667 1.000000 0.081537 1.154437
2.323108 1.000000 0.223161 0.589309
0.098887 1.000000 0.903132 0.024779
0.077407 1.000000 0.437500 0.021069
2.482599 1.000000 0.096207 0.650408
2.601111 1.000000 0.078000 0.697469
3.526688 1.000000 0.219418 1.092666
2.722430 1.000000 0.221954 0.747765
2.882573 1.000000 0.095187 0.813332
3.398106 1.000000 0.074258 1.035196
3.001405 1.000000 0.078095 0.863357
3.122706 1.000000 0.221559 0.916130
3.274900 1.000000 0.087272 0.981279
0.089414 1.000000 0.089117 0.022747
3.907993 1.000000 0.089530 1.262786
3.914309 1.000000 0.912152 1.262140
3.816852 1.000000 0.500000 1.221678
3.822332 1.000000 0.756349 1.222634
1.962550 1.000000 0.210652 0.457193
0.179351 1.000000 0.244373 0.033510
0.733041 0.884435 0.000000 0.104856
2.731122 0.109834 0.000000 0.714326
1.133299 0.115471 0.000000 0.179765
2.066667 0.115470 0.000000 0.458040
3.131823 0.111047 0.000000 0.884748
1.533327 0.884527 0.000000 0.298886
2.466952 0.883184 0.000000 0.627176
3.399087 0.882906 0.000000 1.022470
0.464594 0.112994 0.000000 0.056019
0.116922 0.554763 0.000000 0.004344
3.893373 0.439379 0.000000 1.224180
2.865674 0.884069 0.000000 0.790700
1.933332 0.884529 0.000000 0.428364
1.666667 0.110202 0.000000 0.326025
1.133299 0.884515 0.000000 0.190224
3.529893 0.107335 0.000000 1.062373
0.738401 0.107652 0.000000 0.098981
3.132168 0.882853 0.000000 0.904903
2.200000 0.884530 0.000000 0.524525
1.400001 0.110334 0.000000 0.248433
2.346194 0.112938 0.000000 0.561075
0.466241 0.884838 0.000000 0.061519
3.664778 0.877667 0.000000 1.141204
0.116137 0.315608 0.000000 0.008201
3.899588 0.690145 0.000000 1.235280
3.791449 0.113092 0.000000 1.181522
0.205999 0.888198 0.000000 0.029468
0.208879 0.110301 0.000000 0.026989
0.333785 0.884791 0.000000 0.043909
0.399720 0.770657 0.000000 0.042021
0.532297 0.770092 0.000000 0.059622
0.464940 0.656391 0.000000 0.041185
0.597831 0.655417 0.000000 0.059815
0.530236 0.541732 0.000000 0.044101
0.662942 0.540816 0.000000 0.064258
0.594661 0.425889 0.000000 0.052701
0.728446 0.430584 0.000000 0.074434
0.795496 0.540729 0.000000 0.087535
0.861382 0.430846 0.000000 0.099182
0.928367 0.540715 0.000000 0.113860
0.455571 0.425422 0.000000 0.033506
0.994365 0.430601 0.000000 0.126879
1.061405 0.540324 0.000000 0.143085
1.127438 0.426825 0.000000 0.157451
1.194557 0.539002 0.000000 0.175078
1.260663 0.428833 0.000000 0.190704
1.327791 0.539028 0.000000 0.209802
1.393921 0.428878 0.000000 0.226591
1.461065 0.538728 0.000000 0.247088
1.527209 0.428419 0.000000 0.264985
1.594363 0.538076 0.000000 0.286819
1.660515 0.427941 0.000000 0.305767
1.727676 0.537661 0.000000 0.328894
1.793832 0.427383 0.000000 0.348817
1.860996 0.537194 0.000000 0.373176
1.927156 0.426919 0.000000 0.394010
1.994321 0.536634 0.000000 0.419531
2.060465 0.422754 0.000000 0.441209
2.127647 0.535615 0.000000 0.467810
2.193808 0.425128 0.000000 0.490305
2.260979 0.535435 0.000000 0.517921
2.327116 0.419588 0.000000 0.541112
2.394304 0.533495 0.000000 0.569628
2.460442 0.417934 0.000000 0.593544
2.527633 0.532490 0.000000 0.622893
2.593773 0.417117 0.000000 0.647455
2.660966 0.532214 0.000000 0.677572
2.727105 0.416482 0.000000 0.702710
2.794298 0.531656 0.000000 0.733494
2.860437 0.415880 0.000000 0.759176
2.927629 0.531057 0.000000 0.790534
2.993807 0.415278 0.000000 0.816739
3.060948 0.530442 0.000000 0.848564
3.127083 0.414689 0.000000 0.875214
3.194196 0.529787 0.000000 0.907430
3.260298 0.414166 0.000000 0.934492
3.327304 0.528948 0.000000 0.966974
3.393244 0.413753 0.000000 0.994355
3.460152 0.528249 0.000000 1.027035
3.525748 0.413562 0.000000 1.054605
3.592080 0.527425 0.000000 1.087186
0.930089 0.314681 0.000000 0.117113
1.862139 0.310559 0.000000 0.374113
2.526579 0.301987 0.000000 0.621378
2.926650 0.300095 0.000000 0.788298
3.326530 0.298927 0.000000 0.964517
2.728968 0.648850 0.000000 0.711829
3.526787 0.641886 0.000000 1.062032
1.794854 0.651698 0.000000 0.356990
3.261034 0.646338 0.000000 0.942483
1.394928 0.653471 0.000000 0.234279
2.994815 0.646196 0.000000 0.825173
0.996422 0.654408 0.000000 0.134380
2.329736 0.649452 0.000000 0.550420
2.061505 0.650488 0.000000 0.449686
3.655349 0.412092 0.000000 1.113979
0.332745 0.657748 0.000000 0.026011
3.656900 0.639928 0.000000 1.121298
0.654923 0.318695 0.000000 0.066191
1.329754 0.313779 0.000000 0.212361
1.596374 0.313325 0.000000 0.288721
2.259917 0.303173 0.000000 0.517058
3.590991 0.304961 0.000000 1.084508
3.698343 0.311214 0.000000 1.133735
3.594718 0.757460 0.000000 1.099937
3.719857 0.755259 0.000000 1.156749
3.802515 0.873221 0.000000 1.203245
3.658642 0.194484 0.000000 1.117706
3.462419 0.760169 0.000000 1.040300
3.713196 0.519984 0.000000 1.142574
0.268472 0.771742 0.000000 0.027628
0.124575 0.788297 0.000000 0.015998
0.200927 0.664990 0.000000 0.014790
0.254433 0.547863 0.000000 0.013120
0.187603 0.429354 0.000000 0.007212
0.323058 0.426124 0.000000 0.018667
0.393497 0.542547 0.000000 0.026766
0.388066 0.312147 0.000000 0.030369
0.258079 0.315489 0.000000 0.017601
0.331516 0.195143 0.000000 0.032822
0.523153 0.316799 0.000000 0.046739
0.565192 0.211926 0.000000 0.060483
3.531278 0.879700 0.000000 1.081256
3.328209 0.767782 0.000000 0.980705
0.599706 0.884771 0.000000 0.081867
3.459234 0.305746 0.000000 1.024406
3.392885 0.184099 0.000000 0.997266
3.239626 0.198686 0.000000 0.928174
0.665369 0.769657 0.000000 0.080324
0.798527 0.769308 0.000000 0.104019
3.190023 0.307533 0.000000 0.903395
3.059464 0.306873 0.000000 0.845833
2.992788 0.184374 0.000000 0.820567
2.839439 0.199270 0.000000 0.754368
0.866014 0.884691 0.000000 0.130557
0.999549 0.884701 0.000000 0.159041
1.064831 0.769239 0.000000 0.160085
1.199963 0.769077 0.000000 0.192746
0.867502 0.109191 0.000000 0.122898
0.819154 0.218984 0.000000 0.102191
1.000125 0.109470 0.000000 0.150289
1.066619 0.230899 0.000000 0.152669
1.220548 0.219070 0.000000 0.190471
3.128095 0.645572 0.000000 0.883469
3.063107 0.763591 0.000000 0.863425
2.928710 0.761975 0.000000 0.805192
2.789951 0.308857 0.000000 0.729865
1.266647 0.884750 0.000000 0.223980
1.399992 0.884788 0.000000 0.260238
1.466666 0.769058 0.000000 0.265112
1.599992 0.769063 0.000000 0.304993
1.270091 0.107488 0.000000 0.214379
1.666663 0.884608 0.000000 0.339903
1.799999 0.884621 0.000000 0.383109
1.866667 0.769059 0.000000 0.391550
1.999551 0.768810 0.000000 0.437766
2.659381 0.308449 0.000000 0.675367
2.592715 0.186178 0.000000 0.652895
2.453692 0.193051 0.000000 0.597006
2.066592 0.884488 0.000000 0.475522
2.133333 0.769060 0.000000 0.486244
2.265230 0.766706 0.000000 0.535500
2.194840 0.650759 0.000000 0.498949
2.398606 0.766347 0.000000 0.587114
2.332909 0.883461 0.000000 0.574830
2.533727 0.767497 0.000000 0.641045
2.600007 0.884517 0.000000 0.680693
2.664922 0.767805 0.000000 0.694633
3.000000 0.884530 0.000000 0.847947
1.533334 0.108467 0.000000 0.286289
1.464709 0.226202 0.000000 0.255280
2.202143 0.109492 0.000000 0.507450
2.153689 0.215577 0.000000 0.481583
2.000000 0.230940 0.000000 0.425558
1.933334 0.110086 0.000000 0.412363
1.800000 0.108311 0.000000 0.368343
1.731229 0.225421 0.000000 0.335878
2.596284 0.649153 0.000000 0.656862
2.398620 0.307466 0.000000 0.570399
2.862181 0.648704 0.000000 0.768183
1.928560 0.651290 0.000000 0.402487
3.196547 0.765498 0.000000 0.922094
1.732884 0.769242 0.000000 0.347058
3.394317 0.645562 0.000000 1.002235
1.661532 0.651539 0.000000 0.313720
3.896419 0.317414 0.000000 1.225187
2.732656 0.884813 0.000000 0.735133
3.898521 0.564840 0.000000 1.229446
1.528780 0.652380 0.000000 0.272958
1.332461 0.769651 0.000000 0.227487
1.261663 0.652484 0.000000 0.198136
0.730418 0.654927 0.000000 0.081609
1.129807 0.654089 0.000000 0.165138
0.863425 0.655006 0.000000 0.106556
0.931461 0.769559 0.000000 0.130627
3.264891 0.883173 0.000000 0.963066
2.462840 0.648688 0.000000 0.602818
2.797910 0.769196 0.000000 0.750233
3.784201 0.633731 0.000000 1.179419
0.103048 0.186373 0.000000 0.013670
3.901254 0.190283 0.000000 1.229531
3.783632 0.392392 0.000000 1.172961
3.902368 0.812500 0.000000 1.244099
0.092311 0.673943 0.000000 0.008571
0.454504 0.229802 0.000000 0.044055
0.607769 0.101555 0.000000 0.077937
0.788043 0.330131 0.000000 0.088488
0.334331 0.083688 0.000000 0.042537
0.936698 0.196645 0.000000 0.127486
1.062424 0.348336 0.000000 0.144312
1.177908 0.327957 0.000000 0.172639
1.337021 0.195375 0.000000 0.222663
3.799738 0.249971 0.000000 1.181294
1.462393 0.342120 0.000000 0.247921
1.598462 0.196723 0.000000 0.296889
1.728818 0.340926 0.000000 0.329101
1.865341 0.197063 0.000000 0.381783
1.995300 0.345591 0.000000 0.418907
2.110530 0.323860 0.000000 0.460852
3.666667 0.081536 0.000000 1.125806
2.265183 0.190049 0.000000 0.524602
0.098887 0.903132 0.000000 0.019419
2.487656 0.095577 0.000000 0.617305
0.080694 0.436196 0.000000 0.001896
2.602299 0.078318 0.000000 0.664306
3.526329 0.219325 0.000000 1.056577
2.722522 0.222518 0.000000 0.704334
0.697071 0.213338 0.000000 0.080969
2.882780 0.095625 0.000000 0.778641
3.397889 0.074270 0.000000 1.004643
3.001478 0.078209 0.000000 0.830371
3.274792 0.087450 0.000000 0.949045
3.122745 0.221702 0.000000 0.875712
0.092007 0.089530 0.000000 0.017425
0.202414 0.222134 0.000000 0.018988
3.907993 0.089530 0.000000 1.236130
3.914310 0.912144 0.000000 1.257324
3.816171 0.503668 0.000000 1.189645
3.822326 0.756350 0.000000 1.203668
2.356956 0.213535 0.000000 0.558144
0.733034 0.884434 1.000000 0.104174
2.730249 0.107721 1.000000 0.711506
1.133299 0.884514 1.000000 0.188041
2.066666 0.115470 1.000000 0.453958
3.131828 0.111130 1.000000 0.882516
1.533327 0.884527 1.000000 0.295477
2.466935 0.883209 1.000000 0.624202
3.399086 0.882977 1.000000 1.020114
0.460869 0.113829 1.000000 0.054683
0.116925 0.554765 1.000000 0.004766
3.893366 0.439401 1.000000 1.219348
0.866667 0.115470 1.000000 0.119731
2.865657 0.884091 1.000000 0.788493
1.933332 0.884530 1.000000 0.424589
1.400000 0.110332 1.000000 0.244478
3.529904 0.107518 1.000000 1.059459
3.132162 0.882935 1.000000 0.902864
2.200000 0.884530 1.000000 0.521023
2.346198 0.113044 1.000000 0.557567
1.666667 0.110216 1.000000 0.321702
1.133333 0.110456 1.000000 0.177140
0.466239 0.884837 1.000000 0.061662
3.664763 0.877832 1.000000 1.137983
0.116153 0.315611 1.000000 0.008189
3.899548 0.690192 1.000000 1.230541
3.791437 0.113175 1.000000 1.177485
0.206000 0.888198 1.000000 0.030233
0.208901 0.110315 1.000000 0.027079
0.333785 0.884791 1.000000 0.044383
0.399721 0.770661 1.000000 0.042344
0.532291 0.770096 1.000000 0.059611
0.464934 0.656407 1.000000 0.041264
0.597796 0.655440 1.000000 0.059526
0.530207 0.541782 1.000000 0.043796
0.662874 0.540873 1.000000 0.063555
0.594627 0.425978 1.000000 0.051932
0.455579 0.425485 1.000000 0.033089
0.728397 0.425822 1.000000 0.073322
0.795396 0.540446 1.000000 0.086360
0.861360 0.430132 1.000000 0.097561
0.928303 0.540607 1.000000 0.112202
0.994325 0.430436 1.000000 0.124763
1.061359 0.540343 1.000000 0.140928
1.127444 0.430154 1.000000 0.154827
1.194530 0.539618 1.000000 0.172456
1.260653 0.429563 1.000000 0.187658
1.327770 0.539331 1.000000 0.206731
1.393913 0.429130 1.000000 0.223166
1.461047 0.538908 1.000000 0.243646
1.527204 0.428581 1.000000 0.261259
1.594348 0.538213 1.000000 0.283100
1.660513 0.428088 1.000000 0.301839
1.727662 0.537812 1.000000 0.325005
1.793831 0.427539 1.000000 0.344792
1.860984 0.537356 1.000000 0.369226
1.927155 0.427086 1.000000 0.389995
1.994310 0.536808 1.000000 0.415623
2.060466 0.422949 1.000000 0.437297
2.127636 0.535784 1.000000 0.464035
2.193809 0.425319 1.000000 0.486580
2.260968 0.535612 1.000000 0.514352
2.327118 0.419809 1.000000 0.537629
2.394294 0.533722 1.000000 0.566313
2.460444 0.418178 1.000000 0.590335
2.527623 0.532738 1.000000 0.619850
2.593775 0.417379 1.000000 0.644521
2.660956 0.532482 1.000000 0.674789
2.727108 0.416759 1.000000 0.700023
2.794288 0.531939 1.000000 0.730929
2.860439 0.416170 1.000000 0.756679
2.927619 0.531355 1.000000 0.788120
2.993810 0.415582 1.000000 0.814350
3.060939 0.530754 1.000000 0.846207
3.127085 0.415007 1.000000 0.872831
3.194186 0.530113 1.000000 0.905021
3.260301 0.414498 1.000000 0.931996
3.327294 0.529287 1.000000 0.964390
3.393247 0.414099 1.000000 0.991620
3.460142 0.528602 1.000000 1.024145
3.525752 0.413922 1.000000 1.051499
3.592072 0.527792 1.000000 1.083859
0.659967 0.310207 1.000000 0.066296
1.862144 0.310672 1.000000 0.369981
2.526593 0.302242 1.000000 0.618299
2.926664 0.300392 1.000000 0.785886
3.326544 0.299266 1.000000 0.961952
2.728941 0.649063 1.000000 0.709209
3.526766 0.642247 1.000000 1.059008
1.794830 0.651878 1.000000 0.353138
3.261026 0.646630 1.000000 0.940073
1.394898 0.653615 1.000000 0.231134
2.994793 0.646501 1.000000 0.822858
0.996365 0.654410 1.000000 0.132637
2.329717 0.649585 1.000000 0.547022
2.061483 0.650695 1.000000 0.445896
3.655344 0.412461 1.000000 1.110376
0.332746 0.657754 1.000000 0.026374
3.656868 0.640295 1.000000 1.117775
1.063241 0.314475 1.000000 0.143530
1.329758 0.313942 1.000000 0.208914
1.596374 0.313401 1.000000 0.284732
2.259931 0.303401 1.000000 0.513409
3.591005 0.305294 1.000000 1.081204
3.698318 0.311500 1.000000 1.129962
3.594696 0.757791 1.000000 1.096805
3.719815 0.755498 1.000000 1.153067
3.802486 0.873270 1.000000 1.199340
3.658639 0.194718 1.000000 1.114205
3.462405 0.760455 1.000000 1.037606
3.713155 0.520285 1.000000 1.138712
0.268473 0.771744 1.000000 0.028214
0.124575 0.788298 1.000000 0.016832
0.200929 0.664994 1.000000 0.015366
0.254437 0.547870 1.000000 0.013376
0.187623 0.429357 1.000000 0.007124
0.323087 0.426149 1.000000 0.018481
0.393498 0.542575 1.000000 0.026781
0.388126 0.312221 1.000000 0.029894
0.258125 0.315518 1.000000 0.017375
0.328643 0.196684 1.000000 0.032049
0.524007 0.315444 1.000000 0.046134
0.578315 0.194587 1.000000 0.062849
0.718337 0.202926 1.000000 0.083936
3.531270 0.879842 1.000000 1.078539
3.328223 0.767920 1.000000 0.978322
0.599703 0.884771 1.000000 0.081626
3.459249 0.306060 1.000000 1.021535
3.392912 0.184445 1.000000 0.994648
3.239640 0.198923 1.000000 0.925796
0.665341 0.769664 1.000000 0.079904
0.798483 0.769318 1.000000 0.103127
3.190035 0.307812 1.000000 0.901000
3.059477 0.307146 1.000000 0.843485
2.992814 0.184678 1.000000 0.818256
2.839307 0.199112 1.000000 0.751849
0.865989 0.884698 1.000000 0.129389
0.999530 0.884707 1.000000 0.157364
1.064796 0.769252 1.000000 0.158164
1.199967 0.769075 1.000000 0.190319
3.128073 0.645890 1.000000 0.881163
3.063091 0.763814 1.000000 0.861236
2.928676 0.762273 1.000000 0.802930
2.789938 0.309040 1.000000 0.727278
1.266648 0.884764 1.000000 0.221323
1.399993 0.884804 1.000000 0.257165
1.464953 0.769066 1.000000 0.261349
1.599993 0.769063 1.000000 0.301430
1.666663 0.884624 1.000000 0.336263
1.799999 0.884640 1.000000 0.379347
1.866667 0.769059 1.000000 0.387727
1.999999 0.769060 1.000000 0.434162
2.659390 0.308676 1.000000 0.672561
2.592741 0.186441 1.000000 0.649970
2.453710 0.193278 1.000000 0.593760
2.066666 0.884530 1.000000 0.471872
2.133333 0.769060 1.000000 0.482585
2.265216 0.766757 1.000000 0.532042
2.194816 0.650748 1.000000 0.495309
2.398581 0.766419 1.000000 0.583910
2.332900 0.883486 1.000000 0.571574
2.533672 0.767524 1.000000 0.638107
2.600026 0.884486 1.000000 0.678018
2.664896 0.767856 1.000000 0.691973
3.000000 0.884530 1.000000 0.845877
1.266667 0.108640 1.000000 0.209737
1.198086 0.226743 1.000000 0.181022
1.800000 0.109227 1.000000 0.363902
1.731231 0.225619 1.000000 0.331657
1.933333 0.109063 1.000000 0.408203
2.000000 0.230940 1.000000 0.421463
2.153335 0.216648 1.000000 0.477509
2.205478 0.107149 1.000000 0.505064
1.533333 0.108484 1.000000 0.282094
1.464705 0.226267 1.000000 0.251376
1.000000 0.109621 1.000000 0.147476
0.951649 0.219844 1.000000 0.126080
2.596259 0.649324 1.000000 0.653997
2.398629 0.307700 1.000000 0.567040
2.862153 0.648919 1.000000 0.765753
0.787557 0.320182 1.000000 0.087325
1.928559 0.651398 1.000000 0.398617
3.196540 0.765679 1.000000 0.919866
1.732882 0.769327 1.000000 0.343318
3.394309 0.645857 1.000000 0.999587
3.896391 0.317476 1.000000 1.220361
2.732641 0.884803 1.000000 0.732713
1.661507 0.651614 1.000000 0.309991
3.898487 0.564910 1.000000 1.224609
1.529457 0.653413 1.000000 0.269746
1.331347 0.768976 1.000000 0.224234
1.261625 0.652534 1.000000 0.195404
0.730356 0.654900 1.000000 0.080873
1.129774 0.654205 1.000000 0.162892
0.863356 0.654944 1.000000 0.105324
0.931420 0.769555 1.000000 0.129226
3.265398 0.884290 1.000000 0.961268
2.462816 0.648856 1.000000 0.599685
2.797865 0.769213 1.000000 0.747791
3.784129 0.634002 1.000000 1.175264
0.103051 0.186375 1.000000 0.013936
3.901229 0.190307 1.000000 1.224781
3.783592 0.392540 1.000000 1.168734
3.902264 0.812500 1.000000 1.239484
0.092311 0.673945 1.000000 0.009243
0.455992 0.226553 1.000000 0.043794
0.661150 0.109038 1.000000 0.084160
0.333016 0.084166 1.000000 0.042046
0.922713 0.332723 1.000000 0.112571
1.069262 0.196228 1.000000 0.153494
1.195836 0.342975 1.000000 0.173413
1.331843 0.197185 1.000000 0.217472
3.799672 0.250040 1.000000 1.177043
1.462391 0.342264 1.000000 0.244200
1.598462 0.196797 1.000000 0.292737
1.728819 0.341064 1.000000 0.325018
1.865342 0.197104 1.000000 0.377550
1.995303 0.345704 1.000000 0.414882
2.110474 0.324160 1.000000 0.456925
3.666667 0.081746 1.000000 1.122405
2.265783 0.189906 1.000000 0.521171
0.098887 0.903132 1.000000 0.020434
2.487664 0.095701 1.000000 0.614143
3.526342 0.219607 1.000000 1.053558
2.602131 0.077972 1.000000 0.661392
0.080701 0.436197 1.000000 0.001638
2.722325 0.222198 1.000000 0.701600
2.882617 0.095326 1.000000 0.776239
3.397897 0.074413 1.000000 1.002128
3.001452 0.078227 1.000000 0.828132
3.274797 0.087610 1.000000 0.946725
3.122759 0.221938 1.000000 0.873397
0.835215 0.214783 1.000000 0.103623
0.762050 0.101008 1.000000 0.102087
0.092007 0.089530 1.000000 0.017914
0.202020 0.222366 1.000000 0.018898
3.907993 0.089530 1.000000 1.231480
3.914283 0.912154 1.000000 1.252864
3.817016 0.500000 1.000000 1.185563
3.822286 0.756287 1.000000 1.199448
0.575281 0.086576 1.000000 0.073407
2.358997 0.212459 1.000000 0.555535
0.985244 0.499998 0.499999 0.127454
1.923932 0.500000 0.499991 0.395741
3.007712 0.500029 0.500027 0.826201
3.506191 0.495303 0.495298 1.048025
0.490122 0.491733 0.500000 0.040128
2.460713 0.500000 0.500060 0.597030
1.454588 0.466336 0.466333 0.246004
2.734230 0.349425 0.657119 0.707133
2.734195 0.657101 0.349396 0.716721
2.192342 0.659827 0.347498 0.500875
2.192302 0.347807 0.660823 0.491441
1.244984 0.657943 0.657894 0.195503
0.734921 0.661360 0.661363 0.084608
1.664223 0.657709 0.657721 0.315987
3.257072 0.340142 0.667804 0.933747
3.257066 0.667672 0.339819 0.943607
3.262181 0.330036 0.330182 0.936912
0.735327 0.636958 0.330869 0.083284
0.740439 0.330756 0.645000 0.081850
1.221153 0.328078 0.655483 0.184737
1.221144 0.655342 0.328130 0.190025
3.693446 0.314372 0.316961 1.132231
2.788522 0.675279 0.675241 0.739877
2.144067 0.674444 0.674069 0.482600
1.688058 0.328779 0.654334 0.317487
2.780364 0.330074 0.330090 0.727552
3.688518 0.313677 0.682135 1.128644
1.688052 0.654385 0.328760 0.324510
2.230401 0.330199 0.331271 0.507349
3.285547 0.670333 0.670006 0.955612
3.683488 0.683645 0.312548 1.136553
0.306320 0.314372 0.316961 0.023813
3.680585 0.684531 0.684541 1.133976
1.711609 0.331674 0.323030 0.326125
0.783647 0.319978 0.327447 0.090550
0.317387 0.684156 0.684069 0.027490
0.309442 0.313506 0.688227 0.023992
1.197639 0.322503 0.333239 0.180092
0.301462 0.699254 0.369221 0.026743
2.494411 0.709069 0.709804 0.620799
2.463901 0.278415 0.721201 0.597690
1.941429 0.733140 0.264380 0.415719
2.463832 0.721065 0.277659 0.610818
2.505267 0.281896 0.281894 0.615492
0.990948 0.733403 0.733395 0.140764
1.461604 0.738488 0.462949 0.262490
2.992917 0.729584 0.270605 0.831967
2.992962 0.270610 0.729587 0.818322
1.460702 0.463702 0.738424 0.245891
1.970073 0.263405 0.373769 0.415475
1.942229 0.261643 0.723139 0.403903
0.975030 0.738982 0.383955 0.138829
1.455108 0.261927 0.293935 0.252122
0.979183 0.390416 0.739786 0.125417
3.042141 0.596785 0.744180 0.843659
0.556467 0.744815 0.488833 0.062434
1.902262 0.589938 0.745906 0.389659
3.021292 0.400785 0.259081 0.830344
3.472354 0.459481 0.750125 1.030571
3.472402 0.750102 0.459044 1.045264
0.545357 0.406359 0.257527 0.047963
0.562896 0.488417 0.748609 0.049413
2.023174 0.487032 0.253150 0.430479
0.994789 0.244486 0.505719 0.137764
0.994783 0.505687 0.244485 0.129259
3.041595 0.247705 0.464573 0.841291
3.089108 0.743890 0.520026 0.874937
3.525878 0.489739 0.242134 1.056945
1.927710 0.752217 0.548440 0.412485
3.756868 0.474852 0.500000 1.161804
3.467895 0.245401 0.456455 1.030556
0.576956 0.253451 0.463481 0.060997
1.454581 0.247562 0.595561 0.252261
0.241349 0.471171 0.500000 0.013074
1.454585 0.595563 0.247563 0.249620
0.516341 0.719200 0.243825 0.054040
2.327577 0.530885 0.760598 0.543556
1.454695 0.752309 0.752220 0.260033
2.362586 0.754755 0.503079 0.573920
0.536468 0.244520 0.750581 0.054925
0.535478 0.758296 0.758296 0.060094
2.388616 0.492048 0.240313 0.568078
0.992513 0.233847 0.234795 0.137863
2.389580 0.239966 0.492284 0.571491
2.571770 0.488558 0.767532 0.639796
2.626278 0.481568 0.230064 0.663567
3.466715 0.228411 0.693757 1.029425
2.627042 0.229578 0.481749 0.666808
2.599175 0.772688 0.506615 0.670188
3.788903 0.237857 0.500036 1.176635
0.211025 0.237857 0.500036 0.020218
3.468342 0.715203 0.228626 1.040940
3.240338 0.494025 0.493944 0.928505
1.216696 0.495372 0.495468 0.181910
0.230490 0.520867 0.232762 0.011850
3.486792 0.261786 0.225964 1.038677
3.476608 0.766144 0.766138 1.046823
1.693612 0.496157 0.496122 0.318857
3.773039 0.777219 0.499033 1.182727
2.865692 0.782858 0.488415 0.782243
2.236189 0.526859 0.527112 0.510119
2.683272 0.532784 0.532780 0.688845
0.712213 0.502873 0.506889 0.074175
3.781837 0.500436 0.223542 1.174277
2.851573 0.487888 0.788139 0.756761
3.773756 0.500400 0.777740 1.168273
1.804061 0.502641 0.213122 0.354856
0.784868 0.786225 0.486057 0.104907
1.796259 0.209503 0.501251 0.359885
1.798244 0.785335 0.785443 0.369784
1.159984 0.785027 0.497283 0.186334
1.166355 0.496887 0.785829 0.167427
0.789921 0.490318 0.786773 0.086548
0.225568 0.501775 0.780731 0.011180
0.864959 0.207855 0.775560 0.112545
2.840667 0.539267 0.203746 0.755101
2.300851 0.783301 0.783515 0.550689
2.094245 0.495309 0.788223 0.453939
2.144802 0.213791 0.495043 0.480418
1.093407 0.213248 0.786187 0.160385
3.141827 0.788030 0.788009 0.900138
2.279004 0.208283 0.791388 0.528307
1.556685 0.213706 0.785986 0.282414
0.864948 0.793805 0.205145 0.120792
1.679236 0.492039 0.794923 0.311634
1.721377 0.788154 0.495182 0.347205
1.274113 0.482487 0.209207 0.196132
1.353570 0.784638 0.215240 0.236462
2.837712 0.211689 0.526604 0.755032
3.205799 0.501521 0.213022 0.913098
3.260597 0.202494 0.502976 0.938904
3.121066 0.215164 0.215160 0.876662
0.621571 0.204818 0.243165 0.071308
0.209424 0.793885 0.202823 0.023668
1.274231 0.202886 0.491748 0.207512
0.209277 0.792657 0.536551 0.023896
1.343127 0.212486 0.787283 0.222421
1.593040 0.200511 0.442407 0.296993
3.260589 0.505285 0.800399 0.936085
2.311286 0.200947 0.197338 0.543077
3.803332 0.800690 0.800698 1.196145
2.129150 0.792118 0.499416 0.489076
2.278032 0.794197 0.208970 0.544988
1.051083 0.714750 0.177374 0.152944
0.792307 0.484860 0.200568 0.087594
2.961630 0.794874 0.679518 0.823491
1.561418 0.419993 0.206582 0.277123
2.911823 0.231460 0.198484 0.785380
0.731959 0.807719 0.807731 0.096467
2.009665 0.789753 0.789726 0.443107
1.562927 0.770742 0.206688 0.295469
3.808064 0.196120 0.790359 1.184466
1.260351 0.804833 0.804265 0.212034
0.793988 0.200603 0.494804 0.101327
2.679265 0.201978 0.201909 0.689054
2.097242 0.216050 0.207255 0.462820
2.664987 0.793484 0.793624 0.697301
2.731483 0.194638 0.794841 0.709457
1.286516 0.197834 0.197956 0.210838
3.175717 0.203238 0.800477 0.899666
3.175598 0.800478 0.203180 0.917232
2.731141 0.794768 0.194517 0.726305
1.760944 0.201129 0.797155 0.346374
3.283914 0.801864 0.514981 0.965331
1.762706 0.799597 0.197528 0.361734
1.844872 0.210526 0.210791 0.375743
0.197698 0.194376 0.198557 0.021265
3.801064 0.803321 0.197049 1.197703
0.424113 0.200188 0.198095 0.044145
0.393504 0.317600 0.507585 0.032926
0.193011 0.190039 0.798036 0.021108
2.094304 0.403831 0.458100 0.455699
0.408331 0.536571 0.323023 0.030337
1.427564 0.604937 0.604409 0.241963
0.188744 0.773957 0.809923 0.021027
2.203188 0.540473 0.189573 0.497871
1.346751 0.815425 0.601579 0.237865
1.346325 0.602322 0.815718 0.217271
0.907783 0.662891 0.572467 0.118093
0.385038 0.500526 0.665856 0.027017
1.860443 0.412562 0.816774 0.370278
3.643596 0.632513 0.495582 1.115434
2.833239 0.500083 0.411357 0.751186
3.631757 0.495233 0.646291 1.104382
3.356541 0.500244 0.337771 0.980761
3.825967 0.188952 0.327858 1.195279
3.086676 0.419988 0.810361 0.857348
3.615897 0.186099 0.560718 1.098868
2.604008 0.407396 0.407862 0.653849
3.470102 0.640310 0.618806 1.036807
1.621916 0.200342 0.199793 0.305410
0.675223 0.809052 0.186852 0.086975
1.565215 0.815850 0.606776 0.300859
0.990487 0.563290 0.820642 0.128362
0.619779 0.568163 0.185279 0.059805
0.431683 0.609112 0.817737 0.035381
0.430792 0.818468 0.611246 0.051224
3.581795 0.822715 0.597547 1.099514
3.086833 0.578269 0.343177 0.863685
3.581817 0.597799 0.822820 1.083756
2.089527 0.181799 0.819762 0.459631
1.070452 0.584151 0.647235 0.148575
3.616943 0.184713 0.805099 1.097746
2.015222 0.645395 0.416838 0.434859
2.111014 0.706891 0.181906 0.473773
0.960822 0.368136 0.368153 0.123552
0.370182 0.821515 0.821514 0.043560
3.306500 0.228741 0.175536 0.958143
0.664080 0.829083 0.621406 0.087570
0.994599 0.828266 0.572542 0.152329
0.345022 0.663761 0.188019 0.028550
0.520356 0.624934 0.627904 0.048487
2.016842 0.412124 0.638134 0.426725
0.663943 0.622535 0.829076 0.069120
1.310381 0.823352 0.393001 0.229538
2.909809 0.370963 0.594642 0.781879
2.560659 0.589043 0.368879 0.641018
2.560855 0.368617 0.588578 0.635796
1.616650 0.819748 0.819748 0.315033
0.652832 0.171004 0.610775 0.079455
0.417586 0.176485 0.625521 0.045724
0.426219 0.380414 0.819705 0.032470
3.825150 0.622541 0.413403 1.198026
1.313856 0.391633 0.826226 0.204764
0.561805 0.363037 0.611297 0.052027
1.971921 0.183600 0.556860 0.420639
1.109727 0.375325 0.177952 0.155998
2.901731 0.691298 0.822670 0.787906
3.365343 0.322834 0.818909 0.981122
3.620985 0.352186 0.481772 1.098654
2.365650 0.405903 0.628753 0.557471
1.806833 0.470589 0.640788 0.354480
3.373082 0.400796 0.183080 0.986195
3.118474 0.184570 0.622097 0.876566
0.675817 0.347067 0.818511 0.068923
0.376609 0.418114 0.178627 0.025932
3.127066 0.472025 0.637970 0.877248
2.365258 0.606307 0.383300 0.563847
0.173464 0.618792 0.588193 0.011427
1.128344 0.177376 0.610595 0.173315
3.605421 0.369536 0.832116 1.089342
3.827253 0.323393 0.187715 1.193604
3.828414 0.614373 0.598205 1.198350
3.358801 0.821399 0.332360 1.000330
2.608377 0.183384 0.658735 0.660653
1.538703 0.605961 0.823366 0.272236
2.608272 0.824018 0.329363 0.679241
0.847610 0.382717 0.508664 0.099997
2.708586 0.599300 0.823345 0.700172
3.604704 0.167201 0.369853 1.094917
0.374944 0.177823 0.802869 0.039854
0.839946 0.662701 0.808536 0.103263
1.180927 0.821874 0.263528 0.195582
2.608467 0.658379 0.183156 0.664062
0.838929 0.809062 0.662164 0.117326
0.354906 0.612480 0.520545 0.027460
1.620505 0.588885 0.172878 0.298624
3.603928 0.833523 0.370317 1.110958
1.137826 0.672419 0.820008 0.168481
2.274780 0.168591 0.613952 0.531037
0.673260 0.166022 0.832230 0.081831
2.247156 0.383278 0.830922 0.509690
0.850815 0.509281 0.381491 0.099810
1.834556 0.644480 0.435694 0.371931
3.416554 0.364352 0.583979 1.005569
0.163993 0.410733 0.354105 0.008234
1.104538 0.173760 0.379633 0.168804
3.032973 0.584233 0.170511 0.839790
2.688482 0.366252 0.830990 0.686237
3.362473 0.580885 0.169676 0.985776
1.302391 0.487996 0.657646 0.203157
3.831769 0.405951 0.642342 1.194406
2.912265 0.166242 0.368729 0.788960
1.866997 0.829437 0.397320 0.400539
3.621163 0.803544 0.193740 1.116149
3.704645 0.181551 0.185082 1.139866
2.090507 0.821607 0.322997 0.478409
3.166670 0.827658 0.380878 0.916284
0.428384 0.196611 0.378405 0.045539
1.302482 0.659518 0.487971 0.211504
0.565863 0.602061 0.379879 0.053863
2.938946 0.646102 0.580250 0.802672
3.315832 0.827708 0.827671 0.979889
0.811025 0.188278 0.189812 0.105071
1.916312 0.369753 0.169609 0.392420
1.869935 0.411291 0.353246 0.376687
0.165700 0.399781 0.640031 0.008673
1.143395 0.822975 0.670796 0.185834
2.394710 0.381900 0.381995 0.569833
3.835266 0.406181 0.360185 1.197271
3.661970 0.512167 0.354342 1.119616
3.350028 0.173369 0.341128 0.979918
3.618540 0.361308 0.164601 1.097558
2.257873 0.836926 0.383804 0.542563
2.793635 0.386156 0.161978 0.732027
1.614450 0.169424 0.617704 0.305206
3.403853 0.610784 0.815736 1.004119
2.379856 0.613830 0.611364 0.569258
2.273554 0.378426 0.165069 0.522190
2.855206 0.833673 0.317284 0.782799
2.253799 0.834580 0.619471 0.539908
2.272542 0.165020 0.381516 0.531295
2.737643 0.829248 0.602560 0.732653
1.585839 0.512069 0.356176 0.285742
1.095668 0.627907 0.449142 0.157495
3.117690 0.396882 0.407416 0.872798
0.872045 0.502953 0.633066 0.103469
2.859087 0.317185 0.836607 0.758744
1.147648 0.492238 0.332581 0.164768
0.407752 0.828423 0.433726 0.049028
0.381026 0.835970 0.164047 0.045825
2.498335 0.834309 0.833669 0.633346
1.084262 0.838239 0.838280 0.172297
1.399057 0.367049 0.164562 0.230748
3.645026 0.593625 0.167949 1.114473
3.629889 0.831051 0.831108 1.120137
0.160462 0.366421 0.183080 0.009082
3.342980 0.637004 0.497080 0.980037
0.687198 0.470190 0.338109 0.069512
0.664046 0.793517 0.360326 0.083970
3.300620 0.169112 0.679939 0.957185
1.611514 0.651265 0.490352 0.300050
1.999028 0.846038 0.154029 0.447771
1.584957 0.359746 0.515735 0.285500
1.067595 0.377111 0.590931 0.146432
0.891675 0.625001 0.169625 0.111651
1.355258 0.398260 0.339369 0.218655
1.592160 0.827018 0.375521 0.311178
0.899719 0.837224 0.837234 0.131744
0.714347 0.332061 0.167549 0.076837
0.172643 0.581337 0.384818 0.009680
2.522336 0.161484 0.839872 0.625475
2.735779 0.164997 0.362256 0.714875
3.845316 0.844279 0.644806 1.219621
3.331779 0.504983 0.641602 0.969060
2.430457 0.409572 0.829490 0.580979
2.259638 0.355059 0.500771 0.517710
3.519603 0.610959 0.366391 1.058409
2.563252 0.828055 0.160893 0.660674
1.326665 0.364724 0.523335 0.211515
2.937464 0.638448 0.407148 0.801944
1.599742 0.498026 0.641406 0.288607
2.071421 0.566895 0.560078 0.450193
0.170312 0.810973 0.369735 0.021156
2.213578 0.641303 0.828615 0.504541
2.353633 0.644896 0.170079 0.560966
1.563855 0.375044 0.841894 0.275592
1.448505 0.157523 0.157794 0.258218
3.357684 0.829016 0.159321 1.000004
3.157584 0.162559 0.373149 0.895202
0.876622 0.178146 0.347107 0.119257
2.863394 0.166205 0.689579 0.767223
2.932812 0.362028 0.399718 0.792261
2.827963 0.518117 0.621926 0.748863
1.883839 0.344558 0.556341 0.381999
0.901647 0.160027 0.618079 0.125534
2.516422 0.160254 0.158526 0.625288
1.427731 0.165887 0.430651 0.252205
3.841780 0.356396 0.841927 1.197099
2.824051 0.843080 0.830717 0.768502
2.748843 0.375961 0.490269 0.713853
2.473798 0.838198 0.601044 0.626119
2.630095 0.615145 0.671061 0.669865
2.237757 0.497031 0.360271 0.510165
1.128092 0.550779 0.153426 0.160589
0.154235 0.209091 0.352526 0.017210
3.413219 0.832065 0.622109 1.024901
2.463259 0.600018 0.836850 0.599383
2.916069 0.832768 0.156331 0.807810
2.110007 0.162654 0.652722 0.470353
1.934140 0.598539 0.161233 0.402641
1.700600 0.655607 0.834883 0.325405
3.841258 0.641365 0.841381 1.203432
2.038854 0.342604 0.836313 0.433288
3.846274 0.845168 0.351496 1.221328
3.478734 0.388377 0.368104 1.034221
1.227726 0.683370 0.148301 0.193021
1.821460 0.633824 0.603028 0.366050
3.000500 0.833005 0.402315 0.844774
0.158023 0.353930 0.837465 0.009291
0.272049 0.845930 0.683007 0.034132
2.500265 0.396717 0.160765 0.610935
3.837176 0.155812 0.633849 1.200233
0.251887 0.162852 0.643851 0.028704
1.126047 0.161764 0.161759 0.174337
2.501054 0.160596 0.396583 0.619950
2.157753 0.844024 0.843859 0.502605
3.387439 0.156449 0.823089 0.995291
3.844454 0.652064 0.250877 1.208457
3.248511 0.668194 0.832251 0.937748
2.989711 0.831426 0.839294 0.837764
3.169828 0.838838 0.631320 0.918183
2.042475 0.836322 0.633856 0.461797
0.919095 0.373134 0.162657 0.113738
1.714203 0.372712 0.162237 0.325091
0.680192 0.150737 0.387016 0.086297
1.722344 0.845483 0.650805 0.353354
2.457543 0.836464 0.395552 0.620074
1.329622 0.148985 0.636540 0.226257
1.832071 0.160399 0.654313 0.374521
1.066381 0.853881 0.146112 0.171284
1.348183 0.559531 0.366657 0.218393
1.747580 0.166276 0.343652 0.347949
2.737472 0.686542 0.520316 0.720018
2.933075 0.148039 0.841450 0.796464
3.140298 0.364741 0.154228 0.882029
0.275036 0.641338 0.848579 0.020434
1.123646 0.356758 0.855424 0.157721
1.911070 0.157240 0.845218 0.398866
2.106213 0.376170 0.159028 0.459655
2.027720 0.635305 0.840640 0.435317
3.852576 0.143245 0.143245 1.208915
0.460855 0.555130 0.148586 0.036462
0.863329 0.853826 0.361843 0.127647
0.860915 0.355288 0.848962 0.101322
2.086350 0.149667 0.356367 0.464154
1.973228 0.144091 0.255892 0.424723
3.168544 0.614266 0.574083 0.901069
2.454995 0.156989 0.614735 0.601274
3.142915 0.335298 0.554175 0.883755
0.689973 0.660464 0.508681 0.077111
3.218112 0.652042 0.155645 0.924786
2.725859 0.841145 0.436649 0.729538
2.526402 0.636999 0.550900 0.629517
3.412161 0.146562 0.568364 1.008457
0.700464 0.352540 0.458291 0.074461
0.158763 0.645925 0.156428 0.011116
0.693791 0.509214 0.663299 0.070673
0.436235 0.387837 0.371576 0.034567
1.143876 0.292958 0.479814 0.168507
0.739739 0.667565 0.157472 0.085364
2.844057 0.690982 0.152281 0.764634
2.972175 0.144888 0.576629 0.815355
1.887882 0.847264 0.669579 0.408540
1.904294 0.571511 0.314070 0.391599
1.767584 0.646345 0.156319 0.349044
1.719172 0.346677 0.841861 0.324518
1.373376 0.343060 0.689624 0.223764
0.311122 0.859858 0.308813 0.039454
1.217763 0.146607 0.855508 0.195565
1.561107 0.356955 0.360449 0.278699
0.532954 0.846857 0.134775 0.067820
2.979762 0.459317 0.703145 0.812123
0.140403 0.744631 0.668094 0.015283
2.230566 0.682046 0.544198 0.516580
1.466612 0.861735 0.861690 0.274911
0.853015 0.656036 0.428556 0.106763
3.699772 0.841306 0.694471 1.153474
3.301371 0.351214 0.479648 0.954222
0.893350 0.312631 0.638100 0.111534
2.487038 0.567915 0.146247 0.609329
2.723361 0.562809 0.139365 0.706078
1.537499 0.336504 0.692510 0.270741
2.409456 0.838409 0.137782 0.600390
0.465645 0.857774 0.292541 0.059437
1.032831 0.855505 0.298228 0.164304
1.755210 0.355998 0.470082 0.339290
1.447168 0.847086 0.322723 0.270478
2.078651 0.353859 0.309971 0.450701
2.200976 0.501838 0.675989 0.495018
1.763655 0.523371 0.360954 0.342446
3.221829 0.363354 0.859362 0.916374
0.337207 0.145389 0.494863 0.039182
1.537861 0.687436 0.339113 0.280502
1.255869 0.136889 0.348424 0.209452
3.135370 0.568731 0.863240 0.882151
0.536388 0.294809 0.151800 0.051261
0.133198 0.257058 0.623610 0.013157
2.645318 0.345967 0.160307 0.670335
3.698925 0.695324 0.835383 1.141656
2.151833 0.849019 0.141214 0.503409
0.532961 0.865397 0.865398 0.069752
2.546639 0.312133 0.848787 0.628485
1.991724 0.691273 0.673659 0.428558
0.294406 0.161682 0.312803 0.033075
1.997232 0.862895 0.469579 0.449822
1.807295 0.549303 0.857910 0.354061
1.347261 0.596404 0.139632 0.218867
1.460920 0.862428 0.138662 0.275718
3.549469 0.368375 0.656712 1.065312
3.694305 0.140804 0.682322 1.135389
3.855329 0.367499 0.503778 1.205836
3.047828 0.693192 0.865221 0.850766
2.715953 0.486684 0.719652 0.699944
0.308539 0.285007 0.142149 0.025005
0.977231 0.146333 0.855425 0.140489
2.935638 0.432777 0.138554 0.792844
2.994409 0.865578 0.549891 0.845333
2.982047 0.518275 0.859109 0.813145
0.532964 0.130925 0.864982 0.063822
1.453032 0.313013 0.457338 0.248674
0.976198 0.590083 0.366934 0.128359
1.252080 0.354735 0.131471 0.191505
2.477684 0.505224 0.650274 0.603161
3.017829 0.260677 0.315817 0.830546
1.383799 0.703367 0.338627 0.237236
0.300338 0.300946 0.853925 0.023002
1.468851 0.133031 0.693142 0.265461
1.450784 0.139298 0.861842 0.257629
3.499507 0.264424 0.857870 1.042013
1.887592 0.688546 0.859414 0.389692
1.740059 0.136419 0.134084 0.347515
1.885012 0.142023 0.400100 0.395084
3.499569 0.858480 0.264219 1.066266
0.442132 0.678415 0.417569 0.041500
0.143457 0.365267 0.501771 0.008805
0.132022 0.620050 0.870055 0.008636
2.401161 0.265279 0.856470 0.571786
3.099827 0.710852 0.665858 0.876443
2.722337 0.130164 0.577010 0.711077
2.566978 0.704651 0.863913 0.648125
1.450254 0.704647 0.133935 0.255310
2.605949 0.851898 0.669414 0.680490
2.952598 0.516010 0.323742 0.802795
2.641397 0.278206 0.341857 0.670937
2.695112 0.513837 0.357912 0.693354
0.490256 0.137761 0.500929 0.058846
0.939711 0.135288 0.135984 0.135658
0.753574 0.134155 0.712379 0.099695
2.423667 0.140261 0.272092 0.590768
1.733323 0.794983 0.342899 0.352050
3.046956 0.241812 0.866052 0.841281
1.432307 0.307766 0.858533 0.239562
0.544484 0.136678 0.132577 0.065677
0.122851 0.875005 0.624449 0.020344
2.093983 0.527043 0.376524 0.457409
0.635374 0.868159 0.483124 0.087051
0.346936 0.497132 0.866379 0.021798
1.901002 0.859306 0.859281 0.412376
3.557960 0.140160 0.164286 1.074471
1.050885 0.865737 0.442934 0.169839
3.712186 0.277251 0.860812 1.138313
0.574979 0.411672 0.411620 0.052597
1.966829 0.503495 0.860027 0.407318
3.858331 0.711651 0.700920 1.216113
2.475122 0.693904 0.425705 0.613271
2.405713 0.145583 0.752388 0.581608
0.648473 0.482224 0.866916 0.061468
3.386824 0.475247 0.867491 0.991236
3.503706 0.583223 0.131922 1.049546
3.064749 0.725185 0.142142 0.862176
0.992515 0.291850 0.857282 0.131337
2.074744 0.575497 0.129958 0.451365
1.025631 0.261846 0.667838 0.142387
1.458102 0.497807 0.139707 0.246570
2.506271 0.431901 0.302280 0.614152
1.242525 0.828088 0.131841 0.211393
3.871606 0.129542 0.480568 1.217723
2.506190 0.302014 0.430966 0.615418
0.959588 0.872040 0.709563 0.149373
0.996740 0.730510 0.877480 0.140538
2.424960 0.272977 0.139783 0.583196
1.460113 0.417571 0.601864 0.247024
1.417157 0.872254 0.490129 0.265015
1.331979 0.258459 0.370727 0.218522
0.144472 0.690386 0.293620 0.012535
2.605874 0.316566 0.716362 0.653994
1.416583 0.490683 0.872324 0.231939
0.302882 0.449087 0.370549 0.018634
2.365459 0.750414 0.657920 0.573749
3.004606 0.126429 0.716953 0.829508
2.480510 0.712164 0.133980 0.615943
1.160388 0.472429 0.644608 0.166943
1.080694 0.414299 0.433904 0.149050
1.065051 0.703310 0.567385 0.155601
3.758997 0.678153 0.136151 1.170515
3.404380 0.874661 0.484061 1.025414
3.875915 0.872685 0.499751 1.236485
3.061046 0.858420 0.272196 0.873229
2.804623 0.137848 0.137709 0.744225
3.724952 0.124198 0.437630 1.151135
0.688427 0.134430 0.136777 0.088473
0.916087 0.128362 0.479719 0.132362
0.130429 0.122584 0.488360 0.020059
2.583515 0.130767 0.282424 0.654726
0.534019 0.281315 0.328592 0.052690
1.001766 0.129165 0.715581 0.149012
1.544143 0.144370 0.313601 0.287627
0.465845 0.732665 0.879790 0.047873
3.464901 0.869551 0.869561 1.049484
3.115744 0.337871 0.695624 0.871031
1.369314 0.866154 0.733883 0.249394
1.521037 0.286316 0.127832 0.268840
2.066841 0.285545 0.592081 0.447895
1.824445 0.340019 0.698096 0.360952
0.123128 0.124347 0.637601 0.019269
1.369158 0.734687 0.865976 0.232931
3.718872 0.861998 0.294720 1.165134
1.218526 0.200220 0.718807 0.192147
2.037831 0.627726 0.276388 0.441689
1.383981 0.137905 0.284231 0.242952
3.863658 0.279647 0.693035 1.209002
0.465848 0.881236 0.732696 0.061824
1.116966 0.745727 0.366514 0.171927
0.136222 0.601720 0.726774 0.008165
3.398166 0.685741 0.355052 1.007715
3.215492 0.516840 0.354923 0.918198
0.923446 0.612275 0.706331 0.117456
2.384149 0.861525 0.276055 0.593968
1.650771 0.139272 0.861930 0.316244
2.902666 0.598391 0.713446 0.783560
2.359505 0.259022 0.318478 0.559062
2.406617 0.728639 0.862465 0.585705
0.267868 0.349468 0.560927 0.018666
3.072591 0.867819 0.129570 0.878494
1.922530 0.877421 0.268792 0.425531
0.137294 0.689481 0.470183 0.012163
1.522216 0.875603 0.728799 0.294494
1.836045 0.860192 0.537988 0.393476
3.180527 0.584105 0.712801 0.904125
1.733334 0.875895 0.875903 0.358325
0.531951 0.120479 0.684815 0.065849
1.648734 0.862877 0.139771 0.332513
1.979798 0.124773 0.700394 0.427145
1.488768 0.601319 0.440304 0.260102
2.862878 0.676616 0.292387 0.772289
3.496554 0.821825 0.126049 1.061264
2.328844 0.280229 0.680899 0.545096
3.880860 0.494815 0.126550 1.219670
3.080502 0.714850 0.381341 0.869084
0.127376 0.498537 0.133266 0.003740
0.603540 0.699064 0.134363 0.064879
0.620789 0.868934 0.748498 0.084307
3.028854 0.133735 0.133842 0.839788
2.330269 0.730455 0.324372 0.559232
0.249699 0.511031 0.633479 0.013823
3.482804 0.140576 0.300900 1.040799
3.294968 0.869381 0.692774 0.975719
2.412243 0.865720 0.725636 0.604053
0.620534 0.749396 0.869022 0.071656
1.763298 0.578816 0.721061 0.342561
1.829178 0.276365 0.379321 0.366867
1.875781 0.736891 0.138253 0.392714
3.530149 0.479086 0.876145 1.055958
0.124002 0.878023 0.138501 0.020361
0.438331 0.370475 0.679380 0.035124
3.880881 0.528491 0.315442 1.220492
3.009943 0.311461 0.133387 0.825239
2.840501 0.867022 0.692175 0.779327
0.746984 0.880766 0.285690 0.108087
2.760626 0.722554 0.871097 0.729810
0.321676 0.537819 0.124930 0.019922
1.261150 0.880212 0.512181 0.223442
3.327657 0.707778 0.224615 0.977356
0.619383 0.433782 0.139555 0.057690
0.493386 0.493681 0.871938 0.038972
3.875188 0.878752 0.878742 1.233863
1.180909 0.875542 0.393091 0.202440
2.203747 0.509228 0.874718 0.493829
2.881232 0.407432 0.269926 0.769895
0.323962 0.876267 0.537818 0.042533
1.528259 0.650086 0.690774 0.273403
2.278953 0.650153 0.704650 0.531548
0.132422 0.482459 0.880710 0.003917
3.127456 0.879779 0.504536 0.904366
1.969688 0.240926 0.154477 0.415840
3.520120 0.119514 0.484761 1.058421
3.665414 0.869321 0.492959 1.141417
1.681477 0.460549 0.266411 0.314552
0.880291 0.687137 0.294689 0.114263
2.201188 0.127357 0.259491 0.507483
1.866659 0.874860 0.121855 0.405277
1.521949 0.734112 0.877054 0.276335
0.452877 0.725252 0.120225 0.045436
3.734103 0.357281 0.562622 1.149985
3.007874 0.126782 0.273019 0.831826
2.154007 0.876304 0.707948 0.506866
2.327093 0.496773 0.115874 0.543365
0.889981 0.875271 0.495632 0.135700
0.801833 0.123279 0.867598 0.108258
3.208472 0.694739 0.467572 0.923801
3.239430 0.131344 0.258373 0.932507
0.891979 0.487098 0.878746 0.105211
3.103732 0.127631 0.496296 0.873363
1.506029 0.131300 0.539900 0.277435
1.266580 0.509703 0.879870 0.191714
0.128306 0.881627 0.476269 0.021029
3.887158 0.748543 0.561872 1.232349
1.660166 0.725958 0.117815 0.320557
1.468300 0.467081 0.297928 0.249954
1.955733 0.536217 0.629907 0.407107
0.546092 0.325294 0.863198 0.050015
3.557508 0.123838 0.695806 1.074093
1.817157 0.674580 0.282615 0.368196
0.799536 0.879991 0.120280 0.117431
3.875344 0.120985 0.875822 1.216801
3.420528 0.150250 0.177629 1.012050
0.767220 0.257210 0.878072 0.089305
1.346752 0.520802 0.531801 0.216479
2.648594 0.128025 0.881228 0.678217
3.535116 0.881618 0.714790 1.083166
3.126983 0.678159 0.256353 0.886617
3.535175 0.715043 0.881634 1.068454
2.748841 0.480157 0.879622 0.711885
3.019912 0.287474 0.595116 0.830463
2.369218 0.868002 0.867993 0.585811
3.669855 0.487733 0.870825 1.119684
2.328775 0.115778 0.497987 0.556181
0.368587 0.446952 0.541823 0.025504
0.568688 0.498910 0.610838 0.050992
3.877023 0.575532 0.722611 1.218162
3.373514 0.468119 0.470563 0.987565
0.277802 0.124225 0.882016 0.033368
3.867919 0.485737 0.874726 1.210013
2.588617 0.564551 0.880913 0.647954
3.884908 0.633096 0.121008 1.226079
0.111119 0.493339 0.500000 0.003897
2.204370 0.260752 0.125015 0.499099
0.509844 0.130925 0.284931 0.062006
0.994925 0.553878 0.117578 0.129729
2.234834 0.695735 0.123479 0.518671
3.880322 0.865680 0.115922 1.238361
1.687109 0.127593 0.509699 0.332204
0.255778 0.873914 0.873914 0.034461
1.998997 0.463201 0.114741 0.420621
0.839273 0.549108 0.510230 0.098554
2.855584 0.302623 0.700361 0.758808
1.093584 0.613898 0.300598 0.156017
3.196940 0.877790 0.877798 0.932038
3.879094 0.287103 0.400392 1.217567
0.312160 0.143070 0.131127 0.035760
1.235128 0.280527 0.835634 0.188901
3.398488 0.731637 0.881497 1.008282
3.488775 0.361947 0.121207 1.038201
2.982111 0.361409 0.875404 0.810813
2.092295 0.281527 0.726321 0.456036
0.550156 0.756602 0.624054 0.062417
2.834308 0.587219 0.880894 0.752026
1.676024 0.117905 0.728861 0.327980
2.323444 0.885596 0.493676 0.573471
0.669076 0.245685 0.722683 0.074918
0.119497 0.875861 0.860046 0.020557
3.074888 0.615991 0.475040 0.860281
3.724527 0.435040 0.116801 1.146536
1.163969 0.123367 0.491033 0.188021
1.960990 0.376924 0.448707 0.408374
1.111945 0.372467 0.721661 0.155924
3.874470 0.500317 0.444684 1.216490
0.331968 0.739983 0.561169 0.032913
0.534809 0.232707 0.589845 0.056371
3.269039 0.344910 0.116325 0.939103
1.017832 0.439677 0.867418 0.131679
1.675494 0.260588 0.537338 0.317684
3.132545 0.328641 0.289183 0.879384
1.455850 0.736732 0.616216 0.259979
0.934799 0.871027 0.118324 0.143865
0.653917 0.331229 0.289099 0.067502
1.913593 0.292773 0.852112 0.390830
0.122260 0.121198 0.122264 0.018803
2.157052 0.119708 0.129493 0.491294
0.600241 0.882106 0.276356 0.082523
2.835749 0.593663 0.509528 0.755783
2.328171 0.572796 0.888950 0.543813
1.170286 0.604832 0.559028 0.173890
2.827782 0.124511 0.270890 0.755458
3.562533 0.289362 0.333368 1.072744
3.067139 0.873703 0.713358 0.876655
0.550443 0.625335 0.758277 0.052301
3.748062 0.342592 0.433648 1.156905
2.728644 0.879398 0.300457 0.734895
1.019616 0.294707 0.116822 0.138649
2.198705 0.113098 0.740751 0.505939
