0.000607841182500124
0.000607841182500124
0.000607841182500124
0.0006066030473448336
0.0006061215535737574
0.000550406810361892
0.0005477242521010339
0.0005522639839909971
0.0006239365320652723
0.0005657455767504871
0.0005510258488357067
0.00023207605408970267
0.0006570214754901826
0.00076157262083143
0.0002899231039918959
0.00010255643428536132
0.001391768455505371
0.0006708470173180103
0.0005380257498472929
0.00027527217753231525
0.0004083685635123402
0.0003286483115516603
0.0002882723056245595
0.00016741942090447992
0.00013818636944051832
0.00010943479719571769
7.71752602304332e-05
9.88421161309816e-05
9.086320642381907e-05
0.00010867817763937637
0.00012539260205812752
0.00012786881416104734
0.00012332909682299942
9.629711712477729e-07
9.175739978672937e-05
0.00031833077082410455
0.00010235008085146546
0.0001522182283224538
9.91860288195312e-05
8.955632074503228e-05
