0.9987198114395142
0.9996272921562195
0.9996240139007568
0.9994360208511353
0.9994687438011169
0.9483316540718079
0.9449989795684814
0.9449416995048523
0.9449794292449951
0.9454570412635803
0.9476763010025024
0.9352011680603027
0.9035391211509705
0.8978622555732727
0.8806605935096741
0.7341102957725525
0.5085697770118713
0.436494380235672
0.2665296494960785
0.18938571214675903
0.1381143182516098
0.09518972784280777
0.07467733323574066
0.05872185528278351
0.05961926653981209
0.055535491555929184
0.04863918572664261
0.04353160411119461
0.04857206717133522
0.0377143993973732
0.04470982775092125
0.041688524186611176
0.031346652656793594
0.03580700233578682
0.04324830323457718
0.045946888625621796
0.031014349311590195
0.039004135876894
0.014029337093234062
0.026133159175515175
