0.9987198114395142
0.9996272921562195
0.9996240139007568
0.9994853138923645
0.9994636178016663
0.9528917074203491
0.9451898336410522
0.9451341032981873
0.9450855851173401
0.9450442790985107
0.9456160664558411
0.941301167011261
0.8990665674209595
0.897217333316803
0.8079235553741455
0.7767624855041504
0.5159114599227905
0.3892670273780823
0.21906979382038116
0.18613384664058685
0.1478552222251892
0.13093657791614532
0.1037178486585617
0.08151890337467194
0.051134731620550156
0.054925303906202316
0.03414859622716904
0.045217279344797134
0.03827545791864395
0.03909566253423691
0.03859904408454895
0.03513193503022194
0.035776179283857346
0.0329061821103096
0.034801311790943146
0.03619440644979477
0.029180485755205154
0.027881408110260963
0.03931663930416107
0.026558110490441322
