0.000607841182500124
0.000607841182500124
0.000607841182500124
0.0006066030473448336
0.0006060528103262186
0.0005497877718880773
0.0005420151865109801
0.0005471052136272192
0.0006198782939463854
0.000617264537140727
0.0006162327481433749
7.607472070958465e-05
0.00017450413724873215
0.00026736207655631006
0.0003672359453048557
0.000556872459128499
0.0003549236571416259
0.0007216781377792358
0.0004596123762894422
3.377277607796714e-05
0.00015785849245730788
0.00015579498722217977
0.0002591080265119672
0.00013701703574042767
0.0001958958455361426
0.00014100650150794536
2.9714539778069593e-05
0.00010310670040780678
0.00012745612184517086
0.00016198550292756408
0.00014960445696488023
0.00015104890917427838
0.00012608044198714197
0.00010957236372632906
9.024415339808911e-05
8.790551510173827e-05
5.268827953841537e-05
0.00015049864305183291
8.309065742651e-05
5.1725310186157e-05
