0.9973374009132385
0.9979186058044434
0.9979920983314514
0.9478727579116821
0.9447681307792664
0.9430748820304871
0.9402015805244446
0.8406689167022705
0.5667586922645569
0.5359340310096741
0.36652758717536926
0.2878159284591675
0.2703399360179901
0.23020902276039124
0.2209528535604477
0.2183646559715271
0.21356192231178284
0.21324238181114197
0.20014263689517975
0.20761170983314514
0.1984810084104538
0.19400142133235931
0.18723008036613464
0.18838003277778625
0.17630042135715485
0.17429010570049286
0.16921788454055786
0.17138169705867767
0.16892419755458832
0.16937971115112305
0.166096031665802
0.16771171987056732
0.16911496222019196
0.16520553827285767
0.1596197634935379
0.1645699441432953
0.16192558407783508
0.1531292349100113
0.15827131271362305
0.1474524885416031
