0.0006077035795897245
0.0006077035795897245
0.0006071533425711095
0.0005965606542304158
0.0005779890343546867
0.000584385939873755
0.0007921813521534204
0.0006878365529701114
0.000604058091994375
0.0003946118231397122
0.00015036106924526393
0.00035134691279381514
0.0003990139812231064
0.000196721259271726
0.0002522984577808529
0.00029563214047811925
0.0002580762666184455
0.00021316054335329682
0.00015662038640584797
0.00018846722377929837
0.0001828269596444443
0.00014499595272354782
0.00021549919620156288
0.00018131372053176165
0.000200160444364883
0.00017030832532327622
0.00016556226182729006
0.0001726469781715423
0.00017649885558057576
0.00016618131485302
0.00015297485515475273
0.00016907023382373154
0.00017553589714225382
0.0001771866955095902
0.0001700331922620535
0.0001806258806027472
0.0001725781912682578
0.00016171036986634135
0.00019245667499490082
0.00016521834186278284
