0.000607841182500124
0.000607841182500124
0.000607841182500124
0.0006066030473448336
0.0006059840088710189
0.000546348572243005
0.0005417400971055031
0.0005509571055881679
0.0006080475286580622
0.0005925024161115289
0.0005793647142127156
0.0004600938700605184
0.0006979477475397289
0.0005660894676111639
0.0005165652837604284
0.0011035649804398417
0.00088669010438025
0.0007151436875574291
0.0011074856156483293
0.00023049402807373554
0.0004610568576026708
0.00018757302314043045
0.00019871597760356963
0.0001747104834066704
2.441819742671214e-05
0.00021852567442692816
0.0001717527920845896
9.402725845575333e-05
0.00012264125689398497
9.079442679649219e-05
9.602198406355456e-05
0.00011376816837582737
0.00019018680904991925
0.0001920439681271091
0.0001861285709310323
9.141347982222214e-05
8.247160440078005e-05
6.506934005301446e-05
2.9576971428468823e-05
0.00011982113210251555
