0.9987198114395142
0.9996272921562195
0.9996240139007568
0.9994920492172241
0.9994580149650574
0.9473607540130615
0.945133626461029
0.9450860619544983
0.9450684785842896
0.9451625347137451
0.9454927444458008
0.9481319785118103
0.9280664920806885
0.8982418179512024
0.8870162963867188
0.8519584536552429
0.7326821088790894
0.7348620891571045
0.6356660723686218
0.4308033287525177
0.293636292219162
0.2399141788482666
0.20992258191108704
0.1534332036972046
0.10830271989107132
0.09718908369541168
0.07683864235877991
0.07748637348413467
0.06194563955068588
0.06235751509666443
0.05973327159881592
0.05738672614097595
0.05321316793560982
0.05161690339446068
0.04427260905504227
0.04009350761771202
0.04266563430428505
0.03707544505596161
0.0469188317656517
0.03396211564540863
