0.0006077723810449243
0.000607841182500124
0.0006069469964131713
0.0006070845411159098
0.000615407363511622
0.0005791583680547774
0.0007355036213994026
0.0008194196852855384
0.0009188808617182076
0.000927410030271858
0.00025965829263441265
0.0003381404676474631
0.0001989223383134231
0.00016631887410767376
0.00013405934441834688
3.707439100253396e-05
3.666168777272105e-05
5.296341623761691e-05
0.00013454083818942308
5.537084143725224e-05
4.6635319449706e-05
0.00013172070612199605
2.166685226256959e-05
0.00013467839744407684
0.0002450761676300317
0.0001725094043649733
0.0001391493424307555
0.00013935568858869374
0.00013598529039882123
0.00015386904124170542
0.00016810726083349437
0.00017202792514581233
0.00019699639233294874
0.00019383234030101448
0.00019809692457783967
0.00022533525770995766
0.00019954139133915305
0.0002022927365032956
0.00022719241678714752
0.00023730361135676503
