0.9967477917671204
0.997376561164856
0.9975139498710632
0.9742258787155151
0.9447435140609741
0.9437583088874817
0.9405838251113892
0.7794515490531921
0.5518161058425903
0.2584521174430847
0.054440516978502274
0.010153960436582565
0.08420933783054352
0.14812177419662476
0.1818861961364746
0.1811600774526596
0.1966957002878189
0.21019381284713745
0.20530396699905396
0.20948673784732819
0.22605009377002716
0.23894423246383667
0.24399684369564056
0.24114078283309937
0.24381689727306366
0.25016283988952637
0.25088661909103394
0.2576615512371063
0.25141459703445435
0.2613092362880707
0.2518866956233978
0.2629251182079315
0.25981637835502625
0.2580769956111908
0.26192739605903625
0.25845789909362793
0.25979921221733093
0.2615242898464203
0.2647494375705719
0.26053741574287415
