0.000000 0.000000 1.000000 117.957283
0.000000 0.000000 0.000000 114.785332
0.000000 1.000000 1.000000 85.873306
0.000000 1.000000 0.000000 84.991257
4.000000 0.000000 1.000000 10.636648
4.000000 0.000000 0.000000 7.551229
4.000000 1.000000 1.000000 9.543262
4.000000 1.000000 0.000000 10.319587
0.000000 0.000000 0.200000 115.385864
0.000000 0.000000 0.400000 115.990944
0.000000 0.000000 0.600000 116.612228
0.000000 0.000000 0.800000 117.262878
0.000000 0.200000 1.000000 62.894505
0.000000 0.400000 1.000000 16.979534
0.000000 0.600000 1.000000 24.094713
0.000000 0.800000 1.000000 57.302216
0.000000 1.000000 0.200000 85.160583
0.000000 1.000000 0.400000 85.337486
0.000000 1.000000 0.600000 85.517952
0.000000 1.000000 0.800000 85.697853
0.000000 0.200000 0.000000 61.732632
0.000000 0.400000 0.000000 17.755867
0.000000 0.600000 0.000000 24.291502
0.000000 0.800000 0.000000 56.678532
4.000000 0.000000 0.200000 7.585787
4.000000 0.000000 0.400000 7.934312
4.000000 0.000000 0.600000 8.574559
4.000000 0.000000 0.800000 9.481822
4.000000 0.200000 1.000000 10.390635
4.000000 0.400000 1.000000 10.075568
4.000000 0.600000 1.000000 9.737688
4.000000 0.800000 1.000000 9.496163
4.000000 1.000000 0.200000 9.337679
4.000000 1.000000 0.400000 8.681407
4.000000 1.000000 0.600000 8.452946
4.000000 1.000000 0.800000 8.733644
4.000000 0.200000 0.000000 7.531931
4.000000 0.400000 0.000000 7.793675
4.000000 0.600000 0.000000 8.327909
4.000000 0.800000 0.000000 9.157027
0.235294 0.000000 0.000000 111.819534
0.470588 0.000000 0.000000 106.090210
0.705882 0.000000 0.000000 99.434952
0.941176 0.000000 0.000000 92.654922
1.176471 0.000000 0.000000 85.824196
1.411765 0.000000 0.000000 78.715324
1.647059 0.000000 0.000000 71.121735
1.882353 0.000000 0.000000 63.011593
2.117647 0.000000 0.000000 54.539295
2.352941 0.000000 0.000000 45.979317
2.588235 0.000000 0.000000 37.648010
2.823529 0.000000 0.000000 29.848783
3.058824 0.000000 0.000000 22.842499
3.294118 0.000000 0.000000 16.848814
3.529412 0.000000 0.000000 12.086058
3.764706 0.000000 0.000000 8.861783
0.235294 0.000000 1.000000 112.680130
0.470588 0.000000 1.000000 105.638901
0.705882 0.000000 1.000000 98.323318
0.941176 0.000000 1.000000 91.182045
1.176471 0.000000 1.000000 84.084587
1.411765 0.000000 1.000000 76.751526
1.647059 0.000000 1.000000 69.021927
1.882353 0.000000 1.000000 60.940407
2.117647 0.000000 1.000000 52.716949
2.352941 0.000000 1.000000 44.634068
2.588235 0.000000 1.000000 36.969238
2.823529 0.000000 1.000000 29.955683
3.058824 0.000000 1.000000 23.780584
3.294118 0.000000 1.000000 18.603081
3.529412 0.000000 1.000000 14.582450
3.764706 0.000000 1.000000 11.891376
0.235294 1.000000 0.000000 84.452187
0.470588 1.000000 0.000000 82.241112
0.705882 1.000000 0.000000 78.801903
0.941176 1.000000 0.000000 74.689125
1.176471 1.000000 0.000000 70.280235
1.411765 1.000000 0.000000 65.709854
1.647059 1.000000 0.000000 60.942757
1.882353 1.000000 0.000000 55.889584
2.117647 1.000000 0.000000 50.497482
2.352941 1.000000 0.000000 44.794960
2.588235 1.000000 0.000000 38.894363
2.823529 1.000000 0.000000 32.969891
3.058824 1.000000 0.000000 27.227171
3.294118 1.000000 0.000000 21.879543
3.529412 1.000000 0.000000 17.135191
3.764706 1.000000 0.000000 13.204171
0.235294 1.000000 1.000000 85.207253
0.470588 1.000000 1.000000 82.863586
0.705882 1.000000 1.000000 79.352158
0.941176 1.000000 1.000000 75.203796
1.176471 1.000000 1.000000 70.754868
1.411765 1.000000 1.000000 66.128014
1.647059 1.000000 1.000000 61.309830
1.882353 1.000000 1.000000 56.241570
2.117647 1.000000 1.000000 50.883087
2.352941 1.000000 1.000000 45.244999
2.588235 1.000000 1.000000 39.397449
2.823529 1.000000 1.000000 33.465084
3.058824 1.000000 1.000000 27.616608
3.294118 1.000000 1.000000 22.052483
3.529412 1.000000 1.000000 16.997667
3.764706 1.000000 1.000000 12.713605
0.000000 0.509700 0.835350 8.533774
0.000000 0.509668 0.162755 9.684076
0.000000 0.172261 0.498365 69.165565
0.000000 0.866491 0.491948 66.900467
0.000000 0.169297 0.300748 69.662331
0.000000 0.329252 0.396151 31.949497
0.000000 0.324479 0.600200 33.001766
0.000000 0.519615 0.500000 10.401160
0.000000 0.310850 0.814699 36.139771
0.000000 0.811909 0.315235 58.661896
0.000000 0.699816 0.830577 41.174442
0.000000 0.316107 0.188045 34.870766
0.000000 0.694228 0.161631 40.024849
0.000000 0.159000 0.694476 72.856453
0.000000 0.825476 0.684108 60.963982
0.000000 0.614336 0.668213 26.565353
0.000000 0.611125 0.319903 26.040152
0.000000 0.682304 0.476581 38.127972
0.000000 0.853590 0.146410 64.763741
0.000000 0.146410 0.853590 76.424538
0.000000 0.146410 0.146410 75.285706
0.000000 0.853590 0.853590 65.284561
0.000000 0.458202 0.689697 7.013936
0.000000 0.458123 0.310250 7.924348
4.000000 0.866491 0.491948 8.073797
4.000000 0.172261 0.498365 8.003158
4.000000 0.509668 0.162755 7.692178
4.000000 0.509700 0.835350 8.935667
4.000000 0.169297 0.300748 7.561790
4.000000 0.329252 0.396151 7.629814
4.000000 0.324479 0.600200 8.170164
4.000000 0.519615 0.500000 7.750159
4.000000 0.310850 0.814699 9.131363
4.000000 0.811909 0.315235 8.135387
4.000000 0.699816 0.830577 8.685428
4.000000 0.316107 0.188045 7.466139
4.000000 0.694228 0.161631 8.133708
4.000000 0.159000 0.694476 8.760919
4.000000 0.825476 0.684108 8.180809
4.000000 0.614336 0.668213 8.126857
4.000000 0.611125 0.319903 7.685453
4.000000 0.682304 0.476581 7.767863
4.000000 0.853590 0.146410 8.793346
4.000000 0.146410 0.853590 9.580276
4.000000 0.146410 0.146410 7.445784
4.000000 0.853590 0.853590 8.738522
4.000000 0.458202 0.689697 8.348197
4.000000 0.458123 0.310250 7.544341
3.826795 0.000000 0.500000 9.154605
0.173205 0.000000 0.500000 113.532982
2.470588 0.000000 0.203771 41.653988
3.176760 0.000000 0.796654 20.649536
2.000000 0.000000 0.203771 58.567009
1.058824 0.000000 0.203771 88.950302
1.529412 0.000000 0.203771 74.704926
2.705935 0.000000 0.796177 33.440826
2.235249 0.000000 0.796029 49.075596
2.941176 0.000000 0.203771 26.316864
1.764569 0.000000 0.795686 65.586494
0.823240 0.000000 0.796654 94.958466
1.293625 0.000000 0.795610 80.926178
3.386721 0.000000 0.225778 15.066688
0.612926 0.000000 0.225600 101.817245
3.658038 0.000000 0.793661 11.990661
0.342653 0.000000 0.793078 109.433693
0.586985 0.000000 0.796398 102.087517
0.715106 0.000000 0.599464 98.394516
0.941645 0.000000 0.598488 91.736755
0.829162 0.000000 0.384469 95.316437
0.481853 0.000000 0.570755 105.359459
3.412723 0.000000 0.796711 15.758245
3.285305 0.000000 0.600226 17.858391
3.057969 0.000000 0.598788 23.324823
3.170700 0.000000 0.384600 20.219425
3.518463 0.000000 0.571338 13.277969
0.345572 0.000000 0.206546 109.283554
3.654372 0.000000 0.206891 10.377455
2.941090 0.000000 0.797329 26.601337
2.823588 0.000000 0.598277 29.913239
2.588222 0.000000 0.597870 37.329548
2.705785 0.000000 0.388632 33.614162
1.058525 0.000000 0.797076 87.991394
1.175534 0.000000 0.597712 84.881905
1.410728 0.000000 0.596814 77.729500
1.292558 0.000000 0.387784 81.767883
1.528945 0.000000 0.796369 73.484474
1.646410 0.000000 0.597073 70.098236
1.882048 0.000000 0.596813 62.011185
1.765040 0.000000 0.386999 66.530273
1.999838 0.000000 0.796567 57.368195
2.117477 0.000000 0.597412 53.661110
2.353037 0.000000 0.598516 45.326096
2.235940 0.000000 0.387692 49.801117
2.470588 0.000000 0.796232 41.008938
3.838169 0.000000 0.692456 9.779040
3.837472 0.000000 0.307636 8.563782
0.162530 0.000000 0.307578 113.503448
0.162240 0.000000 0.692359 114.052734
3.521703 0.000000 0.365848 12.740851
0.478229 0.000000 0.365590 105.578438
3.170308 0.000000 0.162830 19.994942
0.829594 0.000000 0.162768 95.622681
2.939844 0.000000 0.434813 26.461216
1.059545 0.000000 0.434445 88.564873
2.705863 0.000000 0.159235 33.654278
2.470714 0.000000 0.435296 41.452675
1.293806 0.000000 0.159065 82.104546
2.235423 0.000000 0.159047 50.105885
2.000101 0.000000 0.434538 58.181072
1.528829 0.000000 0.434488 74.314240
1.764773 0.000000 0.158908 66.923080
0.634066 0.000000 0.427155 100.975418
3.365793 0.000000 0.427440 15.827791
0.293124 0.000000 0.591238 110.710487
3.707173 0.000000 0.591491 10.648015
0.322419 0.000000 0.423618 109.880241
3.677663 0.000000 0.423867 10.515290
3.852183 0.000000 0.857223 10.458258
0.148037 0.000000 0.857087 114.668633
3.851310 0.000000 0.142905 8.209153
0.148679 0.000000 0.142825 113.542694
3.826795 1.000000 0.500000 10.734064
0.173205 1.000000 0.500000 85.112144
2.445185 1.000000 0.228560 42.034081
3.176702 1.000000 0.203209 23.902746
2.000006 1.000000 0.796233 53.085007
1.058824 1.000000 0.203771 72.410461
1.529412 1.000000 0.203771 63.137321
2.705882 1.000000 0.796229 35.723557
0.823240 1.000000 0.796654 77.081932
1.293639 1.000000 0.795618 68.135994
3.387076 1.000000 0.774358 19.177731
0.612926 1.000000 0.225600 80.267586
2.000000 1.000000 0.203771 52.889202
3.657347 1.000000 0.206922 14.067765
0.342653 1.000000 0.793078 84.117111
0.586985 1.000000 0.796398 81.013741
0.715106 1.000000 0.599464 78.784401
0.941645 1.000000 0.598488 74.734955
0.829162 1.000000 0.384469 76.678185
0.481853 1.000000 0.570755 82.315796
3.413005 1.000000 0.203579 18.716524
3.284886 1.000000 0.400476 21.151682
3.058454 1.000000 0.405488 26.445415
3.178163 1.000000 0.608640 23.641205
2.944164 1.000000 0.609941 29.337727
2.824139 1.000000 0.402265 32.263344
3.518147 1.000000 0.429230 16.189661
0.345572 1.000000 0.206546 83.673927
3.654428 1.000000 0.793448 13.846321
1.058527 1.000000 0.797077 72.719063
1.175537 1.000000 0.597714 70.260422
1.410748 1.000000 0.596821 65.577385
1.292558 1.000000 0.387784 67.863159
1.528983 1.000000 0.796464 63.370502
1.646136 1.000000 0.593224 60.684090
2.235295 1.000000 0.796230 47.508465
2.117648 1.000000 0.596998 50.041416
2.352941 1.000000 0.592459 44.287998
2.226562 1.000000 0.380204 47.349072
1.882373 1.000000 0.596068 55.506500
2.701750 1.000000 0.206911 35.553249
2.603211 1.000000 0.411749 37.883434
1.764946 1.000000 0.164619 58.205818
2.461025 1.000000 0.801751 41.939060
1.764485 1.000000 0.796998 58.371731
2.941176 1.000000 0.203153 29.546778
3.837470 1.000000 0.692421 10.614819
3.837760 1.000000 0.307641 10.934409
0.162530 1.000000 0.307578 85.008812
0.162240 1.000000 0.692359 85.326714
3.521775 1.000000 0.634394 16.116959
0.478229 1.000000 0.365590 82.237328
3.133920 1.000000 0.802607 25.067879
0.829594 1.000000 0.162768 76.645248
2.933264 1.000000 0.841755 30.109758
2.721650 1.000000 0.569154 34.919010
1.059545 1.000000 0.434445 72.414490
2.228467 1.000000 0.162507 47.512688
1.998498 1.000000 0.438519 52.783508
1.764097 1.000000 0.373588 58.081150
1.293806 1.000000 0.159065 67.890137
1.528590 1.000000 0.431037 63.088455
0.634066 1.000000 0.427155 80.005981
3.371406 1.000000 0.570994 19.218060
2.535106 1.000000 0.615945 39.723892
0.293124 1.000000 0.591238 84.396416
3.706876 1.000000 0.408759 12.747007
0.322419 1.000000 0.423618 84.013824
3.677582 1.000000 0.576375 13.138272
2.410415 1.000000 0.423429 42.773598
3.851963 1.000000 0.142913 11.322165
0.148037 1.000000 0.857087 85.535225
0.148679 1.000000 0.142825 84.945480
3.851321 1.000000 0.857174 10.794401
3.826795 0.500000 0.000000 8.109995
0.173205 0.500000 0.000000 10.693673
2.470592 0.203763 0.000000 23.736385
3.176702 0.203209 0.000000 12.259351
2.000002 0.224524 0.000000 30.501896
1.058824 0.203771 0.000000 48.627022
1.504028 0.228560 0.000000 38.165222
2.705882 0.796229 0.000000 24.010859
2.225269 0.806551 0.000000 32.205326
1.764705 0.800768 0.000000 38.317142
0.823240 0.796654 0.000000 50.468525
1.294065 0.796177 0.000000 44.063301
3.386723 0.774179 0.000000 13.883787
0.613279 0.225778 0.000000 49.958256
3.658038 0.206339 0.000000 8.142815
0.341962 0.793661 0.000000 55.061485
0.587277 0.796711 0.000000 53.363010
0.714695 0.600226 0.000000 23.623737
0.942031 0.598788 0.000000 21.853903
0.829300 0.384600 0.000000 19.190334
0.481537 0.571338 0.000000 20.510511
3.412718 0.203277 0.000000 9.774544
3.285297 0.399716 0.000000 8.031240
3.058522 0.405361 0.000000 8.333879
3.178163 0.608640 0.000000 11.084776
2.944164 0.609941 0.000000 12.302339
2.824150 0.402243 0.000000 8.904037
3.518463 0.428649 0.000000 7.912490
0.345628 0.206891 0.000000 57.359966
3.654372 0.793103 0.000000 11.558795
1.058910 0.797329 0.000000 47.379929
1.176412 0.598277 0.000000 20.189610
1.401739 0.603746 0.000000 19.507833
1.280265 0.378659 0.000000 18.325136
2.705986 0.202775 0.000000 19.459415
2.588542 0.401885 0.000000 9.686502
2.372240 0.403662 0.000000 10.482450
2.497262 0.608588 0.000000 14.655092
1.998329 0.798706 0.000000 34.865883
1.857031 0.572740 0.000000 14.501944
2.091502 0.599202 0.000000 15.933581
2.248169 0.201010 0.000000 28.345266
1.764706 0.203771 0.000000 37.413185
1.647059 0.407541 0.000000 13.384303
1.527732 0.803397 0.000000 41.800121
2.941286 0.202265 0.000000 15.575551
3.837473 0.692363 0.000000 9.259250
0.162528 0.307636 0.000000 36.408661
3.838169 0.307544 0.000000 7.594433
0.161831 0.692456 0.000000 39.987408
3.521707 0.634136 0.000000 10.022685
0.478297 0.365848 0.000000 23.503868
3.133861 0.802577 0.000000 17.931469
0.829692 0.162830 0.000000 60.017845
2.933252 0.841749 0.000000 22.712982
2.712000 0.563777 0.000000 11.395991
1.057366 0.432819 0.000000 12.533072
2.456885 0.814755 0.000000 29.167320
1.621486 0.607014 0.000000 18.739388
1.996250 0.420662 0.000000 11.020122
1.286270 0.162198 0.000000 52.539104
0.634207 0.427440 0.000000 13.842245
3.371358 0.570688 0.000000 9.526435
2.171118 0.393803 0.000000 12.002693
1.839008 0.369887 0.000000 16.108204
3.707173 0.408506 0.000000 7.785774
0.292827 0.591491 0.000000 23.764277
0.322337 0.423867 0.000000 14.421737
3.677664 0.576126 0.000000 8.812546
2.297683 0.615575 0.000000 16.203621
1.474909 0.429098 0.000000 11.958855
3.852183 0.142777 0.000000 7.682300
0.147817 0.857223 0.000000 65.183723
3.851310 0.857093 0.000000 10.560875
0.148690 0.142905 0.000000 75.038727
3.826795 0.500000 1.000000 9.992955
0.173205 0.500000 1.000000 9.149452
2.470592 0.203763 1.000000 23.252899
3.176702 0.203209 1.000000 13.987000
2.000002 0.224524 1.000000 29.381397
1.058824 0.203771 1.000000 47.445850
1.504028 0.228560 1.000000 36.964794
2.705882 0.796229 1.000000 24.756319
2.225269 0.806551 1.000000 32.858799
1.764705 0.800768 1.000000 38.874187
0.823240 0.796654 1.000000 50.958645
1.294065 0.796177 1.000000 44.583103
3.386723 0.774179 1.000000 14.460813
0.613279 0.225778 1.000000 48.889214
3.658038 0.206339 1.000000 10.999749
0.341962 0.793661 1.000000 55.640728
0.587277 0.796711 1.000000 53.873161
0.714695 0.600226 1.000000 23.826029
0.942031 0.598788 1.000000 22.193892
0.829300 0.384600 1.000000 17.998129
0.481537 0.571338 1.000000 20.439901
3.412718 0.203277 1.000000 12.196797
3.285297 0.399716 1.000000 10.171542
3.058522 0.405361 1.000000 10.163969
3.178163 0.608640 1.000000 12.305450
2.944164 0.609941 1.000000 13.481744
2.824150 0.402243 1.000000 10.287392
3.518463 0.428649 1.000000 10.102479
0.345628 0.206891 1.000000 56.735058
3.654372 0.793103 1.000000 11.954189
1.058910 0.797329 1.000000 47.882317
1.176412 0.598277 1.000000 20.708136
1.401739 0.603746 1.000000 20.189734
1.280265 0.378659 1.000000 17.571423
2.705986 0.202775 1.000000 19.613115
2.588542 0.401885 1.000000 10.562301
2.372240 0.403662 1.000000 10.948182
2.497262 0.608588 1.000000 15.745921
1.998329 0.798706 1.000000 35.471767
1.857031 0.572740 1.000000 15.468742
2.091502 0.599202 1.000000 16.935122
2.248169 0.201010 1.000000 27.415754
1.764706 0.203771 1.000000 36.113949
1.647059 0.407541 1.000000 13.088641
1.527732 0.803397 1.000000 42.329376
2.941286 0.202265 1.000000 16.497934
3.837473 0.692363 1.000000 10.145156
0.162528 0.307636 1.000000 35.871189
3.838169 0.307544 1.000000 10.263534
0.161831 0.692456 1.000000 40.397194
3.521707 0.634136 1.000000 11.163765
0.478297 0.365848 1.000000 22.122543
3.133861 0.802577 1.000000 18.556759
0.829692 0.162830 1.000000 58.854889
2.933252 0.841749 1.000000 23.353136
2.712000 0.563777 1.000000 12.662109
1.057366 0.432819 1.000000 11.746248
2.456885 0.814755 1.000000 29.864031
1.621486 0.607014 1.000000 19.544809
1.996250 0.420662 1.000000 11.159263
1.286270 0.162198 1.000000 51.199764
0.634207 0.427440 1.000000 12.310010
3.371358 0.570688 1.000000 10.964887
2.171118 0.393803 1.000000 12.056419
1.839008 0.369887 1.000000 15.631161
3.707173 0.408506 1.000000 10.094942
0.292827 0.591491 1.000000 23.762358
0.322337 0.423867 1.000000 12.623391
3.677664 0.576126 1.000000 10.284476
2.297683 0.615575 1.000000 17.228907
1.474909 0.429098 1.000000 11.718072
3.852183 0.142777 1.000000 10.720889
0.147817 0.857223 1.000000 65.900352
3.851310 0.857093 1.000000 10.596402
0.148690 0.142905 1.000000 75.586296
3.300033 0.500059 0.500000 8.252205
0.702884 0.500053 0.500000 10.713563
2.789997 0.499331 0.499900 8.474113
2.062793 0.499840 0.502336 8.563354
1.408958 0.500001 0.500000 8.883787
0.360444 0.531781 0.360134 14.576604
3.627047 0.633860 0.368946 8.825820
3.626805 0.365872 0.634128 8.371539
0.379478 0.338840 0.658896 28.008020
2.425951 0.390232 0.391345 10.204666
1.055912 0.374136 0.612962 18.984686
0.333346 0.674044 0.674022 36.960426
1.738086 0.363495 0.636836 16.684547
1.059307 0.637714 0.350706 25.888796
3.681358 0.310688 0.313742 7.705644
1.736420 0.612154 0.356573 18.101738
3.679443 0.686025 0.689714 9.458570
2.364222 0.641665 0.644805 17.259991
3.045215 0.337311 0.663389 9.897315
3.015371 0.313369 0.325016 10.227420
2.575489 0.321083 0.678878 13.405655
0.926360 0.675458 0.675416 32.506229
3.044817 0.661571 0.328424 12.902572
3.062754 0.681452 0.672080 13.793541
1.712307 0.689691 0.691775 26.879570
0.542234 0.292388 0.292348 36.605503
2.252190 0.299071 0.672253 18.310717
1.247093 0.696790 0.697158 32.118153
1.617830 0.303214 0.333622 25.582705
2.575691 0.680170 0.317318 17.905794
1.148666 0.322812 0.298977 26.812597
1.941449 0.321509 0.284703 19.907461
0.582084 0.725325 0.330721 43.051197
0.255713 0.281327 0.294710 41.261169
3.345101 0.298962 0.721257 9.763495
3.346438 0.721836 0.300396 12.205545
3.385010 0.324850 0.272372 8.227646
0.629708 0.688263 0.722784 37.291550
2.694296 0.330072 0.271421 11.837126
2.263561 0.646570 0.310603 18.109808
0.246743 0.742792 0.246306 47.867065
0.779992 0.280085 0.692126 36.538315
3.387305 0.723273 0.672055 12.061857
1.330534 0.275870 0.683463 32.240650
2.078990 0.721086 0.708521 26.471071
1.347009 0.699461 0.281465 31.237410
2.662392 0.716910 0.679125 19.559515
0.857336 0.273614 0.273673 37.583977
3.771176 0.223357 0.776643 9.366626
3.774135 0.770168 0.225332 9.535431
1.979902 0.347082 0.775515 16.531021
0.215283 0.215258 0.778982 56.538010
0.226785 0.483976 0.768979 8.447428
1.994871 0.729982 0.350211 27.900797
3.773512 0.511369 0.229856 7.771293
3.504454 0.226677 0.467680 9.294652
2.212658 0.265462 0.253276 22.314915
0.805990 0.582743 0.258828 20.312748
3.772665 0.227767 0.513161 8.295632
2.816361 0.240125 0.760037 15.700992
0.592581 0.439586 0.750759 11.051316
0.226664 0.227164 0.520800 53.639297
2.858964 0.502292 0.756405 9.248947
1.528161 0.497711 0.743329 9.095269
3.783826 0.453518 0.778347 8.791698
1.500317 0.752135 0.535715 35.950748
3.771864 0.461333 0.472795 7.783895
2.819391 0.237764 0.484381 15.565231
0.221456 0.459135 0.537725 9.001592
3.473555 0.538378 0.213188 8.350527
2.813106 0.565028 0.244575 10.470002
2.864719 0.756770 0.507677 18.951365
0.256402 0.780674 0.478590 53.748409
1.392291 0.413520 0.250688 13.091319
2.055119 0.240782 0.513919 27.101295
3.770255 0.787773 0.449885 9.404958
3.220747 0.244387 0.483133 10.991928
0.478721 0.527969 0.562425 13.990984
0.580050 0.234317 0.538849 47.858566
3.184477 0.475435 0.222449 7.951540
0.752103 0.764267 0.514425 46.878616
0.198016 0.782506 0.803304 54.452583
3.263156 0.530594 0.776226 9.467780
0.209162 0.477698 0.213418 9.267760
3.506412 0.538594 0.776672 9.199029
1.535556 0.219040 0.553433 38.440327
3.556384 0.438991 0.439953 7.781156
2.543877 0.204161 0.446398 22.067371
0.580533 0.515659 0.215703 12.766953
2.189610 0.511993 0.782822 9.826065
2.553504 0.524426 0.548247 9.420024
0.926198 0.786664 0.216989 47.651371
1.473537 0.731328 0.775375 34.122097
2.213886 0.787415 0.509928 30.252584
1.984316 0.541708 0.204751 11.124331
1.087404 0.536762 0.786157 13.097605
3.567639 0.728877 0.186467 10.672177
0.503439 0.754847 0.543740 48.235146
3.553066 0.785335 0.525301 11.400805
