0.000000 0.000000 1.000000 0.028402
0.000000 0.000000 0.000000 0.028310
0.000000 1.000000 1.000000 0.028625
0.000000 1.000000 0.000000 0.028125
4.000000 0.000000 1.000000 1.409521
4.000000 0.000000 0.000000 1.409268
4.000000 1.000000 1.000000 1.435207
4.000000 1.000000 0.000000 1.433348
0.000000 0.000000 0.200000 0.028456
0.000000 0.000000 0.400000 0.028623
0.000000 0.000000 0.600000 0.028595
0.000000 0.000000 0.800000 0.028417
0.000000 0.200000 1.000000 0.016500
0.000000 0.400000 1.000000 0.006222
0.000000 0.600000 1.000000 0.007521
0.000000 0.800000 1.000000 0.017648
0.000000 1.000000 0.200000 0.027556
0.000000 1.000000 0.400000 0.027306
0.000000 1.000000 0.600000 0.027281
0.000000 1.000000 0.800000 0.027611
0.000000 0.200000 0.000000 0.016669
0.000000 0.400000 0.000000 0.006754
0.000000 0.600000 0.000000 0.007337
0.000000 0.800000 0.000000 0.017122
4.000000 0.000000 0.200000 1.410058
4.000000 0.000000 0.400000 1.410472
4.000000 0.000000 0.600000 1.410518
4.000000 0.000000 0.800000 1.410201
4.000000 0.200000 1.000000 1.401468
4.000000 0.400000 1.000000 1.400005
4.000000 0.600000 1.000000 1.405180
4.000000 0.800000 1.000000 1.416955
4.000000 1.000000 0.200000 1.434194
4.000000 1.000000 0.400000 1.434792
4.000000 1.000000 0.600000 1.435156
4.000000 1.000000 0.800000 1.435292
4.000000 0.200000 0.000000 1.400773
4.000000 0.400000 0.000000 1.398924
4.000000 0.600000 0.000000 1.403773
4.000000 0.800000 0.000000 1.415287
0.235294 0.000000 0.000000 0.055081
0.470588 0.000000 0.000000 0.089963
0.705882 0.000000 0.000000 0.133326
0.941176 0.000000 0.000000 0.185107
1.176471 0.000000 0.000000 0.244992
1.411765 0.000000 0.000000 0.312596
1.647059 0.000000 0.000000 0.387510
1.882353 0.000000 0.000000 0.469281
2.117647 0.000000 0.000000 0.557386
2.352941 0.000000 0.000000 0.651218
2.588235 0.000000 0.000000 0.750100
2.823529 0.000000 0.000000 0.853308
3.058824 0.000000 0.000000 0.960106
3.294118 0.000000 0.000000 1.069765
3.529412 0.000000 0.000000 1.181594
3.764706 0.000000 0.000000 1.294952
0.235294 0.000000 1.000000 0.054963
0.470588 0.000000 1.000000 0.089409
0.705882 0.000000 1.000000 0.132442
0.941176 0.000000 1.000000 0.184091
1.176471 0.000000 1.000000 0.244016
1.411765 0.000000 1.000000 0.311766
1.647059 0.000000 1.000000 0.386865
1.882353 0.000000 1.000000 0.468811
2.117647 0.000000 1.000000 0.557045
2.352941 0.000000 1.000000 0.650950
2.588235 0.000000 1.000000 0.749851
2.823529 0.000000 1.000000 0.853043
3.058824 0.000000 1.000000 0.959817
3.294118 0.000000 1.000000 1.069481
3.529412 0.000000 1.000000 1.181380
3.764706 0.000000 1.000000 1.294908
0.235294 1.000000 0.000000 0.058342
0.470588 1.000000 0.000000 0.096378
0.705882 1.000000 0.000000 0.142482
0.941176 1.000000 0.000000 0.196766
1.176471 1.000000 0.000000 0.259141
1.411765 1.000000 0.000000 0.329342
1.647059 1.000000 0.000000 0.406929
1.882353 1.000000 0.000000 0.491306
2.117647 1.000000 0.000000 0.581756
2.352941 1.000000 0.000000 0.677493
2.588235 1.000000 0.000000 0.777715
2.823529 1.000000 0.000000 0.881641
3.058824 1.000000 0.000000 0.988535
3.294118 1.000000 0.000000 1.097724
3.529412 1.000000 0.000000 1.208601
3.764706 1.000000 0.000000 1.320629
0.235294 1.000000 1.000000 0.058894
0.470588 1.000000 1.000000 0.096685
0.705882 1.000000 1.000000 0.142563
0.941176 1.000000 1.000000 0.196734
1.176471 1.000000 1.000000 0.259109
1.411765 1.000000 1.000000 0.329390
1.647059 1.000000 1.000000 0.407099
1.882353 1.000000 1.000000 0.491615
2.117647 1.000000 1.000000 0.582214
2.352941 1.000000 1.000000 0.678107
2.588235 1.000000 1.000000 0.778491
2.823529 1.000000 1.000000 0.882580
3.058824 1.000000 1.000000 0.989635
3.294118 1.000000 1.000000 1.098983
3.529412 1.000000 1.000000 1.210027
3.764706 1.000000 1.000000 1.322248
0.000000 0.509700 0.835350 0.001922
0.000000 0.509668 0.162755 0.002123
0.000000 0.172261 0.498365 0.018218
0.000000 0.866491 0.491948 0.019775
0.000000 0.169297 0.300748 0.018321
0.000000 0.329252 0.396151 0.009298
0.000000 0.324479 0.600200 0.009526
0.000000 0.519615 0.500000 0.001083
0.000000 0.310850 0.814699 0.010119
0.000000 0.811909 0.315235 0.016851
0.000000 0.699816 0.830577 0.011256
0.000000 0.316107 0.188045 0.009993
0.000000 0.694228 0.161631 0.010783
0.000000 0.159000 0.694476 0.018871
0.000000 0.825476 0.684108 0.017655
0.000000 0.614336 0.668213 0.006251
0.000000 0.611125 0.319903 0.006014
0.000000 0.682304 0.476581 0.009770
0.000000 0.853590 0.146410 0.019425
0.000000 0.146410 0.853590 0.019482
0.000000 0.146410 0.146410 0.019565
0.000000 0.853590 0.853590 0.019651
0.000000 0.458202 0.689697 0.002144
0.000000 0.458123 0.310250 0.002273
4.000000 0.866491 0.491948 1.422201
4.000000 0.172261 0.498365 1.402940
4.000000 0.509668 0.162755 1.401467
4.000000 0.509700 0.835350 1.402311
4.000000 0.169297 0.300748 1.402741
4.000000 0.329252 0.396151 1.400146
4.000000 0.324479 0.600200 1.400355
4.000000 0.519615 0.500000 1.402572
4.000000 0.310850 0.814699 1.400269
4.000000 0.811909 0.315235 1.417402
4.000000 0.699816 0.830577 1.410440
4.000000 0.316107 0.188045 1.399678
4.000000 0.694228 0.161631 1.409085
4.000000 0.159000 0.694476 1.403305
4.000000 0.825476 0.684108 1.419062
4.000000 0.614336 0.668213 1.406099
4.000000 0.611125 0.319903 1.405461
4.000000 0.682304 0.476581 1.409277
4.000000 0.853590 0.146410 1.420142
4.000000 0.146410 0.853590 1.403434
4.000000 0.146410 0.146410 1.403032
4.000000 0.853590 0.853590 1.421347
4.000000 0.458202 0.689697 1.401257
4.000000 0.458123 0.310250 1.400819
3.826795 0.000000 0.500000 1.326366
0.173205 0.000000 0.500000 0.049146
2.470588 0.000000 0.203771 0.702077
3.176760 0.000000 0.796654 1.015876
2.000000 0.000000 0.203771 0.514983
1.058824 0.000000 0.203771 0.216686
1.529412 0.000000 0.203771 0.351801
2.705935 0.000000 0.796177 0.802836
2.235249 0.000000 0.796029 0.605640
2.941176 0.000000 0.203771 0.907836
1.764569 0.000000 0.795686 0.429730
0.823240 0.000000 0.796654 0.160024
1.293625 0.000000 0.795610 0.279831
3.386721 0.000000 0.225778 1.114768
0.612926 0.000000 0.225600 0.117650
3.658038 0.000000 0.793661 1.244274
0.342653 0.000000 0.793078 0.071542
0.586985 0.000000 0.796398 0.112147
0.715106 0.000000 0.599464 0.138496
0.941645 0.000000 0.598488 0.188725
0.829162 0.000000 0.384469 0.162998
0.481853 0.000000 0.570755 0.094858
3.412723 0.000000 0.796711 1.126847
3.285305 0.000000 0.600226 1.067306
3.057969 0.000000 0.598788 0.961710
3.170700 0.000000 0.384600 1.013813
3.518463 0.000000 0.571338 1.177838
0.345572 0.000000 0.206546 0.072210
3.654372 0.000000 0.206891 1.242600
2.941090 0.000000 0.797329 0.907612
2.823588 0.000000 0.598277 0.855683
2.588222 0.000000 0.597870 0.752800
2.705785 0.000000 0.388632 0.803725
1.058525 0.000000 0.797076 0.215987
1.175534 0.000000 0.597712 0.248372
1.410728 0.000000 0.596814 0.315965
1.292558 0.000000 0.387784 0.281217
1.528945 0.000000 0.796369 0.351200
1.646410 0.000000 0.597073 0.390939
1.882048 0.000000 0.596813 0.472696
1.765040 0.000000 0.386999 0.431350
1.999838 0.000000 0.796567 0.514668
2.117477 0.000000 0.597412 0.560638
2.353037 0.000000 0.598516 0.654293
2.235940 0.000000 0.387692 0.607097
2.470588 0.000000 0.796232 0.701911
3.838169 0.000000 0.692456 1.331691
3.837472 0.000000 0.307636 1.331348
0.162530 0.000000 0.307578 0.047518
0.162240 0.000000 0.692359 0.047418
3.521703 0.000000 0.365848 1.179352
0.478229 0.000000 0.365590 0.094195
3.170308 0.000000 0.162830 1.012856
0.829594 0.000000 0.162768 0.161635
2.939844 0.000000 0.434813 0.907975
1.059545 0.000000 0.434445 0.218088
2.705863 0.000000 0.159235 0.802665
2.470714 0.000000 0.435296 0.703117
1.293806 0.000000 0.159065 0.279970
2.235423 0.000000 0.159047 0.605514
2.000101 0.000000 0.434538 0.516196
1.528829 0.000000 0.434488 0.352869
1.764773 0.000000 0.158908 0.429696
0.634066 0.000000 0.427155 0.122601
3.365793 0.000000 0.427440 1.105316
0.293124 0.000000 0.591238 0.065277
3.707173 0.000000 0.591491 1.268451
0.322419 0.000000 0.423618 0.069626
3.677663 0.000000 0.423867 1.254259
3.852183 0.000000 0.857223 1.338037
0.148037 0.000000 0.857087 0.044992
3.851310 0.000000 0.142905 1.337587
0.148679 0.000000 0.142825 0.045130
3.826795 1.000000 0.500000 1.352031
0.173205 1.000000 0.500000 0.050384
2.445185 1.000000 0.228560 0.718282
3.176702 1.000000 0.203209 1.044267
2.000006 1.000000 0.796233 0.538126
1.058824 1.000000 0.203771 0.229097
1.529412 1.000000 0.203771 0.369511
2.705882 1.000000 0.796229 0.831371
0.823240 1.000000 0.796654 0.170395
1.293639 1.000000 0.795618 0.295336
3.387076 1.000000 0.774358 1.143298
0.612926 1.000000 0.225600 0.125082
2.000000 1.000000 0.203771 0.537936
3.657347 1.000000 0.206922 1.270404
0.342653 1.000000 0.793078 0.075912
0.586985 1.000000 0.796398 0.119778
0.715106 1.000000 0.599464 0.147081
0.941645 1.000000 0.598488 0.199852
0.829162 1.000000 0.384469 0.172723
0.481853 1.000000 0.570755 0.100529
3.413005 1.000000 0.203579 1.154695
3.284886 1.000000 0.400476 1.095300
3.058454 1.000000 0.405488 0.990490
3.178163 1.000000 0.608640 1.045885
2.944164 1.000000 0.609941 0.938532
2.824139 1.000000 0.402265 0.884274
3.518147 1.000000 0.429230 1.205026
0.345572 1.000000 0.206546 0.076277
3.654428 1.000000 0.793448 1.269889
1.058527 1.000000 0.797077 0.228916
1.175537 1.000000 0.597714 0.262077
1.410748 1.000000 0.596821 0.332344
1.292558 1.000000 0.387784 0.296081
1.528983 1.000000 0.796464 0.369382
1.646136 1.000000 0.593224 0.409962
2.235295 1.000000 0.796230 0.631269
2.117648 1.000000 0.596998 0.584891
2.352941 1.000000 0.592459 0.680453
2.226562 1.000000 0.380204 0.628367
1.882373 1.000000 0.596068 0.494588
2.701750 1.000000 0.206911 0.829089
2.603211 1.000000 0.411749 0.786844
1.764946 1.000000 0.164619 0.450278
2.461025 1.000000 0.801751 0.725182
1.764485 1.000000 0.796998 0.450542
2.941176 1.000000 0.203153 0.936208
3.837470 1.000000 0.692421 1.357326
3.837760 1.000000 0.307641 1.356831
0.162530 1.000000 0.307578 0.048746
0.162240 1.000000 0.692359 0.048769
3.521775 1.000000 0.634394 1.206963
0.478229 1.000000 0.365590 0.099761
3.133920 1.000000 0.802607 1.025115
0.829594 1.000000 0.162768 0.171647
2.933264 1.000000 0.841755 0.933024
2.721650 1.000000 0.569154 0.838878
1.059545 1.000000 0.434445 0.230351
2.228467 1.000000 0.162507 0.627895
1.998498 1.000000 0.438519 0.538479
1.764097 1.000000 0.373588 0.451293
1.293806 1.000000 0.159065 0.295046
1.528590 1.000000 0.431037 0.370385
0.634066 1.000000 0.427155 0.130079
3.371406 1.000000 0.570994 1.136046
2.535106 1.000000 0.615945 0.757501
0.293124 1.000000 0.591238 0.068370
3.706876 1.000000 0.408759 1.294608
0.322419 1.000000 0.423618 0.073046
3.677582 1.000000 0.576375 1.280915
2.410415 1.000000 0.423429 0.704433
3.851963 1.000000 0.142913 1.363039
0.148037 1.000000 0.857087 0.046740
0.148679 1.000000 0.142825 0.046578
3.851321 1.000000 0.857174 1.363930
3.826795 0.500000 0.000000 1.315559
0.173205 0.500000 0.000000 0.010018
2.470592 0.203763 0.000000 0.683136
3.176702 0.203209 0.000000 1.002450
2.000002 0.224524 0.000000 0.490697
1.058824 0.203771 0.000000 0.187828
1.504028 0.228560 0.000000 0.315060
2.705882 0.796229 0.000000 0.803123
2.225269 0.806551 0.000000 0.597833
1.764705 0.800768 0.000000 0.419219
0.823240 0.796654 0.000000 0.139581
1.294065 0.796177 0.000000 0.263130
3.386723 0.774179 0.000000 1.117089
0.613279 0.225778 0.000000 0.086977
3.658038 0.206339 0.000000 1.233424
0.341962 0.793661 0.000000 0.051154
0.587277 0.796711 0.000000 0.091188
0.714695 0.600226 0.000000 0.098188
0.942031 0.598788 0.000000 0.149470
0.829300 0.384600 0.000000 0.120297
0.481537 0.571338 0.000000 0.053423
3.412718 0.203277 0.000000 1.114871
3.285297 0.399716 0.000000 1.051099
3.058522 0.405361 0.000000 0.943656
3.178163 0.608640 0.000000 1.006339
2.944164 0.609941 0.000000 0.896746
2.824150 0.402243 0.000000 0.835072
3.518463 0.428649 0.000000 1.163757
0.345628 0.206891 0.000000 0.046817
3.654372 0.793103 0.000000 1.247225
1.058910 0.797329 0.000000 0.197235
1.176412 0.598277 0.000000 0.211179
1.401739 0.603746 0.000000 0.278658
1.280265 0.378659 0.000000 0.237991
2.705986 0.202775 0.000000 0.786045
2.588542 0.401885 0.000000 0.729249
2.372240 0.403662 0.000000 0.635689
2.497262 0.608588 0.000000 0.695575
1.998329 0.798706 0.000000 0.506425
1.857031 0.572740 0.000000 0.433798
2.091502 0.599202 0.000000 0.525660
2.248169 0.201010 0.000000 0.590337
1.764706 0.203771 0.000000 0.405305
1.647059 0.407541 0.000000 0.355047
1.527732 0.803397 0.000000 0.337544
2.941286 0.202265 0.000000 0.892712
3.837473 0.692363 0.000000 1.328967
0.162528 0.307636 0.000000 0.018223
3.838169 0.307544 0.000000 1.319521
0.161831 0.692456 0.000000 0.021031
3.521707 0.634136 0.000000 1.172274
0.478297 0.365848 0.000000 0.053197
3.133861 0.802577 0.000000 1.000005
0.829692 0.162830 0.000000 0.137413
2.933252 0.841749 0.000000 0.911023
2.712000 0.563777 0.000000 0.788285
1.057366 0.432819 0.000000 0.174833
2.456885 0.814755 0.000000 0.695991
1.621486 0.607014 0.000000 0.351201
1.996250 0.420662 0.000000 0.483037
1.286270 0.162198 0.000000 0.254411
0.634207 0.427440 0.000000 0.078546
3.371358 0.570688 0.000000 1.096700
2.171118 0.393803 0.000000 0.552368
1.839008 0.369887 0.000000 0.424129
3.707173 0.408506 0.000000 1.255421
0.292827 0.591491 0.000000 0.027246
0.322337 0.423867 0.000000 0.028136
3.677664 0.576126 0.000000 1.245224
2.297683 0.615575 0.000000 0.610850
1.474909 0.429098 0.000000 0.297329
3.852183 0.142777 0.000000 1.330214
0.147817 0.857223 0.000000 0.033718
3.851310 0.857093 0.000000 1.347813
0.148690 0.142905 0.000000 0.031279
3.826795 0.500000 1.000000 1.316631
0.173205 0.500000 1.000000 0.009965
2.470592 0.203763 1.000000 0.683406
3.176702 0.203209 1.000000 1.002686
2.000002 0.224524 1.000000 0.490840
1.058824 0.203771 1.000000 0.187082
1.504028 0.228560 1.000000 0.314777
2.705882 0.796229 1.000000 0.804065
2.225269 0.806551 1.000000 0.598530
1.764705 0.800768 1.000000 0.419608
0.823240 0.796654 1.000000 0.139420
1.294065 0.796177 1.000000 0.263154
3.386723 0.774179 1.000000 1.118280
0.613279 0.225778 1.000000 0.086191
3.658038 0.206339 1.000000 1.233791
0.341962 0.793661 1.000000 0.051390
0.587277 0.796711 1.000000 0.091130
0.714695 0.600226 1.000000 0.097775
0.942031 0.598788 1.000000 0.149129
0.829300 0.384600 1.000000 0.119628
0.481537 0.571338 1.000000 0.053047
3.412718 0.203277 1.000000 1.115129
3.285297 0.399716 1.000000 1.051751
3.058522 0.405361 1.000000 0.944310
3.178163 0.608640 1.000000 1.007297
2.944164 0.609941 1.000000 0.897669
2.824150 0.402243 1.000000 0.835725
3.518463 0.428649 1.000000 1.164516
0.345628 0.206891 1.000000 0.046364
3.654372 0.793103 1.000000 1.248579
1.058910 0.797329 1.000000 0.197119
1.176412 0.598277 1.000000 0.211017
1.401739 0.603746 1.000000 0.278717
1.280265 0.378659 1.000000 0.237701
2.705986 0.202775 1.000000 0.786317
2.588542 0.401885 1.000000 0.729892
2.372240 0.403662 1.000000 0.636294
2.497262 0.608588 1.000000 0.696402
1.998329 0.798706 1.000000 0.506983
1.857031 0.572740 1.000000 0.434266
2.091502 0.599202 1.000000 0.526301
2.248169 0.201010 1.000000 0.590552
1.764706 0.203771 1.000000 0.405228
1.647059 0.407541 1.000000 0.355188
1.527732 0.803397 1.000000 0.337746
2.941286 0.202265 1.000000 0.892962
3.837473 0.692363 1.000000 1.330339
0.162528 0.307636 1.000000 0.018007
3.838169 0.307544 1.000000 1.320247
0.161831 0.692456 1.000000 0.021457
3.521707 0.634136 1.000000 1.173363
0.478297 0.365848 1.000000 0.052537
3.133861 0.802577 1.000000 1.001115
0.829692 0.162830 1.000000 0.136536
2.933252 0.841749 1.000000 0.912064
2.712000 0.563777 1.000000 0.789131
1.057366 0.432819 1.000000 0.174387
2.456885 0.814755 1.000000 0.696812
1.621486 0.607014 1.000000 0.351476
1.996250 0.420662 1.000000 0.483488
1.286270 0.162198 1.000000 0.253788
0.634207 0.427440 1.000000 0.077882
3.371358 0.570688 1.000000 1.097649
2.171118 0.393803 1.000000 0.552886
1.839008 0.369887 1.000000 0.424398
3.707173 0.408506 1.000000 1.256238
0.292827 0.591491 1.000000 0.027179
0.322337 0.423867 1.000000 0.027672
3.677664 0.576126 1.000000 1.246310
2.297683 0.615575 1.000000 0.611604
1.474909 0.429098 1.000000 0.297317
3.852183 0.142777 1.000000 1.330601
0.147817 0.857223 1.000000 0.034287
3.851310 0.857093 1.000000 1.349389
0.148690 0.142905 1.000000 0.031207
3.300033 0.500059 0.500000 1.062020
0.702884 0.500053 0.500000 0.096568
2.789997 0.499331 0.499900 0.823952
2.062793 0.499840 0.502336 0.513953
1.408958 0.500001 0.500000 0.281247
0.360444 0.531781 0.360134 0.037530
3.627047 0.633860 0.368946 1.224854
3.626805 0.365872 0.634128 1.217652
0.379478 0.338840 0.658896 0.043741
2.425951 0.390232 0.391345 0.661727
1.055912 0.374136 0.612962 0.179973
0.333346 0.674044 0.674022 0.041351
1.738086 0.363495 0.636836 0.391639
1.059307 0.637714 0.350706 0.185714
3.681358 0.310688 0.313742 1.244122
1.736420 0.612154 0.356573 0.395606
3.679443 0.686025 0.689714 1.253531
2.364222 0.641665 0.644805 0.643790
3.045215 0.337311 0.663389 0.939699
3.015371 0.313369 0.325016 0.925883
2.575489 0.321083 0.678878 0.727034
0.926360 0.675458 0.675416 0.154657
3.044817 0.661571 0.328424 0.948801
3.062754 0.681452 0.672080 0.958865
1.712307 0.689691 0.691775 0.392514
0.542234 0.292388 0.292348 0.072192
2.252190 0.299071 0.672253 0.590530
1.247093 0.696790 0.697158 0.242213
1.617830 0.303214 0.333622 0.351882
2.575691 0.680170 0.317318 0.737333
1.148666 0.322812 0.298977 0.206602
1.941449 0.321509 0.284703 0.466924
0.582084 0.725325 0.330721 0.085721
0.255713 0.281327 0.294710 0.032168
3.345101 0.298962 0.721257 1.081819
3.346438 0.721836 0.300396 1.095283
3.385010 0.324850 0.272372 1.100451
0.629708 0.688263 0.722784 0.090833
2.694296 0.330072 0.271421 0.778968
2.263561 0.646570 0.310603 0.601616
0.246743 0.742792 0.246306 0.035775
0.779992 0.280085 0.692126 0.118866
3.387305 0.723273 0.672055 1.115356
1.330534 0.275870 0.683463 0.261437
2.078990 0.721086 0.708521 0.533083
1.347009 0.699461 0.281465 0.272218
2.662392 0.716910 0.679125 0.778921
0.857336 0.273614 0.273673 0.136475
3.771176 0.223357 0.776643 1.289375
3.774135 0.770168 0.225332 1.304416
1.979902 0.347082 0.775515 0.480514
0.215283 0.215258 0.778982 0.032839
0.226785 0.483976 0.768979 0.018796
1.994871 0.729982 0.350211 0.501101
3.773512 0.511369 0.229856 1.290827
3.504454 0.226677 0.467680 1.160069
2.212658 0.265462 0.253276 0.575153
0.805990 0.582743 0.258828 0.120236
3.772665 0.227767 0.513161 1.290257
2.816361 0.240125 0.760037 0.836179
0.592581 0.439586 0.750759 0.073721
0.226664 0.227164 0.520800 0.034070
2.858964 0.502292 0.756405 0.855058
1.528161 0.497711 0.743329 0.318633
3.783826 0.453518 0.778347 1.295038
1.500317 0.752135 0.535715 0.326660
3.771864 0.461333 0.472795 1.289398
2.819391 0.237764 0.484381 0.838222
0.221456 0.459135 0.537725 0.019764
3.473555 0.538378 0.213188 1.145855
2.813106 0.565028 0.244575 0.836116
2.864719 0.756770 0.507677 0.873690
0.256402 0.780674 0.478590 0.040961
1.392291 0.413520 0.250688 0.274630
2.055119 0.240782 0.513919 0.514823
3.770255 0.787773 0.449885 1.304484
3.220747 0.244387 0.483133 1.023999
0.478721 0.527969 0.562425 0.055649
0.580050 0.234317 0.538849 0.084269
3.184477 0.475435 0.222449 1.005653
0.752103 0.764267 0.514425 0.123930
0.198016 0.782506 0.803304 0.033558
3.263156 0.530594 0.776226 1.045137
0.209162 0.477698 0.213418 0.016787
3.506412 0.538594 0.776672 1.162283
1.535556 0.219040 0.553433 0.330224
3.556384 0.438991 0.439953 1.184026
2.543877 0.204161 0.446398 0.717730
0.580533 0.515659 0.215703 0.071750
2.189610 0.511993 0.782822 0.564152
2.553504 0.524426 0.548247 0.719324
0.926198 0.786664 0.216989 0.165065
1.473537 0.731328 0.775375 0.314660
2.213886 0.787415 0.509928 0.594442
1.984316 0.541708 0.204751 0.483292
1.087404 0.536762 0.786157 0.186853
3.567639 0.728877 0.186467 1.201417
0.503439 0.754847 0.543740 0.075016
3.553066 0.785335 0.525301 1.199657
