0.0006025448092259467
0.0006089417147450149
0.0006077723810449243
0.0006069469964131713
0.0006061903550289571
0.0006056401180103421
0.0006050898227840662
0.0006048146751709282
0.0006044707843102515
0.000604058091994375
0.0006039892905391753
0.0006038517458364367
0.0006036453414708376
0.0006035077967680991
0.0006033702520653605
0.0006033014506101608
0.0006033014506101608
0.0006032326491549611
0.0006030263029970229
0.0006030263029970229
0.0006030263029970229
0.0006030263029970229
0.0006030263029970229
0.0006029575015418231
0.0006029575015418231
0.0006029575015418231
0.0006029575015418231
0.0006029575015418231
0.0006028199568390846
0.0006028199568390846
0.0006028199568390846
0.0006027511553838849
0.0006027511553838849
0.0006026136106811464
0.0006026136106811464
0.0006024760659784079
0.0006023384630680084
0.0006022009183652699
0.0006020633154548705
0.0006017194245941937
0.0006012379308231175
0.0006007564370520413
0.0005998622509650886
0.0005987617187201977
0.0005973860388621688
0.0005952537758275867
0.0005925712175667286
0.0005888568703085184
0.0005837669013999403
0.0005769573035649955
0.0005676027503795922
0.0005553592345677316
0.000540433160495013
0.0005278457538224757
0.0005427718278951943
0.0006416139658540487
0.0006675453623756766
0.0006839159177616239
0.0006935456185601652
0.0006761433323845267
0.0006606670212931931
0.0006405821768566966
0.0006235926412045956
0.0006134126451797783
0.0005929839098826051
0.000585211324505508
0.0005812218878418207
0.0005803965032100677
0.0005805340479128063
0.0005815658369101584
0.0005819785292260349
0.0005847986321896315
0.0005831478629261255
0.000590301351621747
0.0005922960699535906
0.0005877563380636275
0.0005878251395188272
0.0005920209223404527
0.0006077035795897245
0.0006164391525089741
0.0006471854285337031
0.0007690012571401894
0.0007981655653566122
0.001137200160883367
0.0012359735555946827
0.0012950586387887597
0.0010907024843618274
0.0010206806473433971
0.0009459816501475871
0.00090017169713974
0.0008619279833510518
0.0008335203165188432
0.0008061444386839867
0.0007796627469360828
0.0007524932152591646
0.0007243606960400939
0.0006964345229789615
0.0006685771513730288
0.0006452594534493983
0.0006243492243811488
0.0006155449664220214
0.0005893383640795946
0.0005834917537868023
0.0005688408273272216
0.0005623063771054149
0.0005488247843459249
0.0005424966802820563
0.0005235124262981117
0.0005289463442750275
0.0004927660920657218
0.0005504756118170917
0.0005233748233877122
0.0005733117577619851
0.0005594862741418183
0.0006187089602462947
0.000631021277513355
0.0006326033035293221
0.0006300582899712026
0.0006301958346739411
0.0006220106151886284
0.000625105865765363
0.0006111427792347968
0.0006169205880723894
0.0005998622509650886
0.0006074284901842475
0.0005864494596607983
0.0005950474296696484
0.0005717985332012177
0.0005726239178329706
0.0005477930535562336
0.000530184421222657
0.0004949672147631645
0.00042467028833925724
0.000373082555597648
0.00022863686899654567
0.0004760516749229282
0.00034845800837501884
0.00042515178211033344
0.0004210935439914465
0.0005321791395545006
0.0005541211576201022
0.0005993807571940124
0.0006378996185958385
0.000696021830663085
0.0007231913623400033
0.0007628107559867203
0.0007703769369982183
0.0008207953651435673
0.0008191445376724005
0.0008422558894380927
0.0007485037203878164
0.0008083455031737685
0.000478803034638986
0.0005438035586848855
0.0004345751367509365
0.0004182046395726502
0.00033992883982136846
0.00018007561448030174
4.0857492422219366e-05
0.00017801210924517363
0.00030883861472830176
0.0003877334820572287
0.0005393326282501221
0.0005093429936096072
0.000615407363511622
0.0004219189577270299
0.000444823905127123
0.0003536167787387967
0.0003245213010814041
0.00029487552819773555
0.000193419647985138
0.00020923987904097885
9.03129403013736e-05
7.648742757737637e-05
1.8227668988402e-05
8.921240078052506e-05
0.00015173674910329282
0.00031606090487912297
0.00035602421849034727
0.00045128955389373004
0.0005496501689776778
0.0005616185371764004
0.0006794449291191995
0.000614581978879869
0.0007287628250196576
0.0006910694064572453
0.0007376359426416457
0.0007370856474153697
0.0007421068730764091
0.0007163130212575197
0.000732683518435806
0.0006944398046471179
0.00066231784876436
0.000676074530929327
0.0006081850733608007
0.0006327408482320607
0.0005166340270079672
0.000505628646351397
0.0004439297190401703
0.00036826770519837737
0.00033483884180895984
0.00022499133774545044
0.00018970532983075827
0.00011246127542108297
6.500055314972997e-05
9.492144272371661e-06
2.276738996442873e-05
6.582595960935578e-05
8.329701086040586e-05
0.0001089533107005991
0.00012374180369079113
0.00012387936294544488
0.0001398371678078547
9.20325328479521e-05
0.00010957236372632906
9.629711712477729e-06
2.3936712750582956e-05
0.00020002287055831403
0.00024989101802930236
0.00032032548915594816
0.00036991850356571376
0.00040541085763834417
0.0004489509155973792
0.0004926285473629832
0.0004634642682503909
0.000505903793964535
0.0004827924713026732
0.0005312849534675479
0.0005043217679485679
0.0005720048793591559
0.0005377506022341549
0.0006099734455347061
0.0006031639059074223
0.0006420266581699252
0.0006556457956321537
0.0006879053544253111
0.0006903127650730312
0.0007189267780631781
0.0007145933923311532
0.000725942722056061
0.0007183764828369021
0.0007160378736443818
0.0007127362187020481
0.0006893497775308788
0.0006954715354368091
0.0006643125670962036
0.0006707782158628106
0.0006412012153305113
0.0006472542299889028
0.0006238677888177335
0.0006229735445231199
0.0006137565360404551
0.0005944283329881728
0.0005930527113378048
0.000577369995880872
0.0005557719268836081
0.0005497877718880773
0.0005044593126513064
0.0005038402741774917
0.00045005144784227014
0.0004519773938227445
0.00040644261753186584
0.00040382883162237704
0.0003726010618265718
0.0003625586396083236
0.000346807180903852
0.00032424615346826613
0.0003309181774966419
0.0002880659594666213
0.00030883861472830176
0.0002857960935216397
0.0002801558293867856
0.00027313988539390266
0.0002623408508952707
0.000258626532740891
0.0002444571000523865
0.00023806023818906397
0.000227261203690432
0.00019720273849088699
0.0001929381542140618
0.00018000682757701725
0.00015256214828696102
0.00015084256301634014
0.00010503264638828114
0.00010104318789672107
7.401121547445655e-05
4.443424040800892e-05
4.250829806551337e-05
2.111658250214532e-05
1.238105778611498e-05
1.1486870789667591e-05
3.948181984014809e-05
4.3815187382278964e-05
6.286826101131737e-05
8.309065742651e-05
7.944512617541477e-05
0.0001055829125107266
9.196374594466761e-05
0.0001267682819161564
9.265158587368205e-05
0.00011376816837582737
0.00011149830970680341
9.045050683198497e-05
0.00010179980745306239
8.591078949393705e-05
7.903241930762306e-05
7.724404713371769e-05
6.231799488887191e-05
6.176772149046883e-05
5.2550713007804006e-05
4.821734182769433e-05
4.2577081330819055e-05
3.377277607796714e-05
2.606900488899555e-05
2.6619274649419822e-05
1.8365235519013368e-05
2.1322934117051773e-05
2.146050064766314e-05
2.5381168597959913e-05
3.4185475669801235e-05
3.5217231925344095e-05
4.856126179220155e-05
4.8492478526895866e-05
6.142380152596161e-05
6.334974750643596e-05
7.758796709822491e-05
8.061444532359019e-05
9.636590402806178e-05
9.925481572281569e-05
0.0001077152046491392
0.00010709615162340924
0.00011762005306081846
0.000113630601845216
0.0001264243619516492
0.00012284760305192322
0.0001344720512861386
0.00013419691822491586
0.0001454774319427088
0.00014217582065612078
0.00016398023581132293
0.00016356752894353122
0.00017189035133924335
0.00016975805920083076
0.00017649885558057576
0.00020022921671625227
0.00020208637579344213
0.0002098589320667088
0.00021556798310484737
0.00021825054136570543
0.00022849930974189192
0.00022849930974189192
0.0002314570010639727
0.00022712362988386303
0.0002315945748705417
0.00021941986051388085
0.00022567917767446488
0.00021364203712437302
0.00022368444479070604
0.00020937745284754783
0.00021680608915630728
0.00019933503062929958
0.0002018800296355039
0.0001954831532202661
0.00019135612819809467
0.00019225031428504735
0.0001895677560241893
0.00018908627680502832
0.00018936140986625105
0.0001942450471688062
0.00020738271996378899
0.00025291749625466764
0.0002637853322084993
0.0003318811359349638
0.00035010880674235523
0.0003950933169107884
0.0004299666325096041
0.0004469561972655356
0.0004974434268660843
0.0004920782521367073
0.0005350680439732969
0.0005208986112847924
0.000516427680850029
0.0005248881061561406
0.0005136075778864324
0.0005134012317284942
0.000506729178596288
0.000499438145197928
0.0004986815038137138
0.0004880200431216508
0.0004907026304863393
0.0004834115388803184
0.0004864380171056837
0.0004741945303976536
0.000475707754958421
0.00046697224024683237
0.0004685542662627995
0.00045424725976772606
0.0004506705154199153
0.0004368450026959181
0.00043388729682192206
0.0004217125824652612
0.00041827341192401946
0.00040768072358332574
0.00040355371311306953
0.00038842129288241267
0.0003817492979578674
0.00037432066164910793
0.0003675798652693629
0.0003600136551540345
0.00035547392326407135
0.00034873312688432634
0.0003455003025010228
0.00033518276177346706
0.00032995518995448947
0.0003194313030689955
0.000312002666760236
0.0003057433641515672
0.00029625120805576444
0.0002968014741782099
0.0002845579874701798
0.000291642703814432
0.0002842140675056726
0.00030340469675138593
0.0002981771540362388
0.00030436768429353833
0.000288822571747005
0.0002965263556689024
0.00029109243769198656
0.00031248416053131223
0.0002985898463521153
0.00032837316393852234
0.00031262170523405075
0.00033648964017629623
0.0003206694091204554
0.00033483884180895984
0.00033098694984801114
0.00033263774821534753
0.00033607694786041975
0.0003333943895995617
0.0003367647877894342
0.00033511396031826735
0.00033559545408934355
0.0003376589738763869
0.0003347700403537601
0.0003375214000698179
0.0003382780123502016
0.00033848435850813985
0.000343161664204672
0.00033972246455959976
0.0003481828607618809
0.0003434367827139795
0.0003486643545329571
0.0003468759823590517
0.00034845800837501884
0.0003507278743200004
0.00035010880674235523
0.0003511405666358769
0.00034921462065540254
0.00035010880674235523
0.0003465320623945445
0.0003456378763075918
0.0003399976121727377
0.000339378573698923
0.00033724625245667994
0.00033593937405385077
0.00033648964017629623
0.00033518276177346706
0.00033559545408934355
0.0003369023615960032
0.00032287047361023724
0.00032596575329080224
0.0003280292439740151
0.0003335319343023002
0.0003370399062987417
0.0003396536922082305
0.0003434367827139795
0.0003366959863342345
0.00034357435652054846
0.000340066384524107
0.0003463944885879755
0.0003538918972481042
0.0003511405666358769
0.0003692994359880686
0.0003607702674344182
0.00037246348802000284
0.0003721195680554956
0.0003777598321903497
0.0003896593989338726
0.00038917793426662683
0.00039681291673332453
0.00039867006125859916
0.0004008711548522115
0.0004078182973898947
0.0004057547776028514
0.0004100193618796766
0.0004094690957572311
0.00041153261554427445
0.00041167018935084343
0.00041139504173770547
0.00041091354796662927
0.0004092627495992929
0.00040561723290011287
0.000404103979235515
0.00039681291673332453
0.0003944742784369737
0.0003823683364316821
0.00037968577817082405
0.000373220129404217
0.00037156930193305016
0.00036744229146279395
0.00036668567918241024
0.00036455338704399765
0.00036118298885412514
0.000352722592651844
0.00035010880674235523
0.00034536272869445384
0.0003425425966270268
0.000340066384524107
0.0003350451879668981
0.00033483884180895984
0.00033284412347711623
0.00032933615148067474
0.00032968007144518197
0.00031950007542036474
0.0003214260214008391
0.00031874346313998103
0.00033600814640522003
0.0003321562835481018
0.0003371087077539414
0.00033387585426680744
0.00032761655165813863
0.00032335196738131344
0.00032108210143633187
0.0003154418373014778
0.0003194313030689955
0.00030388619052246213
0.00030808200244791806
0.00029872742015868425
0.0003018226707354188
0.0002989337663166225
0.0003018226707354188
0.00030423011048696935
0.0003064311749767512
0.00031021429458633065
0.00031324077281169593
0.0003172990109305829
0.00032046306296251714
0.0003234895411878824
0.00032734143314883113
0.00032981764525175095
0.0003324314020574093
0.00033483884180895984
0.0003355266817379743
0.00033944734605029225
0.0003352515341248363
0.00033992883982136846
0.0003366272139828652
0.00033600814640522003
0.0003335319343023002
0.0003312620974611491
0.0003285107377450913
0.00032259535510092974
0.00031956887687556446
0.00031564818345941603
0.0003125529328826815
0.000309182534692809
0.00030670632258988917
0.00030436768429353833
0.00030299200443550944
0.0003018914721906185
0.0003018226707354188
0.00030161632457748055
0.00031035186839289963
0.0003086322685703635
0.0003136534651275724
0.0003105582145508379
0.0003150291449856013
0.0003150291449856013
0.00031695509096607566
0.0003200503415428102
0.0003200503415428102
0.0003214260214008391
0.0003227329289074987
0.0003227329289074987
0.0003249339933972806
0.0003247964195907116
0.0003252091119065881
0.0003255530318710953
0.0003249339933972806
0.0003261033270973712
0.0003175053570885211
0.00031888103694655
0.0003236271149944514
0.0003211509028915316
0.0003209445276297629
0.000315923331072554
0.00031564818345941603
0.00031358469277620316
0.00031220901291817427
0.00030883861472830176
0.00030670632258988917
0.0003055369888897985
0.0003026480844710022
0.000302304164506495
0.0002990713401231915
0.0003011348599102348
0.00026646789046935737
0.0002725896192714572
0.0002782298834063113
0.0002827008138410747
0.0002871717733796686
0.0002904733701143414
0.00029370622360147536
0.0002961824357043952
0.00029838350019417703
0.0003014099784195423
0.000302441738313064
0.00030085971229709685
0.0003018914721906185
0.0002980395802296698
0.0003001718723680824
0.00029783323407173157
0.00029549459577538073
0.00029102363623678684
0.00028737811953760684
0.00028435164131224155
0.0002805685217026621
0.0002772669249679893
0.00027589124510996044
0.0002612403186503798
0.00026075885398313403
0.0002597958664409816
0.0002622033061925322
0.0002595207479316741
0.00026103397249244153
0.0002620657323859632
0.00026316626463085413
0.0002659176243469119
0.00026653666282072663
0.0002695631410460919
0.0002710763947106898
0.0002741716452874243
0.0002725896192714572
0.00028084366931580007
0.00027712935116142035
0.00028139393543824553
0.0002807060955092311
0.00028510825359262526
0.0002841452951543033
0.00028524582739919424
0.00028428283985704184
0.00028173785540275276
0.0002813251630868763
0.00027795476489700377
0.00027637273888103664
0.00027410287293605506
0.00027176423463970423
0.00026942556723952293
0.000264679518295452
0.00026351018459536135
0.0002602085587568581
0.0002623408508952707
0.0002611027448438108
0.00026268477085977793
0.00026261599850840867
0.00026426679687574506
0.0002672245027497411
0.00026915044873021543
0.0002739652991294861
0.0002763039374258369
0.0002816002815961838
0.00028263204148970544
0.0002884098794311285
0.0002925368899013847
0.00029625120805576444
0.0003011348599102348
0.0003006533661391586
0.00030471160425804555
0.0003056745626963675
0.0003107645607087761
0.00031138359918259084
0.00031262170523405075
0.0003124153590761125
0.00031234658672474325
0.00031145240063779056
0.00031048941309563816
0.0003087010409217328
0.0003078068548347801
0.00030608728411607444
0.00030498672276735306
0.0003036798443645239
0.0002998279524035752
0.00029872742015868425
0.00029625120805576444
0.00029549459577538073
0.00029700782033614814
0.0002963887818623334
0.00032713505788706243
0.00032197628752328455
0.00031874346313998103
0.00031530429259873927
0.0003130344266537577
0.0003116587467957288
0.00030987037462182343
0.00030987037462182343
0.00030925130704417825
0.00030932010849937797
0.000312965625198558
0.00031069578835740685
0.00031585455872118473
0.00031385981128551066
0.00031723020947538316
0.00031619847868569195
0.00031771170324645936
0.00031647359719499946
0.0003175053570885211
0.0003218387137167156
0.00032135724904946983
0.00032032548915594816
0.00032534668571315706
0.00031874346313998103
0.0003179868508595973
0.00031585455872118473
0.0003145476512145251
0.00031014549313113093
0.0003095264546573162
0.0003095264546573162
0.0003086322685703635
0.00030808200244791806
0.00030670632258988917
0.0003091137623414397
0.00030670632258988917
0.0003146164526697248
0.0003145476512145251
0.00031475399737246335
0.0003145476512145251
0.00031585455872118473
0.0003164048248436302
0.000319018610753119
0.00032170116901397705
0.00032472764723934233
0.0003287858853582293
0.0003321562835481018
0.00033635206636972725
0.0003399976121727377
0.00034453734406270087
0.00034570664865896106
0.000349627312971279
0.0003507278743200004
0.00035382312489673495
0.00035059030051343143
0.0003516220604069531
0.0003612517612054944
0.0003620083734858781
0.0003601512289606035
0.00035856920294463634
0.0003591194690670818
0.000356643256964162
0.0003540982725098729
0.00035059030051343143
0.00034832043456844985
0.0003447436902206391
0.0003425425966270268
0.00033986003836616874
0.00033779654768295586
0.00033545788028277457
0.0003336695081088692
0.00033181236358359456
0.0003300239914096892
0.00032871708390302956
0.0003267911379225552
0.0003258969518356025
0.0003230080474168062
0.0003223202074877918
0.00032417738111689687
0.00032245778129436076
0.00032170116901397705
0.0003212884475942701
0.0003214260214008391
0.0003218387137167156
0.00032252655364573
0.00032335196738131344
0.0003243837272748351
0.00032507156720384955
0.0003277541254647076
0.00032837316393852234
0.0003287858853582293
0.00032968007144518197
0.000329404923832044
0.0003316060174256563
0.00033133086981251836
0.0003313996421638876
0.00033174356212839484
0.00032809804542921484
0.0003278916992712766
0.0003278916992712766
0.0003272726316936314
0.0003267911379225552
0.0003358706017024815
0.000329404923832044
