0.9969303607940674
0.9256134033203125
0.9400659799575806
0.9516411423683167
0.9609135389328003
0.9683282375335693
0.9742516875267029
0.9789808988571167
0.9827548861503601
0.985765278339386
0.9881653189659119
0.9900772571563721
0.9915989637374878
0.99280846118927
0.9937685132026672
0.9945294260978699
0.9951314330101013
0.9956071972846985
0.9959827661514282
0.9962791800498962
0.9965133666992188
0.9966985583305359
0.996845543384552
0.9969627261161804
0.9970569014549255
0.9971332550048828
0.9971961975097656
0.9972489476203918
0.9972946047782898
0.9973353147506714
0.9973730444908142
0.9974093437194824
0.9974455833435059
0.99748295545578
0.9975220561027527
0.9975636005401611
0.9976077675819397
0.9976543188095093
0.997702419757843
0.9977505803108215
0.9977959990501404
0.9978348612785339
0.9978612065315247
0.997867226600647
0.99784255027771
0.9977743029594421
0.9976464509963989
0.9974396228790283
0.9971280097961426
0.9966745972633362
0.9960194230079651
0.9950584769248962
0.9936040639877319
0.9912998676300049
0.9873496294021606
0.9815054535865784
0.9798915982246399
0.9773879051208496
0.9713850021362305
0.9661508798599243
0.9602158665657043
0.9570140242576599
0.9537071585655212
0.9508240818977356
0.9477403163909912
0.9459512233734131
0.944848358631134
0.9441611170768738
0.9437642097473145
0.9434685111045837
0.9432806372642517
0.9430416822433472
0.9429572820663452
0.9426594972610474
0.9426642060279846
0.9424242377281189
0.9425287246704102
0.9429135918617249
0.9471176862716675
0.9472492337226868
0.9455746412277222
0.9487184286117554
0.9414564371109009
0.8719554543495178
0.8300904035568237
0.8025396466255188
0.7503081560134888
0.73944091796875
0.733379065990448
0.729312002658844
0.7272869944572449
0.725551962852478
0.7244117259979248
0.7231695055961609
0.72218918800354
0.7211061716079712
0.7201991081237793
0.7192202210426331
0.7184197306632996
0.7175254225730896
0.7170752286911011
0.7158108949661255
0.7158193588256836
0.7150797843933105
0.7146782875061035
0.7139891386032104
0.7131540179252625
0.71207195520401
0.710394024848938
0.7085989117622375
0.7054482698440552
0.7024713754653931
0.6989274024963379
0.6945983171463013
0.6915925145149231
0.6887571811676025
0.6874289512634277
0.6863306164741516
0.6856496930122375
0.6847285628318787
0.6843217611312866
0.6834715604782104
0.683107316493988
0.6822822093963623
0.6816198825836182
0.6805363893508911
0.6791858077049255
0.6773175001144409
0.674710750579834
0.6712359189987183
0.6659746170043945
0.6591081023216248
0.6482263207435608
0.6374239921569824
0.6231909394264221
0.615990161895752
0.6022065877914429
0.6010039448738098
0.6007679104804993
0.5999549031257629
0.5998405814170837
0.5976945757865906
0.5961360335350037
0.5896899104118347
0.5847498178482056
0.5759260058403015
0.5621997714042664
0.5461673736572266
0.5253394246101379
0.50483238697052
0.4810299277305603
0.46070122718811035
0.44312456250190735
0.43337714672088623
0.4217769205570221
0.41457101702690125
0.4028327465057373
0.3898254334926605
0.3744562268257141
0.35931646823883057
0.35274195671081543
0.347584068775177
0.3453911244869232
0.3457462191581726
0.3403647243976593
0.3395080864429474
0.33138301968574524
0.3289271295070648
0.31816616654396057
0.31488198041915894
0.31145334243774414
0.3076961934566498
0.3063023090362549
0.3025698959827423
0.3000275194644928
0.2951011061668396
0.28950750827789307
0.28459587693214417
0.2771364450454712
0.27374935150146484
0.27112922072410583
0.2663881182670593
0.26434117555618286
0.2548336386680603
0.2544470429420471
0.2416263222694397
0.24192655086517334
0.2365049123764038
0.23312833905220032
0.22800418734550476
0.2214987725019455
0.21550361812114716
0.20863047242164612
0.20230700075626373
0.19629092514514923
0.18956908583641052
0.18009430170059204
0.1708969622850418
0.16044500470161438
0.14953778684139252
0.1397671103477478
0.1265375018119812
0.11818303167819977
0.10838472843170166
0.10203447937965393
0.09436161071062088
0.08895896375179291
0.08437427133321762
0.08042193949222565
0.0771864503622055
0.07364032417535782
0.07001045346260071
0.06527489423751831
0.060283686965703964
0.05331633985042572
0.04639936238527298
0.03628132864832878
0.02668948844075203
0.014234870672225952
0.004406178370118141
0.0066718426533043385
0.015347841195762157
0.025720348581671715
0.03234051167964935
0.038454342633485794
0.04139208793640137
0.04324793070554733
0.0436229445040226
0.04452857747673988
0.044064708054065704
0.04538258910179138
0.04490415379405022
0.04578842595219612
0.04597882926464081
0.046537961810827255
0.04751475900411606
0.04864946007728577
0.04979661479592323
0.051119476556777954
0.05227746441960335
0.05417564511299133
0.05589201673865318
0.05898168310523033
0.06166638433933258
0.06492316722869873
0.06807061284780502
0.0715189278125763
0.07533808052539825
0.07907865196466446
0.08370101451873779
0.08789760619401932
0.09331881254911423
0.09930301457643509
0.10518310964107513
0.11388637870550156
0.1208406463265419
0.12889039516448975
0.13586409389972687
0.14314138889312744
0.148668572306633
0.15378855168819427
0.15699315071105957
0.15962107479572296
0.16103123128414154
0.16194675862789154
0.162090465426445
0.1622275710105896
0.16178001463413239
0.1617090404033661
0.1615947186946869
0.16072413325309753
0.1607627421617508
0.16020822525024414
0.16026288270950317
0.16046574711799622
0.1610826551914215
0.162462055683136
0.1635821908712387
0.16483183205127716
0.165747731924057
0.16766633093357086
0.1693834513425827
0.17180153727531433
0.17430479824543
0.1771564930677414
0.18028900027275085
0.18359211087226868
0.18750092387199402
0.19176089763641357
0.1955217719078064
0.1995960921049118
0.20310790836811066
0.20672021806240082
0.21038396656513214
0.21429438889026642
0.21734881401062012
0.2199690192937851
0.22146247327327728
0.22255459427833557
0.2226325422525406
0.22216294705867767
0.22139623761177063
0.2201845645904541
0.21863692998886108
0.2173716127872467
0.21574215590953827
0.21468017995357513
0.21348944306373596
0.21267715096473694
0.21204441785812378
0.21171990036964417
0.21156124770641327
0.21129849553108215
0.21143260598182678
0.21077808737754822
0.2108490765094757
0.21067436039447784
0.21067684888839722
0.21061471104621887
0.21037350594997406
0.21039317548274994
0.21015620231628418
0.21027785539627075
0.21014946699142456
0.21022245287895203
0.21002842485904694
0.20994138717651367
0.20978884398937225
0.2096315622329712
0.20959021151065826
0.20943132042884827
0.2093498855829239
0.2093857377767563
0.20935124158859253
0.20965509116649628
0.20973168313503265
0.2101977914571762
0.21030551195144653
0.21127820014953613
0.21138541400432587
0.21230480074882507
0.21320302784442902
0.21377597749233246
0.2148425579071045
0.21715468168258667
0.21855823695659637
0.22156359255313873
0.22363623976707458
0.2261473536491394
0.2280934751033783
0.23035216331481934
0.23147055506706238
0.23312005400657654
0.2333047240972519
0.2342994660139084
0.23422275483608246
0.23405875265598297
0.23391516506671906
0.23327571153640747
0.23266403377056122
0.23191076517105103
0.23081977665424347
0.22975094616413116
0.22842036187648773
0.2271021157503128
0.2261076271533966
0.22522448003292084
0.22401517629623413
0.22295619547367096
0.22338369488716125
0.22298669815063477
0.22375354170799255
0.22523008286952972
0.2272399663925171
0.22937387228012085
0.2321200966835022
0.23489919304847717
0.2381638139486313
0.240891233086586
0.24392573535442352
0.24650445580482483
0.24918928742408752
0.25121909379959106
0.2529577612876892
0.25464126467704773
0.25644615292549133
0.2580738663673401
0.26015958189964294
0.26162776350975037
0.2635630667209625
0.2648000121116638
0.2662619650363922
0.26750001311302185
0.268047571182251
0.2683233916759491
0.26820123195648193
0.26778680086135864
0.2667945623397827
0.26572349667549133
0.26428908109664917
0.2629207670688629
0.26147621870040894
0.2600308358669281
0.2586073577404022
0.2570684254169464
0.25580495595932007
0.2547011375427246
0.2536167502403259
0.25269874930381775
0.25196874141693115
0.251445472240448
0.25105035305023193
0.2507947087287903
0.25102758407592773
0.25138869881629944
0.25216737389564514
0.253359854221344
0.2546914219856262
0.2566216289997101
0.25838780403137207
0.26035523414611816
0.262222021818161
0.2646041214466095
0.2666986882686615
0.2687646150588989
0.27025893330574036
0.2720004618167877
0.27355918288230896
0.2748697102069855
0.27565014362335205
0.27603182196617126
0.2759822607040405
0.275348037481308
0.2746424674987793
0.27314987778663635
0.27197033166885376
0.27010178565979004
0.26824048161506653
0.2661069333553314
0.26403215527534485
0.2620059549808502
0.2599749267101288
0.2582433521747589
0.2564338445663452
0.25520089268684387
0.25420042872428894
0.2536551058292389
0.2532823979854584
0.25345560908317566
0.25385287404060364
0.2546778619289398
0.2557973563671112
0.25705185532569885
0.2586422264575958
0.2600462734699249
0.2622557580471039
0.26396480202674866
0.2664280831813812
0.2680981457233429
0.2702421247959137
0.2715328633785248
0.2730177342891693
0.2741081118583679
0.27522674202919006
0.27587890625
0.27644088864326477
0.27672356367111206
0.2770135998725891
0.277019202709198
0.2776109576225281
0.2774728536605835
0.2773372530937195
0.2770968973636627
0.27683863043785095
0.2765640616416931
0.27627289295196533
0.2762989401817322
0.276008665561676
0.2760646939277649
0.2758735418319702
0.27612558007240295
0.2760346829891205
0.2764853537082672
0.2767832279205322
0.2773631513118744
0.2780951261520386
0.27881327271461487
0.27978211641311646
0.280618816614151
0.2815171480178833
0.28226855397224426
0.28304436802864075
0.283778578042984
0.28437209129333496
0.28488925099372864
0.2852861285209656
0.28551536798477173
0.2856886088848114
0.28552159667015076
0.285383015871048
0.28501078486442566
0.284704327583313
0.28400808572769165
0.28354471921920776
0.2828097641468048
0.28248125314712524
0.28186309337615967
0.2811160385608673
0.280509352684021
0.2798355221748352
0.2800225615501404
0.27956342697143555
0.27889323234558105
0.27833670377731323
0.27797994017601013
0.27768978476524353
0.277576208114624
0.2774800956249237
0.2776848077774048
0.27788403630256653
0.27821168303489685
0.27840620279312134
0.2788054347038269
0.27916955947875977
0.2796667814254761
0.2802463471889496
0.28078705072402954
0.28148478269577026
0.28221365809440613
0.2829394042491913
0.2838990092277527
0.2846743166446686
0.28552907705307007
0.2861606776714325
0.28672119975090027
0.28729912638664246
0.2878428101539612
0.28814154863357544
0.28848862648010254
0.28869208693504333
0.28898000717163086
0.28909730911254883
0.28920090198516846
0.2891986668109894
0.2891331613063812
0.288952112197876
0.28860530257225037
0.28815287351608276
0.28751206398010254
0.2868509590625763
0.2861120104789734
0.28535547852516174
0.2844749391078949
0.2836565375328064
0.2823242247104645
0.28137755393981934
0.28018420934677124
0.27918511629104614
0.27798229455947876
0.2769451141357422
0.27590805292129517
0.27517643570899963
0.2744419574737549
0.27396389842033386
0.2736062705516815
0.2734900712966919
0.2735244333744049
0.2737954258918762
0.2741871774196625
0.2747633755207062
0.2754940986633301
0.2764047682285309
0.27731508016586304
0.2786155343055725
0.279613733291626
0.28101542592048645
0.28210580348968506
0.28322893381118774
0.2841548025608063
0.28520554304122925
0.2861141264438629
0.2867584228515625
0.2873663604259491
0.2878059446811676
0.288340300321579
0.28870853781700134
0.2890731394290924
0.2893356680870056
0.2895916998386383
0.28983551263809204
0.28992292284965515
0.2901531755924225
0.2906210422515869
0.2907876670360565
0.29091939330101013
0.2913224995136261
0.2913721799850464
0.2914447784423828
0.29122698307037354
0.29105761647224426
0.29063424468040466
0.29024022817611694
0.2897295355796814
0.28929057717323303
0.28874677419662476
0.2882952094078064
0.28751206398010254
0.2871687412261963
0.28693127632141113
0.2867378890514374
0.28661009669303894
0.28651583194732666
0.28645259141921997
0.28642046451568604
0.28638073801994324
0.28641533851623535
0.28638073801994324
0.2863406240940094
0.28634101152420044
0.28623080253601074
0.28618931770324707
0.28613317012786865
0.28619781136512756
0.286197304725647
0.28622767329216003
0.28625819087028503
0.2862960398197174
0.28643926978111267
0.2865005135536194
0.28696587681770325
0.28702205419540405
0.28705665469169617
0.28716376423835754
0.28724145889282227
0.2873440682888031
0.2874627411365509
0.28755202889442444
0.28769710659980774
0.2877659797668457
0.28789249062538147
0.2879485487937927
0.28802362084388733
0.28795215487480164
0.2880137860774994
0.28787294030189514
0.2878357172012329
0.2877057194709778
0.287639319896698
0.2874518036842346
0.28729701042175293
0.2870469391345978
0.28676626086235046
0.2865835726261139
0.28624871373176575
0.2860822379589081
0.28556519746780396
0.2853769063949585
0.2852987051010132
0.28515762090682983
0.28507331013679504
0.28501254320144653
0.28517529368400574
0.2853325605392456
0.285563200712204
0.2857833802700043
0.28609704971313477
0.28645744919776917
0.2869277894496918
0.287354052066803
0.2877890169620514
0.2881868779659271
0.2886931002140045
0.28902631998062134
0.28966614603996277
0.289946585893631
0.29022255539894104
0.29044419527053833
0.29060807824134827
0.29076114296913147
0.2904530465602875
0.2904883027076721
0.29044681787490845
0.2903265357017517
0.29027485847473145
0.2901293933391571
0.2900366187095642
0.2898615300655365
0.2897408604621887
0.2895762324333191
0.289452463388443
0.28930264711380005
0.2891133725643158
0.2888777554035187
0.2885245978832245
0.28838327527046204
0.2885340750217438
0.2885817587375641
0.28958606719970703
0.2896067500114441
0.28968197107315063
0.2898154556751251
0.2899346351623535
0.29010337591171265
0.2901478409767151
0.29030299186706543
0.29027047753334045
0.29032739996910095
0.2902381122112274
0.2902562916278839
0.29015442728996277
0.290094792842865
0.28995880484580994
0.28981995582580566
0.2896249294281006
0.2895083725452423
0.2893240749835968
0.2890077829360962
0.2887953221797943
0.2886059284210205
0.28856706619262695
0.28825101256370544
0.2881617248058319
0.2881685793399811
0.28818801045417786
0.28834813833236694
0.2884767949581146
0.28871724009513855
0.2889477610588074
0.28924426436424255
0.2895708978176117
0.2900258004665375
0.29055503010749817
0.29089874029159546
0.2914765477180481
0.29200106859207153
0.2926502227783203
0.29338717460632324
0.29417669773101807
0.2949938476085663
0.2957955598831177
0.2965274155139923
0.29714369773864746
0.2975824177265167
0.2979619801044464
0.2981082797050476
0.2982169985771179
0.29805922508239746
0.29790952801704407
0.2976100444793701
0.29718679189682007
0.29671841859817505
0.29620274901390076
0.29594138264656067
0.2954229712486267
0.2946965992450714
0.2939896583557129
0.29318058490753174
0.29256752133369446
0.2920212149620056
0.29157865047454834
0.29116758704185486
0.29090121388435364
0.2906491756439209
0.2905110716819763
0.29041171073913574
0.2903970181941986
0.29037508368492126
0.2904323637485504
0.2904791831970215
0.2905864119529724
0.29068005084991455
0.2908060848712921
0.2909621298313141
0.2910846471786499
0.29003414511680603
0.29027459025382996
0.29050785303115845
0.29070061445236206
0.29085713624954224
0.2909756898880005
0.2910611033439636
0.29112064838409424
0.29115450382232666
0.2911902666091919
0.2911221385002136
0.29112550616264343
0.2911284863948822
0.29113495349884033
0.2911395728588104
0.29114630818367004
0.29112786054611206
0.2911372184753418
0.2911093235015869
0.29127195477485657
0.29132014513015747
0.29147976636886597
0.29162871837615967
0.2917643189430237
0.29221299290657043
0.2922269403934479
