0.0073105390183627605
2.35648250579834
1.5072052478790283
0.9629756212234497
0.6143242716789246
0.39135032892227173
0.24890339374542236
0.15792877972126007
0.09985175728797913
0.06275751441717148
0.039058804512023926
0.02391352690756321
0.01423131674528122
0.008039329200983047
0.004077782854437828
0.0015419526025652885
-8.234847337007523e-05
-0.0011237487196922302
-0.0017923489212989807
-0.0022224970161914825
-0.0025001121684908867
-0.002680138684809208
-0.0027977516874670982
-0.0028754426166415215
-0.0029276362620294094
-0.0029635573737323284
-0.0029891671147197485
-0.003008328378200531
-0.003023569704964757
-0.003036628942936659
-0.003048792714253068
-0.0030610845424234867
-0.0030744951218366623
-0.0030900968704372644
-0.0031091689597815275
-0.0031333486549556255
-0.003164780093356967
-0.003206311957910657
-0.0032618017867207527
-0.003336414461955428
-0.003437065752223134
-0.0035730565432459116
-0.003756821621209383
-0.004005018621683121
-0.00434001162648201
-0.004792151506990194
-0.005403359420597553
-0.006095501594245434
-0.007233124226331711
-0.008723655715584755
-0.010823971591889858
-0.013890890404582024
-0.018350571393966675
-0.02553483471274376
-0.037386130541563034
-0.05179925262928009
-0.05530461668968201
-0.06082674115896225
-0.07148275524377823
-0.08102239668369293
-0.08737451583147049
-0.09184730798006058
-0.09648644179105759
-0.10173286497592926
-0.10680173337459564
-0.11137345433235168
-0.11539479345083237
-0.11876080930233002
-0.12150239944458008
-0.12374816834926605
-0.12559370696544647
-0.12720279395580292
-0.12860916554927826
-0.12997494637966156
-0.13118764758110046
-0.13251444697380066
-0.13421399891376495
-0.13701340556144714
-0.1420750468969345
-0.14489835500717163
-0.15638840198516846
-0.1731877326965332
-0.18946872651576996
-0.3057636022567749
-0.3526709973812103
-0.392932653427124
-0.4771230220794678
-0.5186861753463745
-0.5634574890136719
-0.5941567420959473
-0.6152406930923462
-0.6292377710342407
-0.6391045451164246
-0.6463145613670349
-0.6516686081886292
-0.6558376550674438
-0.6589484810829163
-0.6614599823951721
-0.6634749174118042
-0.6652200818061829
-0.6666473746299744
-0.6679309010505676
-0.6690347194671631
-0.6698845624923706
-0.6708260178565979
-0.6719368100166321
-0.6733236312866211
-0.6753998398780823
-0.6780359148979187
-0.6815265417098999
-0.686489462852478
-0.6924410462379456
-0.6997631192207336
-0.7093496322631836
-0.718253493309021
-0.7250718474388123
-0.7298393845558167
-0.7332663536071777
-0.7354719638824463
-0.7373592257499695
-0.7388386726379395
-0.740131139755249
-0.7412769794464111
-0.7425180673599243
-0.7439354658126831
-0.74570631980896
-0.7478790283203125
-0.7510497570037842
-0.7550669312477112
-0.760932207107544
-0.769214391708374
-0.7808428406715393
-0.7986917495727539
-0.8189570307731628
-0.8443107008934021
-0.8657923936843872
-0.8925431966781616
-0.9077823758125305
-0.9288817644119263
-0.9489825963973999
-0.9636250734329224
-0.9781758785247803
-0.9958638548851013
-1.015622615814209
-1.0363101959228516
-1.0603303909301758
-1.0935701131820679
-1.1298496723175049
-1.1706805229187012
-1.2131085395812988
-1.2588591575622559
-1.299293041229248
-1.3345420360565186
-1.3625009059906006
-1.3871196508407593
-1.4149965047836304
-1.4462218284606934
-1.4865140914916992
-1.5334811210632324
-1.5789923667907715
-1.6162104606628418
-1.6534757614135742
-1.7051331996917725
-1.773538589477539
-1.8517591953277588
-1.8959965705871582
-1.9175013303756714
-1.9432365894317627
-1.9732162952423096
-1.997305989265442
-2.0158166885375977
-2.032113552093506
-2.0477452278137207
-2.063737630844116
-2.081834077835083
-2.1045398712158203
-2.132516384124756
-2.164098024368286
-2.196509838104248
-2.227219343185425
-2.254467487335205
-2.286255121231079
-2.321305751800537
-2.3611087799072266
-2.4039440155029297
-2.4409983158111572
-2.474360942840576
-2.500337600708008
-2.524155378341675
-2.5485146045684814
-2.5730855464935303
-2.5948758125305176
-2.613189220428467
-2.6272168159484863
-2.6395621299743652
-2.6528007984161377
-2.6683874130249023
-2.6849992275238037
-2.699951648712158
-2.715355634689331
-2.7306876182556152
-2.746034860610962
-2.7594046592712402
-2.771023988723755
-2.782163143157959
-2.792773485183716
-2.8019068241119385
-2.8099703788757324
-2.817293167114258
-2.8247408866882324
-2.8328323364257812
-2.842176914215088
-2.8535516262054443
-2.8664753437042236
-2.8816075325012207
-2.8984880447387695
-2.916083812713623
-2.934736967086792
-2.9520516395568848
-2.9674980640411377
-2.9839165210723877
-3.0006966590881348
-3.0178380012512207
-3.0351359844207764
-3.049711227416992
-3.0599732398986816
-3.0692691802978516
-3.077575922012329
-3.085625171661377
-3.0935652256011963
-3.1018104553222656
-3.1100001335144043
-3.117830276489258
-3.125251293182373
-3.132399559020996
-3.1400160789489746
-3.147829294204712
-3.15509033203125
-3.1615262031555176
-3.167234182357788
-3.172746419906616
-3.1781840324401855
-3.184103488922119
-3.190322160720825
-3.196070909500122
-3.2014873027801514
-3.206608295440674
-3.2115628719329834
-3.216473340988159
-3.221418619155884
-3.2265734672546387
-3.2321090698242188
-3.2383673191070557
-3.2452735900878906
-3.252739667892456
-3.26088547706604
-3.269285202026367
-3.2785744667053223
-3.287724494934082
-3.2966203689575195
-3.304870128631592
-3.312645435333252
-3.3199498653411865
-3.327068328857422
-3.334019660949707
-3.3407838344573975
-3.347191572189331
-3.3533029556274414
-3.35890531539917
-3.3640289306640625
-3.368175506591797
-3.3714423179626465
-3.374201774597168
-3.376680850982666
-3.3792569637298584
-3.3819427490234375
-3.384986639022827
-3.388185501098633
-3.3911590576171875
-3.3943629264831543
-3.3969080448150635
-3.399458885192871
-3.4021735191345215
-3.4048943519592285
-3.40787672996521
-3.4105708599090576
-3.4132633209228516
-3.4162039756774902
-3.419071674346924
-3.4216690063476562
-3.424211025238037
-3.4265081882476807
-3.4291467666625977
-3.4323108196258545
-3.435701370239258
-3.4391727447509766
-3.442251682281494
-3.4451980590820312
-3.448014736175537
-3.4507553577423096
-3.4531354904174805
-3.454946994781494
-3.4564199447631836
-3.4577155113220215
-3.458737373352051
-3.459589958190918
-3.460334300994873
-3.461097002029419
-3.4619221687316895
-3.4627065658569336
-3.4636638164520264
-3.4646787643432617
-3.465935230255127
-3.46730375289917
-3.468754529953003
-3.4702351093292236
-3.4716079235076904
-3.472947597503662
-3.47426176071167
-3.4755265712738037
-3.476752758026123
-3.4778265953063965
-3.4788119792938232
-3.479656219482422
-3.48040771484375
-3.481126308441162
-3.481766939163208
-3.4824328422546387
-3.483079433441162
-3.483680248260498
-3.484285831451416
-3.484921455383301
-3.485572576522827
-3.4862430095672607
-3.486891984939575
-3.4875104427337646
-3.4881086349487305
-3.4887115955352783
-3.4893527030944824
-3.490064859390259
-3.490689277648926
-3.491295099258423
-3.4920592308044434
-3.4929487705230713
-3.494144916534424
-3.495103597640991
-3.4966213703155518
-3.497990846633911
-3.4994606971740723
-3.501134157180786
-3.502683639526367
-3.5041940212249756
-3.5057287216186523
-3.5071945190429688
-3.5085904598236084
-3.509840965270996
-3.5109639167785645
-3.512148141860962
-3.5133798122406006
-3.5146703720092773
-3.5161211490631104
-3.517580032348633
-3.51902437210083
-3.5206196308135986
-3.5219287872314453
-3.522920608520508
-3.523988723754883
-3.5256471633911133
-3.5278759002685547
-3.530968189239502
-3.535210609436035
-3.539494276046753
-3.5437605381011963
-3.548156499862671
-3.5521113872528076
-3.556121349334717
-3.559844493865967
-3.5632057189941406
-3.5659615993499756
-3.568471908569336
-3.5709547996520996
-3.572777032852173
-3.5742039680480957
-3.575376510620117
-3.576587677001953
-3.5779104232788086
-3.5792436599731445
-3.5806586742401123
-3.582113027572632
-3.5835158824920654
-3.5850110054016113
-3.5867598056793213
-3.588728904724121
-3.590486526489258
-3.592099666595459
-3.593902111053467
-3.595712423324585
-3.59743595123291
-3.5989439487457275
-3.6003332138061523
-3.6014976501464844
-3.6025450229644775
-3.603519916534424
-3.6045258045196533
-3.6056697368621826
-3.606659412384033
-3.607551336288452
-3.6084096431732178
-3.6092028617858887
-3.609914541244507
-3.6106319427490234
-3.611487865447998
-3.6123924255371094
-3.6134214401245117
-3.614616870880127
-3.6158711910247803
-3.617159128189087
-3.6183180809020996
-3.6194510459899902
-3.6204519271850586
-3.621417999267578
-3.6223416328430176
-3.6234564781188965
-3.624753952026367
-3.6260299682617188
-3.6276116371154785
-3.629005193710327
-3.630699634552002
-3.6325881481170654
-3.6344876289367676
-3.6363492012023926
-3.6381373405456543
-3.6397809982299805
-3.6414055824279785
-3.6428747177124023
-3.644266128540039
-3.6455297470092773
-3.6466798782348633
-3.6477909088134766
-3.648833751678467
-3.6498866081237793
-3.6509451866149902
-3.652009963989258
-3.6531190872192383
-3.6540863513946533
-3.6550607681274414
-3.656050205230713
-3.657073974609375
-3.658130645751953
-3.659203290939331
-3.660257339477539
-3.66127610206604
-3.662393093109131
-3.6633498668670654
-3.6643214225769043
-3.6653637886047363
-3.666383981704712
-3.667349338531494
-3.668214797973633
-3.6690101623535156
-3.669787883758545
-3.670412302017212
-3.6709883213043213
-3.671522855758667
-3.671982765197754
-3.672391891479492
-3.672757387161255
-3.67309832572937
-3.6734535694122314
-3.673797130584717
-3.6740362644195557
-3.674260139465332
-3.674485683441162
-3.674701690673828
-3.6749181747436523
-3.6751043796539307
-3.675367832183838
-3.675647735595703
-3.6759848594665527
-3.676342010498047
-3.6767406463623047
-3.67720890045166
-3.677680730819702
-3.678178310394287
-3.6786210536956787
-3.6790809631347656
-3.679562568664551
-3.6800308227539062
-3.680490493774414
-3.680903434753418
-3.6813201904296875
-3.681727886199951
-3.682123899459839
-3.682527780532837
-3.6829142570495605
-3.683306932449341
-3.6837172508239746
-3.6841135025024414
-3.6845335960388184
-3.684913396835327
-3.685286521911621
-3.685680866241455
-3.6860275268554688
-3.68634033203125
-3.686605453491211
-3.6868555545806885
-3.687067985534668
-3.687260389328003
-3.6874725818634033
-3.6876468658447266
-3.687866687774658
-3.6880545616149902
-3.688312530517578
-3.688612699508667
-3.688906669616699
-3.6891987323760986
-3.6894969940185547
-3.6897847652435303
-3.690052032470703
-3.6902661323547363
-3.6904444694519043
-3.6906185150146484
-3.6907830238342285
-3.6909422874450684
-3.691088914871216
-3.6912295818328857
-3.6914210319519043
-3.691560745239258
-3.6917526721954346
-3.691929817199707
-3.6921541690826416
-3.692387580871582
-3.692636013031006
-3.6928534507751465
-3.6930758953094482
-3.693321943283081
-3.6935431957244873
-3.693737745285034
-3.6939361095428467
-3.694133758544922
-3.6943607330322266
-3.694551467895508
-3.694746494293213
-3.6949241161346436
-3.6951162815093994
-3.695316791534424
-3.6955370903015137
-3.695791244506836
-3.696025848388672
-3.696258068084717
-3.696457862854004
-3.696678638458252
-3.696877956390381
-3.6971042156219482
-3.697357177734375
-3.697606086730957
-3.697826385498047
-3.6980485916137695
-3.6983015537261963
-3.6985623836517334
-3.6988353729248047
-3.6991519927978516
-3.699435234069824
-3.69973087310791
-3.7000279426574707
-3.700322151184082
-3.700601100921631
-3.7008626461029053
-3.7010910511016846
-3.7013189792633057
-3.701530933380127
-3.7017555236816406
-3.7019894123077393
-3.7022061347961426
-3.7023754119873047
-3.702544927597046
-3.702688455581665
-3.7028064727783203
-3.7029178142547607
-3.7030138969421387
-3.703097105026245
-3.703167200088501
-3.703223943710327
-3.703277587890625
-3.703334331512451
-3.7033848762512207
-3.7034335136413574
-3.703481435775757
-3.7035412788391113
-3.7036144733428955
-3.7036995887756348
-3.703798770904541
-3.7039401531219482
-3.704073429107666
-3.7042391300201416
-3.704481363296509
-3.7046847343444824
-3.7049479484558105
-3.7052273750305176
-3.7055275440216064
-3.7058374881744385
-3.706137180328369
-3.7064054012298584
-3.7066473960876465
-3.7068793773651123
-3.707111358642578
-3.7072997093200684
-3.707440137863159
-3.707571506500244
-3.7076990604400635
-3.7078022956848145
-3.7078962326049805
-3.7079906463623047
-3.7080750465393066
-3.708159923553467
-3.7082326412200928
-3.7082908153533936
-3.708374500274658
-3.7084548473358154
-3.7085537910461426
-3.7086684703826904
-3.7087879180908203
-3.708923578262329
-3.7090649604797363
-3.7092032432556152
-3.7093234062194824
-3.7094311714172363
-3.7095367908477783
-3.709623336791992
-3.7097158432006836
-3.7097766399383545
-3.709850549697876
-3.7099270820617676
-3.7100071907043457
-3.7100777626037598
-3.7101573944091797
-3.710228204727173
-3.7103137969970703
-3.7103843688964844
-3.710463523864746
-3.710538387298584
-3.7105937004089355
-3.710667371749878
-3.7107536792755127
-3.7108407020568848
-3.710906982421875
-3.710984468460083
-3.7110536098480225
-3.7111330032348633
-3.711215019226074
-3.7113022804260254
-3.7113890647888184
-3.711477279663086
-3.711555004119873
-3.711634874343872
-3.7117245197296143
-3.711796760559082
-3.71187686920166
-3.7120046615600586
-3.712124824523926
-3.7122530937194824
-3.7124109268188477
-3.712574005126953
-3.7127366065979004
-3.712920665740967
-3.7131006717681885
-3.7132678031921387
-3.7134242057800293
-3.7135748863220215
-3.7137014865875244
-3.7138280868530273
-3.713963508605957
-3.714101791381836
-3.714221477508545
-3.714327096939087
-3.714419364929199
-3.7145328521728516
-3.714609146118164
-3.7146799564361572
-3.714754819869995
-3.714811325073242
-3.714873790740967
-3.7149441242218018
-3.7150096893310547
-3.715054988861084
-3.7151055335998535
-3.7151434421539307
-3.715172529220581
-3.715205192565918
-3.715230703353882
-3.715259313583374
-3.715301275253296
-3.715359687805176
-3.715427875518799
-3.7155063152313232
-3.715611219406128
-3.7157187461853027
-3.7158446311950684
-3.7159409523010254
-3.7160634994506836
-3.716176748275757
-3.716276168823242
-3.7163877487182617
-3.716475009918213
-3.716554641723633
-3.7166309356689453
-3.7166948318481445
-3.716752767562866
-3.7168216705322266
-3.716867685317993
-3.716928005218506
-3.71698260307312
-3.717040538787842
-3.7170979976654053
-3.71716570854187
-3.7172372341156006
-3.717313289642334
-3.717390775680542
-3.717466115951538
-3.717547655105591
-3.7176413536071777
-3.7176918983459473
-3.7177445888519287
-3.717803955078125
-3.7178642749786377
-3.717916488647461
-3.7179670333862305
-3.718005657196045
-3.7180588245391846
-3.7180933952331543
-3.7181620597839355
-3.7182064056396484
-3.718259572982788
-3.7183074951171875
-3.718355417251587
-3.7184085845947266
-3.7184648513793945
-3.7185497283935547
-3.718639612197876
-3.718733787536621
-3.7188310623168945
-3.7189128398895264
-3.7189931869506836
-3.7190630435943604
-3.7191407680511475
-3.7192142009735107
-3.7192881107330322
-3.7193572521209717
-3.7194247245788574
-3.719494104385376
-3.719562292098999
-3.7196121215820312
-3.7196929454803467
-3.7197461128234863
-3.7198197841644287
-3.7199013233184814
-3.7199668884277344
-3.7200257778167725
-3.7200894355773926
-3.720155715942383
-3.7202086448669434
-3.7202565670013428
-3.720302104949951
-3.7203378677368164
-3.7203750610351562
-3.72040057182312
-3.720440149307251
-3.7204673290252686
-3.72049880027771
-3.7205262184143066
-3.7205631732940674
-3.720609426498413
-3.7206664085388184
-3.720740556716919
-3.720714569091797
-3.7207884788513184
-3.7208752632141113
-3.7209482192993164
-3.7210116386413574
-3.7210659980773926
-3.7211060523986816
-3.7211408615112305
-3.7211759090423584
-3.7211966514587402
-3.7212188243865967
-3.7212321758270264
-3.7212491035461426
-3.721264362335205
-3.721289873123169
-3.721311330795288
-3.7213358879089355
-3.721353530883789
-3.721381425857544
-3.721423864364624
-3.7214550971984863
-3.7214982509613037
-3.721545696258545
-3.721595048904419
-3.721635341644287
-3.7216920852661133
