0.0006025448092259467
0.0006080475286580622
0.0006068781949579716
0.0006061903550289571
0.0006055025150999427
0.0006049522780813277
0.0006045395275577903
0.000604333181399852
0.000604058091994375
0.000603782944381237
0.0006035077967680991
0.0006033702520653605
0.0006033014506101608
0.0006032326491549611
0.0006031639059074223
0.0006030951044522226
0.0006030951044522226
0.0006029575015418231
0.0006029575015418231
0.0006029575015418231
0.0006029575015418231
0.0006029575015418231
0.0006029575015418231
0.0006028887582942843
0.0006029575015418231
0.0006029575015418231
0.0006028199568390846
0.0006028199568390846
0.0006028199568390846
0.0006028199568390846
0.0006028199568390846
0.0006028199568390846
0.0006028199568390846
0.0006028199568390846
0.0006028199568390846
0.0006028199568390846
0.0006028199568390846
0.0006028199568390846
0.0006028199568390846
0.0006028199568390846
0.0006028199568390846
0.0006026824121363461
0.0006026824121363461
0.0006026824121363461
0.0006025448092259467
0.0006025448092259467
0.0006024760659784079
0.0006023384630680084
0.0006020633154548705
0.0006019257707521319
0.0006015130784362555
0.0006009627832099795
0.0006004812894389033
0.0005995871033519506
0.0005986241740174592
0.00059731729561463
0.0005958728143014014
0.0005941532435826957
0.0005921584670431912
0.0005894071655347943
0.0005863806582055986
0.0005830790614709258
0.0005745498929172754
0.0005672588013112545
0.0005605180049315095
0.0005652640829794109
0.000574412290006876
0.0005874124472029507
0.0006097670993767679
0.0006361112464219332
0.0006605982198379934
0.0006824714364483953
0.0007004927610978484
0.0007118420326150954
0.0007134240586310625
0.0007061330252327025
0.0006956091383472085
0.0006810269551351666
0.0006685771513730288
0.0006541325710713863
0.0006436086841858923
0.0006330847973003983
0.0006252434104681015
0.0006182275246828794
0.0006125184590928257
0.0006074972334317863
0.0006030951044522226
0.0005991056677885354
0.0005953913205303252
0.0005918833776377141
0.0005883753765374422
0.0005847298889420927
0.0005809467402286828
0.0005769573035649955
0.0005725551745854318
0.0005680842441506684
0.0005635445122607052
0.00055927992798388
0.0005559095297940075
0.0005540523561649024
0.00055308936862275
0.0005529518239200115
0.0005534333176910877
0.0005546025931835175
0.0005559095297940075
0.0005573539528995752
0.0005587296327576041
0.000560105312615633
0.0005612058448605239
0.0005623751785606146
0.0005634069093503058
0.0005645074415951967
0.0005652640829794109
0.0005659519229084253
0.0005651265382766724
0.0005583857418969274
0.0005534333176910877
0.0005469676107168198
0.0005075546214357018
0.0005027397419326007
0.0004909777198918164
0.0004737130366265774
0.0004329243383836001
0.0005652640829794109
0.0006417515105567873
0.0006676141638308764
0.0007111541926860809
0.000801467162091285
0.0008873091428540647
0.0009511404205113649
0.001004791702143848
0.0010417972225695848
0.0010664905421435833
0.001062501105479896
0.0010591995669528842
0.001010982203297317
0.0009817491518333554
0.0009397222893312573
0.0008977642864920199
0.0008525734301656485
0.0008047687588259578
0.0007556572672910988
0.0007050324929878116
0.0006550955586135387
0.0006070845411159098
0.0005605868063867092
0.0005177345592528582
0.0004806601791642606
0.0004473001172300428
0.00041407759999856353
0.0003843630838673562
0.0003515532589517534
0.00032857953920029104
0.0003000342985615134
0.00029363742214627564
0.00028524582739919424
0.00029074851772747934
0.00032170116901397705
0.00037796617834828794
0.0004230882623232901
0.00045816792408004403
0.0004916655598208308
0.0005265388754196465
0.0005612746463157237
0.0005899574025534093
0.0006126560037955642
0.000628338719252497
0.0006407885230146348
0.0006495928391814232
0.0006560584879480302
0.0006597040337510407
0.000661767553538084
0.0006559897447004914
0.000652069051284343
0.0006502806791104376
0.0006403758306987584
0.0006308836746029556
0.0006125184590928257
0.0005988305201753974
0.0005804652464576066
0.0005640947492793202
0.0005464861751534045
0.0005302532226778567
0.0005147081101313233
0.0005015704082325101
0.000489189347717911
0.0004799035668838769
0.00047013629227876663
0.00046387698967009783
0.0004603002162184566
0.00045988752390258014
0.0004622949636541307
0.00046759130782447755
0.00047501991502940655
0.0004841681511607021
0.0004930412396788597
0.0005042529664933681
0.0005098932306282222
0.000523443624842912
0.0005277770105749369
0.000535824685357511
0.0005419464432634413
0.0005482745473273098
0.0005535708623938262
0.00055927992798388
0.0005599677679128945
0.0005670524551533163
0.0005626503261737525
0.0005698726163245738
0.000560380460228771
0.0005602428573183715
0.0005539148114621639
0.0005513697979040444
0.0005446977447718382
0.0005449041491374373
0.0005341051146388054
0.000543666013982147
0.0005271579138934612
0.0005365813267417252
0.0005369940190576017
0.000542565481737256
0.0005554280360229313
0.000577369995880872
0.0005885129794478416
0.0006264815456233919
0.0006277196225710213
0.0006561960908584297
0.000662868085782975
0.0006720162928104401
0.0006852915394119918
0.0006827465840615332
0.0007004239596426487
0.0007087467820383608
0.0006982228951528668
0.0007160378736443818
0.0005620312294922769
0.0005646450445055962
0.0005828727153129876
0.0005882378318347037
0.0006095607532188296
0.0006442277226597071
0.0006451907102018595
0.0007291067740879953
0.0007053075823932886
0.0007498794002458453
0.0007639112882316113
0.0007476095343008637
0.0007675568340346217
0.0007760860025882721
0.0007695515523664653
0.0007849590620025992
0.0007820014143362641
0.0007671441417187452
0.0007652869680896401
0.0007084716344252229
0.0007013869471848011
0.0006680956576019526
0.0006091480609029531
0.0005997247062623501
0.0005767509574070573
0.0005477242521010339
0.0004966867854818702
0.00041662261355668306
0.0003384155861567706
0.0002701822086237371
0.00025085400557145476
0.0001242920698132366
0.00015366268053185195
0.00010441359336255118
0.00019238788809161633
0.00011528140748851001
0.0001204401851282455
5.647138095810078e-05
8.941875080381578e-07
1.678321132203564e-05
8.790551510173827e-05
4.807977529708296e-05
0.00011583167361095548
9.774157661013305e-05
0.00012243491073604673
8.102714491542429e-05
6.390001362888142e-05
5.0005717639578506e-05
7.944512617541477e-05
0.00018626614473760128
0.00017918142839334905
0.0002669493551366031
0.00028600243967957795
0.00029810835258103907
0.00034536272869445384
0.000322801701258868
0.0003608390688896179
0.00033683356014080346
0.000366479333024472
0.00035939461668021977
0.0003774847136810422
0.0003955748106818646
0.00036620418541133404
0.00041662261355668306
0.00046876061242073774
0.0005050096078775823
0.0006112803239375353
0.0006360424449667335
0.0007418317254632711
0.0007392179686576128
0.0008196260314434767
0.000743482552934438
0.0008293933351524174
0.0007273871451616287
0.0008129540365189314
0.000770995975472033
0.0007320644799619913
0.00072972581256181
0.0006591537967324257
0.0006074972334317863
0.0005461422260850668
0.0004772897809743881
0.0004133897600695491
0.00038429428241215646
0.00032252655364573
0.00032163236755877733
0.00029487552819773555
0.0003000342985615134
0.00027761084493249655
0.00028572732117027044
0.00028586486587300897
0.0002822881215251982
0.0003125529328826815
0.0002929495822172612
0.0003569871769286692
0.0002959760604426265
0.0004239824484102428
0.0004013526195194572
0.000379960925783962
0.0005016392096877098
0.0004264586605131626
0.0004690357600338757
0.0004724061582237482
0.0004630515759345144
0.0004946920671500266
0.0004791469546034932
0.0005004698759876192
0.0004990254528820515
0.0005142954178154469
0.0004935915349051356
0.0004896708414889872
0.00047976599307730794
0.00045858064549975097
0.00043464390910230577
0.00039880763506516814
0.00036242109490558505
0.00032211386132985353
0.00026268477085977793
0.00023544645227957517
0.00015166796220000833
0.00012601165508385748
5.64025976927951e-05
2.7582245820667595e-05
4.732315574074164e-05
4.6635319449706e-05
0.00011232370889047161
0.00011101682321168482
0.00014788485714234412
0.00016666279407218099
0.00017821845540311188
0.00019018680904991925
0.0001848216779762879
0.00018688519776333123
0.00016342996968887746
0.00016473686264362186
0.00012580530892591923
0.00012711220188066363
8.288430399261415e-05
7.710648060310632e-05
3.1434130505658686e-05
1.3068894986645319e-05
2.6344139769207686e-05
6.032326564309187e-05
9.939238225342706e-05
0.00013364663755055517
0.00016975805920083076
0.0001963773393072188
0.00022292783251032233
0.000237441185163334
0.00025374290999025106
0.00025374290999025106
0.0002638541045598686
0.00024817141820676625
0.0002578699204605073
0.00022705484298057854
0.0002293934958288446
0.00020531921472866088
0.00019871597760356963
0.0001806258806027472
0.00016776334086898714
0.00015868389164097607
0.00014382661902345717
0.00013123921235091984
0.00012525504280347377
0.00010200616088695824
0.00010296913387719542
8.962510037235916e-05
9.258279897039756e-05
0.00010909087723121047
9.354577196063474e-05
0.0001204401851282455
0.00011706977966241539
0.00013199583918321878
0.00015201188216451555
0.00015957807772792876
0.00018846722377929837
0.0001946577540365979
0.0002378538774792105
0.00024617669987492263
0.0002736901806201786
0.0002938437683042139
0.0003058121365029365
0.00032032548915594816
0.0003243837272748351
0.00033697113394737244
0.0003338070819154382
0.0003436431579757482
0.00033511396031826735
0.0003269975131843239
0.0003231456212233752
0.0003014099784195423
0.00029962160624563694
0.0002795367909129709
0.00027547855279408395
0.00026103397249244153
0.0002641980245243758
0.00023922955733723938
0.0002472084597684443
0.00023640942526981235
0.00024019253032747656
0.0002335892932023853
0.0002391607704339549
0.00023400200007017702
0.0002378538774792105
0.00023757874441798776
0.00023482739925384521
0.00023977982345968485
0.00023063160188030452
0.00024328779545612633
0.000224303497816436
0.00022774268290959299
0.00021446743630804121
0.000210340425837785
0.00019610220624599606
0.00019004923524335027
0.00017237184511031955
0.0001670755009399727
0.00015331877511925995
0.00014307000674307346
0.0001357101573375985
0.00011129195627290756
0.0001365355565212667
0.00010069927520817146
0.00010097440826939419
5.502692511072382e-05
5.1794093451462686e-05
4.044478919240646e-05
3.336007284815423e-05
3.30849397869315e-05
2.8132515581091866e-05
3.590506821637973e-05
3.549236498656683e-05
4.62226162198931e-05
4.8492478526895866e-05
5.7296783779747784e-05
6.988419772824273e-05
7.923877274151891e-05
0.00012002747826045379
0.0001357101573375985
0.00015572620031889528
0.00018124493362847716
0.00021384838328231126
0.0002442507538944483
0.00027375895297154784
0.000305261870380491
0.0003251403395552188
0.00035306651261635125
0.0003710878372658044
0.00038566996227018535
0.00039103507879190147
0.00039419913082383573
0.0003891091328114271
0.0003825059102382511
0.0003734952479135245
0.0003606327227316797
0.00037370159407146275
0.00035581784322857857
0.0003456378763075918
0.00032624087180010974
0.00031743658473715186
0.00030512429657392204
0.0002791928709484637
0.0002773356973193586
0.0002492031781002879
0.00025277992244809866
0.00022801781597081572
0.0002391607704339549
0.0002187320205848664
0.000230700388783589
0.00022760512365493923
0.00022829294903203845
0.0002349649730604142
0.00022120823268778622
0.00022705484298057854
0.00022616065689362586
0.00021845688752364367
0.00022182728571351618
0.00021288541029207408
0.00021494893007911742
0.00020800177298951894
0.00020758908067364246
0.00020064192358404398
0.00019789057841990143
0.00018881112919189036
0.0001844777725636959
0.00016535591566935182
0.00015909659850876778
0.0001513928291387856
0.00013956203474663198
0.00013681068958248943
0.00011438722140155733
0.00011892693873960525
0.00010496385948499665
0.00010173102782573551
8.474146306980401e-05
8.756159513723105e-05
7.573080802103505e-05
7.641864067409188e-05
7.084716344252229e-05
6.947149086045101e-05
7.20852694939822e-05
6.224920798558742e-05
6.727041909471154e-05
5.757192047894932e-05
6.761433178326115e-05
5.5852327932370827e-05
5.929151302552782e-05
5.110625716042705e-05
5.034963760408573e-05
4.4915726903127506e-05
4.457181057659909e-05
4.1338978917337954e-05
4.202681520837359e-05
4.429667387739755e-05
4.0719925891608e-05
4.801099203177728e-05
4.175167850917205e-05
4.8492478526895866e-05
4.725437247543596e-05
5.2757062803721055e-05
5.234436321188696e-05
5.5577194871148095e-05
5.543962834053673e-05
5.598989446298219e-05
6.025448237778619e-05
5.42703055543825e-05
6.555082654813305e-05
4.807977529708296e-05
5.447665535029955e-05
4.3883974285563454e-05
4.732315574074164e-05
4.629139948519878e-05
5.461422188091092e-05
4.3883974285563454e-05
6.355610094033182e-05
5.392638558987528e-05
6.555082654813305e-05
6.231799488887191e-05
6.988419772824273e-05
7.387364894384518e-05
7.54556676838547e-05
9.526536450721323e-05
9.223888628184795e-05
9.732887701829895e-05
9.588441753294319e-05
9.629711712477729e-05
9.54029310378246e-05
9.251401934307069e-05
9.196374594466761e-05
8.487902960041538e-05
8.625470218248665e-05
7.229162292787805e-05
7.428634853567928e-05
5.234436321188696e-05
6.032326564309187e-05
5.406395212048665e-05
3.920668314094655e-05
2.730711094045546e-05
7.910120075393934e-06
7.84133681008825e-06
2.6688057914725505e-05
4.3608837586361915e-05
5.516449164133519e-05
6.809581827837974e-05
7.483661465812474e-05
8.205890480894595e-05
8.831821469357237e-05
8.529173646820709e-05
0.0001009056213661097
0.00010063048830488697
0.00010455115989316255
0.00010131832823390141
0.00010764642502181232
0.00010682101856218651
0.00010455115989316255
0.00010874695726670325
0.00010317548731109127
0.00011136073590023443
0.00010551412560744211
0.00012154071737313643
0.00011817031918326393
0.000122159777674824
0.00012697462807409465
0.00012869421334471554
0.0001398371678078547
0.00014169432688504457
0.0001526309351902455
0.00015373146743513644
0.0001615040237084031
0.000163223608979024
0.0001662501017563045
0.0001717527920845896
0.0001716840051813051
0.00017477927030995488
0.00016796968702692538
0.00017271576507482678
0.00016796968702692538
0.0001725094043649733
0.00017078981909435242
0.00018007561448030174
0.0001603347045602277
0.00016384266200475395
0.00016466807574033737
0.00016652523481752723
0.00016886387311387807
0.00016955171304289252
0.00017271576507482678
0.0001601971307536587
0.00016872631385922432
0.0001662501017563045
0.00016769455396570265
0.00016480563499499112
0.00015909659850876778
0.0001539378281449899
0.00014960445696488023
0.00013701703574042767
0.00013282123836688697
0.00012360422988422215
0.00011768883268814534
0.00011218614235986024
0.00010709615162340924
0.00010317548731109127
9.574685100233182e-05
8.886848081601784e-05
8.419119694735855e-05
7.745039329165593e-05
7.435513543896377e-05
6.892122473800555e-05
6.644501263508573e-05
6.328096060315147e-05
6.121745536802337e-05
6.341853440972045e-05
6.0873535403516144e-05
6.589473923668265e-05
6.493177352240309e-05
6.706406566081569e-05
6.919635779922828e-05
6.850851787021384e-05
7.201648986665532e-05
7.318580901483074e-05
7.71752602304332e-05
7.882607314968482e-05
8.315943705383688e-05
8.515416266163811e-05
9.003780724015087e-05
9.258279897039756e-05
9.6709823992569e-05
9.904846228891984e-05
0.00010317548731109127
0.0001038633199641481
0.0001093660102924332
0.00011376816837582737
0.00012099045125069097
0.00012367301678750664
0.0001399747416144237
0.00014238216681405902
0.00014265729987528175
0.0001488478301325813
0.00014898540393915027
0.0001513928291387856
0.00014850391016807407
0.00015070498920977116
0.0001467843248974532
0.00015036106924526393
0.00014994837692938745
0.0001411440607625991
0.00014554621884599328
0.00013172070612199605
0.0001352286635665223
0.00012869421334471554
0.00013337150448933244
0.00013130799925420433
0.0001339905575150624
0.00013295881217345595
0.00012456720287445933
0.00012697462807409465
0.00012002747826045379
0.00012167829117970541
0.00011975234519923106
0.00012002747826045379
0.00012133437121519819
0.00012071531818946823
0.0001233978837262839
0.00012346665607765317
0.00012456720287445933
0.00012731854803860188
0.00011603802704485133
0.00012009626516373828
0.0001212655843119137
0.00012415449600666761
0.000125598962767981
0.00012711220188066363
0.00012869421334471554
0.00012601165508385748
0.00013068894622847438
0.00012745612184517086
0.00013130799925420433
0.00012786881416104734
0.00012938205327372998
0.00012573652202263474
0.00012497990974225104
0.0001262867881450802
0.00012284760305192322
0.00012360422988422215
0.00011961477866861969
0.00011755126615753397
0.00011493748752400279
0.00011197978892596439
0.00010970993025694042
0.00010654588550096378
0.0001055829125107266
8.632348908577114e-05
8.941875421442091e-05
8.763037476455793e-05
9.20325328479521e-05
8.948753384174779e-05
9.519657760392874e-05
9.402725845575333e-05
0.00010028656834037974
0.00010173102782573551
9.966751531464979e-05
0.0001059956121025607
0.00010716493852669373
0.0001059956121025607
0.0001090220976038836
0.00011115438974229619
0.00011328668188070878
0.0001141120883403346
0.00011493748752400279
0.0001144560010288842
0.0001144560010288842
0.00011308032844681293
0.00011218614235986024
0.0001123924957937561
0.00011218614235986024
0.00011101682321168482
0.00010915966413449496
0.00011032898328267038
0.0001077152046491392
0.00010757763811852783
0.00010290034697391093
0.0001038633199641481
0.00010606439900584519
0.00010372575343353674
0.00011039777018595487
0.00010909087723121047
0.0001110856028390117
0.00010688979818951339
0.00011122316936962306
0.00010833425767486915
0.00011177344276802614
0.00011500627442728728
0.00012181585771031678
0.000113630601845216
0.00012188463733764365
0.00012752489419654012
0.00013502231740858406
0.00013963082164991647
0.00014843512326478958
0.0001555198396090418
0.00016184794367291033
0.0001657686079852283
0.0001696892868494615
0.0001726469781715423
0.00017271576507482678
