0.9969306588172913
0.9295879006385803
0.9435995817184448
0.9548237919807434
0.9638156890869141
0.9710081219673157
0.9767565727233887
0.9813492894172668
0.9850180149078369
0.987948477268219
0.9902891516685486
0.9921585917472839
0.9936512112617493
0.9948425889015198
0.995792806148529
0.9965499043464661
0.9971523284912109
0.9976305365562439
0.9980090260505676
0.9983075857162476
0.9985419511795044
0.9987250566482544
0.9988673329353333
0.9989773631095886
0.9990620613098145
0.9991270303726196
0.9991768598556519
0.9992151856422424
0.9992446899414062
0.9992676377296448
0.9992855787277222
0.9992997646331787
0.9993112683296204
0.9993207454681396
0.9993287920951843
0.9993358254432678
0.9993422627449036
0.9993483424186707
0.9993542432785034
0.9993600845336914
0.9993659257888794
0.9993716478347778
0.9993771314620972
0.999381959438324
0.9993855953216553
0.9993873238563538
0.9993858933448792
0.9993798136711121
0.9993672966957092
0.9993461966514587
0.9993141889572144
0.9992693066596985
0.9992100596427917
0.9991358518600464
0.9990478157997131
0.9989483952522278
0.9988416433334351
0.9987311363220215
0.9986175894737244
0.9982919692993164
0.9981644153594971
0.9980560541152954
0.997438371181488
0.9969260096549988
0.9958176612854004
0.9934555292129517
0.9920225143432617
0.9902401566505432
0.9870560169219971
0.9829779863357544
0.9785879850387573
0.9737396240234375
0.9684686660766602
0.9631112217903137
0.9579951167106628
0.9537184834480286
0.9501516222953796
0.9478764533996582
0.9458336234092712
0.9449938535690308
0.9439752697944641
0.9436922073364258
0.9433035254478455
0.9431642889976501
0.9430153369903564
0.9429364204406738
0.9428687691688538
0.9428244829177856
0.9427911639213562
0.9427698850631714
0.9427594542503357
0.9427617192268372
0.9427803158760071
0.942821741104126
0.942895233631134
0.9430124163627625
0.9431836605072021
0.9434096217155457
0.9436694979667664
0.9439097046852112
0.9441274404525757
0.9442826509475708
0.9443561434745789
0.9443389773368835
0.9442790150642395
0.9442138671875
0.9441537857055664
0.9440996646881104
0.9440522193908691
0.9440101981163025
0.9439756274223328
0.9439437985420227
0.9439340233802795
0.9438782334327698
0.9442548751831055
0.9450824856758118
0.945019006729126
0.9444556832313538
0.9488149285316467
0.9475787878036499
0.9460098743438721
0.9448489546775818
0.9447860717773438
0.9342710375785828
0.923354983329773
0.9234653115272522
0.922684371471405
0.920850932598114
0.9187138676643372
0.9165565967559814
0.9141479134559631
0.9114525318145752
0.9085756540298462
0.9056167602539062
0.902762770652771
0.8996806740760803
0.8973128795623779
0.8954943418502808
0.8940680027008057
0.8927205801010132
0.8916003108024597
0.8904581665992737
0.8895223140716553
0.8885189890861511
0.8877924084663391
0.8869481086730957
0.8864536881446838
0.8858396410942078
0.8855270743370056
0.8851726651191711
0.8848209381103516
0.8846374750137329
0.8841134309768677
0.8841257691383362
0.8833492398262024
0.8835099339485168
0.8832926154136658
0.8841435313224792
0.8844444751739502
0.8845425248146057
0.8836249709129333
0.8835899829864502
0.8827145099639893
0.8828120827674866
0.8817501664161682
0.8815950751304626
0.881169855594635
0.8809629678726196
0.8807092308998108
0.8805418014526367
0.8803541660308838
0.8801490068435669
0.8805093765258789
0.8802347779273987
0.880058228969574
0.8795756101608276
0.8797732591629028
0.8793069124221802
0.8793799877166748
0.8791059851646423
0.8790912628173828
0.8788884878158569
0.8788589835166931
0.8786812424659729
0.8786817789077759
0.8784688115119934
0.8786022067070007
0.8781968355178833
0.8784192204475403
0.8782261610031128
0.878081738948822
0.8780788779258728
0.877740204334259
0.8777891993522644
0.8774322867393494
0.8774909377098083
0.8771535754203796
0.8773359656333923
0.8769524693489075
0.8770133256912231
0.8768505454063416
0.8767973184585571
0.876566469669342
0.876521646976471
0.8760860562324524
0.8761745095252991
0.8755474090576172
0.8756836652755737
0.8751210570335388
0.87494957447052
0.8744502663612366
0.8741135597229004
0.8737301230430603
0.8732271790504456
0.8728827834129333
0.872336208820343
0.8717718124389648
0.8719557523727417
0.8705188632011414
0.8709266781806946
0.8710224032402039
0.8707634806632996
0.8708143830299377
0.8707680702209473
0.8706579804420471
0.8710012435913086
0.8708149194717407
0.8711270093917847
0.8711230158805847
0.8710813522338867
0.8713204860687256
0.8708075881004333
0.8704555630683899
0.8705307245254517
0.8691314458847046
0.8722327947616577
0.8710446357727051
0.8685435652732849
0.8657718300819397
0.8626151084899902
0.8595894575119019
0.8570989966392517
0.8522430658340454
0.8505220413208008
0.8479351997375488
0.8459245562553406
0.8459368944168091
0.8450096249580383
0.8440742492675781
0.8435949683189392
0.8431145548820496
0.8430008292198181
0.8437556624412537
0.844156801700592
0.8460582494735718
0.8471204042434692
0.8468738794326782
0.8511384129524231
0.8507329821586609
0.8495190739631653
0.8461598753929138
0.8400005102157593
0.8285885453224182
0.8124465942382812
0.7996994256973267
0.7846015691757202
0.7721495628356934
0.7580879330635071
0.7468219995498657
0.7329471707344055
0.7215720415115356
0.7124945521354675
0.7042161226272583
0.6946938633918762
0.6867481470108032
0.6798918843269348
0.6742527484893799
0.6650065183639526
0.6585844159126282
0.6508436799049377
0.6443414688110352
0.6362305879592896
0.632142186164856
0.6272815465927124
0.6264992952346802
0.6256552338600159
0.6260985732078552
0.6279083490371704
0.627937376499176
0.6297557950019836
0.6303194761276245
0.6299843192100525
0.6293014287948608
0.6270260214805603
0.6240850687026978
0.6196344494819641
0.6127746105194092
0.6065878868103027
0.5954891443252563
0.5859189629554749
0.5742718577384949
0.5643686652183533
0.5534816384315491
0.5457896590232849
0.5404411554336548
0.5342592597007751
0.5328001379966736
0.5314997434616089
0.5268039703369141
0.5277287364006042
0.5240461826324463
0.5220580697059631
0.5213104486465454
0.5173208117485046
0.5152730941772461
0.5104855895042419
0.5053734183311462
0.4989924430847168
0.49007755517959595
0.486409991979599
0.4801764190196991
0.4770541191101074
0.4717676639556885
0.4681934416294098
0.46143829822540283
0.4570114016532898
0.45108112692832947
0.44651421904563904
0.440498024225235
0.4362701177597046
0.42863929271698
0.42531618475914
0.41796717047691345
0.41205069422721863
0.408406138420105
0.4020403325557709
0.3978152573108673
0.3945635259151459
0.38810494542121887
0.38344913721084595
0.3773523271083832
0.37114933133125305
0.36442574858665466
0.3574300706386566
0.3502996265888214
0.34533631801605225
0.33930057287216187
0.3333873450756073
0.3253156840801239
0.3186030685901642
0.31045955419540405
0.3053874671459198
0.2979904115200043
0.29645872116088867
0.29072844982147217
0.28860771656036377
0.28563442826271057
0.284409761428833
0.2830527722835541
0.2821503281593323
0.2818509638309479
0.28117209672927856
0.2807730436325073
0.28065574169158936
0.2799304723739624
0.2797110080718994
0.2785574495792389
0.27766841650009155
0.27572572231292725
0.2740127742290497
0.2720179557800293
0.2697547376155853
0.2676028907299042
0.26447612047195435
0.2614826261997223
0.25685715675354004
0.25236836075782776
0.24771419167518616
0.24280709028244019
0.23832128942012787
0.23374001681804657
0.23021811246871948
0.22667479515075684
0.2242552638053894
0.22196556627750397
0.2206120789051056
0.21970003843307495
0.2192046046257019
0.21944057941436768
0.21944406628608704
0.22023195028305054
0.22063878178596497
0.2215757966041565
0.22217801213264465
0.22287394106388092
0.22376736998558044
0.22379446029663086
0.22420458495616913
0.22355523705482483
0.22291666269302368
0.22120781242847443
0.21866078674793243
0.21468840539455414
0.210405632853508
0.20412330329418182
0.19834713637828827
0.1917344480752945
0.18545088171958923
0.17951469123363495
0.1737019568681717
0.16845166683197021
0.16268807649612427
0.15706002712249756
0.15121692419052124
0.14546440541744232
0.1404877007007599
0.13520608842372894
0.13054214417934418
0.12520797550678253
0.12089768052101135
0.11626803874969482
0.11240013688802719
0.10939396172761917
0.10681791603565216
0.10575145483016968
0.10497408360242844
0.10549592226743698
0.10605984926223755
0.10742324590682983
0.10836081206798553
0.10967539995908737
0.10950068384408951
0.11007114499807358
0.11029423773288727
0.11059410125017166
0.11062411218881607
0.1103946715593338
0.10970988869667053
0.10876926779747009
0.1072680801153183
0.10548558831214905
0.10333411395549774
0.10075264424085617
0.09802716225385666
0.09460294991731644
0.09174253791570663
0.0885530635714531
0.08600353449583054
0.08372043818235397
0.08164891600608826
0.08022835850715637
0.07842724770307541
0.07777515798807144
0.07675720006227493
0.07659325748682022
0.07640067487955093
0.07622864097356796
0.0762738436460495
0.07663478702306747
0.07718569785356522
0.07773642241954803
0.07851092517375946
0.07928823679685593
0.08010127395391464
0.08079271763563156
0.08132869005203247
0.08178439736366272
0.08190762251615524
0.08247298002243042
0.08225411921739578
0.08202816545963287
0.08112739026546478
0.08063182979822159
0.07907254993915558
0.07750698179006577
0.07525152713060379
0.072867251932621
0.070079505443573
0.06723291426897049
0.06424430012702942
0.06126633659005165
0.058428529649972916
0.05578535795211792
0.05376202613115311
0.052226532250642776
0.0510207861661911
0.05054048076272011
0.04999978095293045
0.0502309687435627
0.050356991589069366
0.050439052283763885
0.0502946637570858
0.050952669233083725
0.050193797796964645
0.050360601395368576
0.04958534985780716
0.049523089081048965
0.04857767000794411
0.048171333968639374
0.04718999192118645
0.04633809253573418
0.04509841650724411
0.043862972408533096
0.04218738526105881
0.040719758719205856
0.038459014147520065
0.03661767765879631
0.03467373177409172
0.03229113668203354
0.02983139455318451
0.02703193947672844
0.02423136495053768
0.021243998780846596
0.018188949674367905
0.01524105854332447
0.011884652078151703
0.00874399021267891
0.005252657923847437
0.002058698795735836
0.0015184958465397358
0.004943766165524721
0.009728074073791504
0.0119575634598732
0.013749460689723492
0.014796928502619267
0.0156125258654356
0.015334454365074635
0.014250935055315495
0.012552869506180286
0.009475966915488243
0.007603188510984182
0.003156974446028471
0.0005573878297582269
0.0028924145735800266
0.005624250043183565
0.008878480643033981
0.011763486079871655
0.014269241131842136
0.016478804871439934
0.018290003761649132
0.02038276195526123
0.021344928070902824
0.022491084411740303
0.022885963320732117
0.023251142352819443
0.023091746494174004
0.022720465436577797
0.021765023469924927
0.02059900388121605
0.019245758652687073
0.017451245337724686
0.015458795242011547
0.013122212141752243
0.0109475776553154
0.008643620647490025
0.006495199631899595
0.004264340735971928
0.0021817947272211313
1.3947148545412347e-05
0.0019960610661655664
0.004159550182521343
0.006134068127721548
0.008412247523665428
0.010363727807998657
0.012490356341004372
0.01464344747364521
0.016562238335609436
0.018609855324029922
0.02012922242283821
0.021731775254011154
0.0225968100130558
0.023074187338352203
0.023248029872775078
0.022908564656972885
0.02232234925031662
0.02146105095744133
0.020204313099384308
0.01912315934896469
0.01803584210574627
0.016976669430732727
0.01577136106789112
0.014684915542602539
0.01343757938593626
0.012339179404079914
0.01100075151771307
0.009862066246569157
0.00834687054157257
0.0071442401967942715
0.0054962350986897945
0.003970827907323837
0.002941727638244629
0.0018016727408394217
0.0010308437049388885
0.00022857135627418756
0.00019252047059126198
0.0002082110004266724
0.00016437711019534618
0.00037725790753029287
0.0009266759734600782
0.00181667844299227
0.0026748639065772295
0.003766788635402918
0.004860768094658852
0.006425401661545038
0.007673671469092369
0.008972872979938984
0.010556808672845364
0.012466447427868843
0.014509704895317554
0.0165037102997303
0.018458304926753044
0.020656101405620575
0.02260303497314453
0.024668769910931587
0.026402264833450317
0.028284195810556412
0.028965862467885017
0.030543383210897446
0.03093496337532997
0.031659528613090515
0.03158188611268997
0.031511466950178146
0.031212909147143364
0.030440524220466614
0.029828093945980072
0.02896225079894066
0.028710268437862396
0.027014007791876793
0.026242120191454887
0.02469461038708687
0.023809153586626053
0.022574206814169884
0.021627357229590416
0.020845944061875343
0.020475534722208977
0.019626129418611526
0.01949767768383026
0.019363000988960266
0.019460568204522133
0.019045889377593994
0.019383922219276428
0.019702527672052383
0.019727930426597595
0.020101577043533325
0.020243415609002113
0.02031053602695465
0.020147154107689857
0.019482797011733055
0.01889427751302719
0.017783798277378082
0.016997216269373894
0.015829142183065414
0.014653409831225872
0.013638568110764027
0.012646825984120369
0.011797669343650341
0.011279445141553879
0.010726477950811386
0.010294240899384022
0.010021151043474674
0.009870347566902637
0.009927505627274513
0.01008926797658205
0.010456687770783901
0.01092541217803955
0.011539210565388203
0.012306989170610905
0.013098614290356636
0.014069933444261551
0.0149436229839921
0.015902364626526833
0.016833337023854256
0.017729192972183228
0.01859460026025772
0.019319042563438416
0.02023102343082428
0.021029436960816383
0.02212814800441265
0.022995486855506897
0.02409164421260357
0.024861041456460953
0.025696251541376114
0.02624766156077385
0.02683207206428051
0.027334606274962425
0.027729421854019165
0.027978727594017982
0.028139742091298103
0.028243910521268845
0.027941742911934853
0.02792518027126789
0.02782611921429634
0.027921071276068687
0.02783782407641411
0.027848845347762108
0.0277857705950737
0.02782132476568222
0.02791110798716545
0.028044478967785835
0.02825704775750637
0.02840324304997921
0.028611144050955772
0.02911037765443325
0.029473252594470978
0.029995335265994072
0.03034762665629387
0.030729865655303
0.030507583171129227
0.030712181702256203
0.03101428784430027
0.03135107457637787
0.03126371651887894
0.031419314444065094
0.031337250024080276
0.03130624443292618
0.031211789697408676
0.031052391976118088
0.03093085251748562
0.030711248517036438
0.03054855205118656
0.030258027836680412
0.030267367139458656
0.03004172258079052
0.029790611937642097
0.029548591002821922
0.029106641188263893
0.028841955587267876
0.02851942926645279
0.028195282444357872
0.028050953522324562
0.02782568335533142
0.027894483879208565
0.027855070307850838
0.028004568070173264
0.02809242159128189
0.028293224051594734
0.028661826625466347
0.02902843803167343
0.02936055324971676
0.029797585681080818
0.030231192708015442
0.030754582956433296
0.031231526285409927
0.03177029639482498
0.03226392716169357
0.03292791172862053
0.03299640119075775
0.03370577469468117
0.034491609781980515
0.03536804020404816
0.03639253228902817
0.03732394054532051
0.03798636794090271
0.038563866168260574
0.03880731761455536
0.03877892717719078
0.03870495781302452
0.03822595998644829
0.04012071713805199
0.03932049870491028
0.038305409252643585
0.03720090538263321
0.03608345240354538
0.03501911088824272
0.03403957188129425
0.03314490243792534
0.03236822038888931
0.0315597839653492
0.030971262603998184
0.03038753755390644
0.02996470220386982
0.029526114463806152
0.029374251142144203
0.02920856699347496
0.02923235297203064
0.0292205847799778
0.029525864869356155
0.029951129108667374
0.030646804720163345
0.0313790924847126
0.032307013869285583
0.03333437070250511
0.03470299765467644
0.03582138195633888
0.036897432059049606
0.03801581636071205
0.03911596164107323
0.040277931839227676
0.04113823547959328
0.04187239333987236
0.04239678010344505
0.04277142137289047
0.04294819012284279
0.04277852177619934
0.04257510229945183
0.04206441342830658
0.04152165725827217
0.040704939514398575
0.03991119936108589
0.039012666791677475
