0.018557438626885414
8.26512622833252
5.2896223068237305
3.3829944133758545
2.1615777015686035
1.3806428909301758
0.8817562460899353
0.5630873441696167
0.35958775877952576
0.2296171337366104
0.1465819925069809
0.09351976960897446
0.059603095054626465
0.03791915625333786
0.02405315451323986
0.015184776857495308
0.009511763229966164
0.005882155615836382
0.0035594820510596037
0.002072806004434824
0.0011209410149604082
0.0005112409126013517
0.00012045726180076599
-0.00013024895451962948
-0.0002913221251219511
-0.00039503874722868204
-0.00046204414684325457
-0.0005055750953033566
-0.0005340826464816928
-0.0005529819754883647
-0.0005657435394823551
-0.0005745874368585646
-0.0005809639696963131
-0.0005857999785803258
-0.0005897156661376357
-0.0005931387422606349
-0.0005963860312476754
-0.0005997430416755378
-0.0006034696707502007
-0.0006078591104596853
-0.0006132894195616245
-0.00062021822668612
-0.000629274407401681
-0.0006412905640900135
-0.0006573743303306401
-0.0006790305487811565
-0.0007082175579853356
-0.0007475728634744883
-0.0008004723349586129
-0.0008712661219760776
-0.0009653132292442024
-0.001089025754481554
-0.001249631866812706
-0.0014545578742399812
-0.001710441429167986
-0.0020217918790876865
-0.002389916218817234
-0.0028148635756224394
-0.003249955130741
-0.0038742716424167156
-0.004497007466852665
-0.005394890438765287
-0.007612527348101139
-0.010159946978092194
-0.014652134850621223
-0.021246911957859993
-0.024641461670398712
-0.0291573666036129
-0.03637571260333061
-0.04465677589178085
-0.053389906883239746
-0.06280827522277832
-0.07286419719457626
-0.08296006917953491
-0.09265944361686707
-0.1013248860836029
-0.10837391018867493
-0.11396444588899612
-0.11812346428632736
-0.12113907933235168
-0.12321200966835022
-0.12461937963962555
-0.12553998827934265
-0.12618213891983032
-0.12666161358356476
-0.12697330117225647
-0.12720967829227448
-0.12738998234272003
-0.1275341808795929
-0.12763355672359467
-0.12774868309497833
-0.1278398334980011
-0.1279560774564743
-0.1280716359615326
-0.128178671002388
-0.12833695113658905
-0.12852351367473602
-0.12879899144172668
-0.12911835312843323
-0.12928959727287292
-0.12961076200008392
-0.1299363672733307
-0.13022741675376892
-0.1305270493030548
-0.130807027220726
-0.131047323346138
-0.13119268417358398
-0.13138772547245026
-0.13147513568401337
-0.13155627250671387
-0.1316603273153305
-0.13177558779716492
-0.13196052610874176
-0.13220085203647614
-0.13249287009239197
-0.13295656442642212
-0.13329917192459106
-0.13407635688781738
-0.1342713087797165
-0.13532280921936035
-0.1373790055513382
-0.14090420305728912
-0.1573501080274582
-0.17219194769859314
-0.1776527464389801
-0.1809321492910385
-0.18580472469329834
-0.19555185735225677
-0.20439404249191284
-0.21141794323921204
-0.21771621704101562
-0.22363393008708954
-0.22890540957450867
-0.2335110604763031
-0.23724953830242157
-0.2404182255268097
-0.24256545305252075
-0.24394674599170685
-0.24502471089363098
-0.24594615399837494
-0.246780663728714
-0.24757876992225647
-0.2483825385570526
-0.24920794367790222
-0.25005677342414856
-0.2508959174156189
-0.25170183181762695
-0.25243228673934937
-0.25316375494003296
-0.254037469625473
-0.2550649046897888
-0.25626295804977417
-0.2577636241912842
-0.2595645785331726
-0.2619031071662903
-0.264477014541626
-0.26780247688293457
-0.27128440141677856
-0.27414214611053467
-0.27582743763923645
-0.27717071771621704
-0.2781788110733032
-0.27931272983551025
-0.28007087111473083
-0.2807854413986206
-0.2812519669532776
-0.2816154360771179
-0.2818627953529358
-0.2821691632270813
-0.28241991996765137
-0.2826116681098938
-0.28290414810180664
-0.2832537889480591
-0.2834152579307556
-0.2837965488433838
-0.2840721309185028
-0.28444185853004456
-0.28474852442741394
-0.2850191593170166
-0.2853735089302063
-0.28565242886543274
-0.28582626581192017
-0.2861262559890747
-0.28634732961654663
-0.2865941524505615
-0.286815345287323
-0.28705719113349915
-0.2872012257575989
-0.28734081983566284
-0.2876415550708771
-0.2880367636680603
-0.2882739305496216
-0.28854700922966003
-0.2888143062591553
-0.28918716311454773
-0.2894534468650818
-0.28966280817985535
-0.2899248003959656
-0.2901238203048706
-0.290322482585907
-0.2905372381210327
-0.2907450199127197
-0.29099011421203613
-0.2912800908088684
-0.2916853129863739
-0.292039692401886
-0.29244160652160645
-0.2925903797149658
-0.2931518852710724
-0.2936337888240814
-0.2942454516887665
-0.29467570781707764
-0.29524993896484375
-0.295596182346344
-0.29626697301864624
-0.2968904972076416
-0.29752296209335327
-0.2979470491409302
-0.29881972074508667
-0.29929184913635254
-0.3000110983848572
-0.3006691336631775
-0.3017919659614563
-0.3029007315635681
-0.3042508363723755
-0.3053571879863739
-0.30648332834243774
-0.3073737621307373
-0.30827802419662476
-0.3089853525161743
-0.3097132444381714
-0.3105165958404541
-0.3114790916442871
-0.31240469217300415
-0.313973605632782
-0.3161524534225464
-0.31776726245880127
-0.32226306200027466
-0.3275253176689148
-0.3333527743816376
-0.3395007848739624
-0.34740397334098816
-0.3577932119369507
-0.36609429121017456
-0.37249577045440674
-0.37749969959259033
-0.38260385394096375
-0.38536107540130615
-0.38785794377326965
-0.3909013867378235
-0.3944740295410156
-0.39847657084465027
-0.4037405252456665
-0.4105427861213684
-0.4178415536880493
-0.42386114597320557
-0.43001675605773926
-0.4362713694572449
-0.44066691398620605
-0.44681525230407715
-0.45830392837524414
-0.4772886633872986
-0.5055366158485413
-0.5369502305984497
-0.5579307079315186
-0.5755583047866821
-0.5962238311767578
-0.6123060584068298
-0.6292641162872314
-0.6474511623382568
-0.6645519733428955
-0.6763119697570801
-0.6896848678588867
-0.7054932117462158
-0.7212765216827393
-0.7349621653556824
-0.7516820430755615
-0.7719342708587646
-0.7967580556869507
-0.8220252990722656
-0.8558427095413208
-0.8912959098815918
-0.9268743991851807
-0.9555715918540955
-0.9776688814163208
-0.9968057870864868
-1.0128973722457886
-1.0266897678375244
-1.0384756326675415
-1.0468719005584717
-1.05388343334198
-1.0619850158691406
-1.0708041191101074
-1.0808974504470825
-1.091969609260559
-1.1057277917861938
-1.123448133468628
-1.1483051776885986
-1.1780372858047485
-1.2071985006332397
-1.2426018714904785
-1.2820208072662354
-1.3150050640106201
-1.3475967645645142
-1.3706059455871582
-1.3904566764831543
-1.4081635475158691
-1.4242515563964844
-1.4393031597137451
-1.456813097000122
-1.4775841236114502
-1.497920274734497
-1.5235720872879028
-1.5538640022277832
-1.5899494886398315
-1.6267163753509521
-1.669604778289795
-1.709735631942749
-1.7508634328842163
-1.7793465852737427
-1.8015295267105103
-1.8188064098358154
-1.8359317779541016
-1.8548393249511719
-1.8740975856781006
-1.8916726112365723
-1.9072344303131104
-1.9225660562515259
-1.9377213716506958
-1.9543722867965698
-1.9728771448135376
-1.995224952697754
-2.0180180072784424
-2.0395846366882324
-2.0658626556396484
-2.091585159301758
-2.1137921810150146
-2.1326634883880615
-2.1518447399139404
-2.1696560382843018
-2.185603618621826
-2.2013351917266846
-2.2149856090545654
-2.227904796600342
-2.237168312072754
-2.243842840194702
-2.2505879402160645
-2.2586722373962402
-2.267622947692871
-2.276811122894287
-2.2859673500061035
-2.2956366539001465
-2.3049445152282715
-2.314532995223999
-2.3239407539367676
-2.331890106201172
-2.340667963027954
-2.349849224090576
-2.3599605560302734
-2.3724424839019775
-2.385188579559326
-2.399142265319824
-2.413893222808838
-2.428715944290161
-2.4424898624420166
-2.4554200172424316
-2.4663853645324707
-2.4762768745422363
-2.485067367553711
-2.4931094646453857
-2.499910593032837
-2.506131410598755
-2.511767864227295
-2.517577648162842
-2.5235493183135986
-2.530801773071289
-2.5385632514953613
-2.546365737915039
-2.5543630123138428
-2.5621800422668457
-2.5694873332977295
-2.576162815093994
-2.5822930335998535
-2.5876944065093994
-2.5925769805908203
-2.596803903579712
-2.6005828380584717
-2.603914260864258
-2.606910228729248
-2.6096835136413574
-2.6120989322662354
-2.6142351627349854
-2.6162941455841064
-2.6184091567993164
-2.620682954788208
-2.6229100227355957
-2.625270366668701
-2.6277894973754883
-2.6305339336395264
-2.6338858604431152
-2.6372671127319336
-2.641169548034668
-2.6453423500061035
-2.649980306625366
-2.6550633907318115
-2.6597073078155518
-2.6640968322753906
-2.668097734451294
-2.6715049743652344
-2.674539804458618
-2.67741322517395
-2.680384874343872
-2.68353533744812
-2.6869311332702637
-2.690121650695801
-2.69333815574646
-2.6965832710266113
-2.7004213333129883
-2.704622268676758
-2.709717273712158
-2.7159276008605957
-2.722672462463379
-2.7297604084014893
-2.736973524093628
-2.743514060974121
-2.7496092319488525
-2.7547547817230225
-2.759355068206787
-2.7636849880218506
-2.767996072769165
-2.772707939147949
-2.7768170833587646
-2.78029465675354
-2.7834255695343018
-2.7865710258483887
-2.7899088859558105
-2.793569564819336
-2.797515630722046
-2.8016889095306396
-2.80594539642334
-2.8102309703826904
-2.814483165740967
-2.8187317848205566
-2.823129892349243
-2.8275434970855713
-2.831608772277832
-2.8353419303894043
-2.8385870456695557
-2.8415944576263428
-2.844409942626953
-2.8470704555511475
-2.849694013595581
-2.852083206176758
-2.854422092437744
-2.8569164276123047
-2.8593220710754395
-2.8621222972869873
-2.8648977279663086
-2.8676254749298096
-2.8708527088165283
-2.87400484085083
-2.8769946098327637
-2.8798811435699463
-2.882610559463501
-2.885115146636963
-2.8872878551483154
-2.8892016410827637
-2.8908090591430664
-2.8923537731170654
-2.893702745437622
-2.8951499462127686
-2.896888256072998
-2.898854970932007
-2.9007809162139893
-2.9029457569122314
-2.9055325984954834
-2.9083354473114014
-2.9112789630889893
-2.91430401802063
-2.9174745082855225
-2.9205586910247803
-2.923638105392456
-2.9262239933013916
-2.9284255504608154
-2.9302966594696045
-2.9319615364074707
-2.9336318969726562
-2.935222625732422
-2.9370310306549072
-2.9390289783477783
-2.9415464401245117
-2.944406270980835
-2.947537899017334
-2.9510815143585205
-2.9548184871673584
-2.9583704471588135
-2.961772918701172
-2.9645588397979736
-2.967066526412964
-2.9689621925354004
-2.9706838130950928
-2.9720406532287598
-2.9732275009155273
-2.974217176437378
-2.9750242233276367
-2.975858449935913
-2.9765846729278564
-2.97733211517334
-2.9782238006591797
-2.979102611541748
-2.9800307750701904
-2.9809553623199463
-2.9819045066833496
-2.982881546020508
-2.9839284420013428
-2.9851114749908447
-2.9863882064819336
-2.987842559814453
-2.9893996715545654
-2.99124813079834
-2.993375539779663
-2.995940685272217
-2.997812509536743
-2.9999537467956543
-3.0027899742126465
-3.0060102939605713
-3.009197950363159
-3.012399196624756
-3.0156586170196533
-3.0188417434692383
-3.0217456817626953
-3.0246028900146484
-3.0266640186309814
-3.028552532196045
-3.030191659927368
-3.0318098068237305
-3.033435106277466
-3.0346455574035645
-3.035910129547119
-3.037109613418579
-3.038212537765503
-3.0390586853027344
-3.0398435592651367
-3.0405406951904297
-3.041238307952881
-3.041956901550293
-3.042782783508301
-3.0437569618225098
-3.044626474380493
-3.045517683029175
-3.0464394092559814
-3.0474212169647217
-3.048309803009033
-3.049161434173584
-3.0499231815338135
-3.050673246383667
-3.051396131515503
-3.052133083343506
-3.052872896194458
-3.0536386966705322
-3.0544281005859375
-3.05525541305542
-3.0561485290527344
-3.0570168495178223
-3.058068037033081
-3.0592422485351562
-3.0605645179748535
-3.0619874000549316
-3.063566207885742
-3.0650668144226074
-3.0665228366851807
-3.067841053009033
-3.0692243576049805
-3.0705199241638184
-3.0717573165893555
-3.0728118419647217
-3.073857069015503
-3.074744939804077
-3.0754358768463135
-3.0760796070098877
-3.076664447784424
-3.077202796936035
-3.0777053833007812
-3.0781819820404053
-3.0786635875701904
-3.07914137840271
-3.0796422958374023
-3.080153465270996
-3.080706834793091
-3.0814952850341797
-3.0819365978240967
-3.082479238510132
-3.08315110206604
-3.0839462280273438
-3.0847957134246826
-3.0856118202209473
-3.0863680839538574
-3.087045669555664
-3.087653398513794
-3.0881898403167725
-3.088672637939453
-3.0891406536102295
-3.0896284580230713
-3.090172290802002
-3.0905768871307373
-3.0910351276397705
-3.0916314125061035
-3.0924007892608643
-3.093229293823242
-3.0940473079681396
-3.095022678375244
-3.096113920211792
-3.0973494052886963
-3.0987257957458496
-3.100315809249878
-3.102076530456543
-3.1039202213287354
-3.1058146953582764
-3.1074373722076416
-3.108969211578369
-3.1103127002716064
-3.111553192138672
-3.1126272678375244
-3.1134979724884033
-3.1141719818115234
-3.11474871635437
-3.1153836250305176
-3.1162095069885254
-3.1167898178100586
-3.1174347400665283
-3.1181139945983887
-3.118840456008911
-3.1196186542510986
-3.1203293800354004
-3.1210949420928955
-3.122015953063965
-3.122671127319336
-3.1234395503997803
-3.12428879737854
-3.1251397132873535
-3.1258280277252197
-3.126415729522705
-3.127011299133301
-3.1275734901428223
-3.1279449462890625
-3.128500461578369
-3.1292436122894287
-3.1300735473632812
-3.131014108657837
-3.131995916366577
-3.1330032348632812
-3.1339173316955566
-3.1348519325256348
-3.135814666748047
-3.1367342472076416
-3.137542486190796
-3.1384029388427734
-3.139387369155884
-3.1403021812438965
-3.1411638259887695
-3.1419339179992676
-3.1426503658294678
-3.1432926654815674
-3.143888235092163
-3.1444215774536133
-3.1449108123779297
-3.145369052886963
-3.1457831859588623
-3.1461803913116455
-3.146523952484131
-3.1468515396118164
-3.1471521854400635
-3.1474204063415527
-3.147658109664917
-3.1479034423828125
-3.14815616607666
-3.148432493209839
-3.1487390995025635
-3.1490230560302734
-3.1493051052093506
-3.149557590484619
-3.149796485900879
-3.150041341781616
-3.1502511501312256
-3.1504619121551514
-3.150634288787842
-3.1508030891418457
-3.15097713470459
-3.1511216163635254
-3.1512720584869385
-3.151392936706543
-3.151515007019043
-3.151642322540283
-3.1517577171325684
-3.1518824100494385
-3.152031898498535
-3.1521894931793213
-3.1523799896240234
-3.152611494064331
-3.1528704166412354
-3.153188705444336
-3.153454303741455
-3.153780698776245
-3.154172420501709
-3.1546220779418945
-3.155130624771118
-3.155613899230957
-3.156125783920288
-3.156529188156128
-3.1569690704345703
-3.157397508621216
-3.1577847003936768
-3.1581037044525146
-3.1583573818206787
-3.1585540771484375
-3.1587204933166504
-3.1588613986968994
-3.1589841842651367
-3.1590914726257324
-3.159186363220215
-3.159273624420166
-3.1593739986419678
-3.1594436168670654
-3.1595253944396973
-3.1596546173095703
-3.1598145961761475
-3.1599836349487305
-3.160156488418579
-3.1603405475616455
-3.1605498790740967
-3.1607487201690674
-3.160946846008301
-3.1611316204071045
-3.161314010620117
-3.161503314971924
-3.1616945266723633
-3.1619210243225098
-3.162116289138794
-3.1623282432556152
-3.16256046295166
-3.1627869606018066
-3.1630020141601562
-3.1632113456726074
-3.1634232997894287
-3.1636648178100586
-3.163942337036133
-3.1642847061157227
-3.164555072784424
-3.164907693862915
-3.1653220653533936
-3.165794849395752
-3.1662557125091553
-3.1667304039001465
-3.167232036590576
-3.1677584648132324
-3.168480634689331
-3.1688461303710938
-3.1692349910736084
-3.1695713996887207
-3.1699018478393555
-3.170245409011841
-3.170569896697998
-3.170865058898926
-3.171114921569824
-3.1713247299194336
-3.1715049743652344
-3.171661376953125
-3.171804189682007
-3.171950101852417
-3.172058343887329
-3.172161817550659
-3.172276258468628
-3.1724085807800293
-3.172534704208374
-3.1726536750793457
-3.1727964878082275
-3.1729090213775635
-3.1730480194091797
-3.1732006072998047
-3.173366069793701
-3.173527717590332
-3.1736907958984375
-3.1738898754119873
-3.174041748046875
-3.174245834350586
-3.174431324005127
-3.174638032913208
-3.174884796142578
-3.1751818656921387
-3.175401210784912
-3.17560076713562
-3.175816059112549
-3.176023483276367
-3.1762332916259766
-3.176455497741699
-3.176633834838867
-3.176790952682495
-3.176941394805908
-3.1770873069763184
-3.1772289276123047
