0.0006077035795897245
0.0006077035795897245
0.0006077035795897245
0.0006069469964131713
0.0006063967011868954
0.0005853489274159074
0.000533692364115268
0.0005345178069546819
0.0005881002871319652
0.0006002749432809651
0.0006055025150999427
0.0005900950054638088
0.0005349304992705584
0.0006279259687289596
0.0007691388600505888
0.0006103861378505826
0.0006269630393944681
0.00038594508077949286
0.00066231784876436
0.0009051241213455796
0.0007893612491898239
0.0004882951616309583
0.00017416021728422493
5.949786282144487e-05
0.00014190068759489805
0.00023689090448897332
7.456148159690201e-05
4.6428969653788954e-05
4.752950553665869e-05
0.00010406967339804396
9.127591329161078e-05
0.00011259884195169434
9.615955059416592e-05
0.00013467839744407684
0.0001403874484822154
0.0001352974504698068
0.00010984749678755179
0.00012580530892591923
5.7365570683032274e-05
3.989451943198219e-05
