0.9987877607345581
0.9997531771659851
0.9997507929801941
0.9995855689048767
0.9996486306190491
0.9864442348480225
0.9455216526985168
0.9455258846282959
0.9454072713851929
0.9455080032348633
0.9456852674484253
0.9455622434616089
0.9352016448974609
0.9335890412330627
0.91721510887146
0.913883626461029
0.9143012166023254
0.8650530576705933
0.7573975324630737
0.5479440093040466
0.31056204438209534
0.23873589932918549
0.20495130121707916
0.1631736159324646
0.16572804749011993
0.1392558068037033
0.09708143025636673
0.07445405423641205
0.07415057718753815
0.06864830106496811
0.0779808759689331
0.05960625410079956
0.06850702315568924
0.06157684698700905
0.06362029165029526
0.06310176104307175
0.059219468384981155
0.06454858928918839
0.05550218001008034
0.053495533764362335
