0.9969304800033569
0.9294799566268921
0.9435383677482605
0.9548004269599915
0.9638227820396423
0.9710397124290466
0.9768080115318298
0.9814167618751526
0.985098659992218
0.9880399107933044
0.9903897643089294
0.9922670125961304
0.9937666654586792
0.9949643611907959
0.995920717716217
0.996683657169342
0.9972919225692749
0.9977760910987854
0.9981607794761658
0.9984654188156128
0.9987058639526367
0.9988948106765747
0.9990423321723938
0.9991568922996521
0.999245285987854
0.9993129968643188
0.9993647933006287
0.99940425157547
0.999434232711792
0.9994571805000305
0.9994747042655945
0.999488353729248
0.9994989633560181
0.9995074272155762
0.9995143413543701
0.9995200037956238
0.9995248913764954
0.9995293021202087
0.9995333552360535
0.9995371699333191
0.9995409250259399
0.9995445013046265
0.9995480179786682
0.9995512366294861
0.999553918838501
0.9995557069778442
0.9995561242103577
0.9995541572570801
0.9995489120483398
0.9995390772819519
0.9995229840278625
0.9994989037513733
0.9994649887084961
0.9994198083877563
0.9993621706962585
0.9992917776107788
0.9992095828056335
0.9991179704666138
0.9990208148956299
0.9989222288131714
0.9988265037536621
0.9984208345413208
0.9983852505683899
0.998351514339447
0.9982878565788269
0.9982771277427673
0.9981852769851685
0.9981033802032471
0.9979725480079651
0.9977831840515137
0.9975217580795288
0.9971736073493958
0.9967173337936401
0.9961204528808594
0.9953382015228271
0.9943174123764038
0.9930060505867004
0.9913633465766907
0.9893563985824585
0.9869444370269775
0.984074056148529
0.9806933403015137
0.9767760634422302
0.9723473787307739
0.9675118923187256
0.9624590277671814
0.9579839706420898
0.9529750347137451
0.951043426990509
0.9477388858795166
0.9474300146102905
0.9461440443992615
0.9459081888198853
0.9454184770584106
0.9452443718910217
0.9450002908706665
0.9448809623718262
0.9447422027587891
0.9446626901626587
0.9445787668228149
0.9445260167121887
0.9444732069969177
0.9444378018379211
0.9444031715393066
0.9443784356117249
0.944354236125946
0.9443354606628418
0.9443164467811584
0.94430011510849
0.9442825317382812
0.9442657232284546
0.9442465901374817
0.9442265629768372
0.9442029595375061
0.9441772103309631
0.9441461563110352
0.9441116452217102
0.9440702199935913
0.944024384021759
0.9439704418182373
0.9439122676849365
0.9438458681106567
0.9437773823738098
0.9437000155448914
0.9436218738555908
0.9435281753540039
0.9434350728988647
0.9433078765869141
0.9432241320610046
0.9428077340126038
0.9431697130203247
0.9425445795059204
0.9423911571502686
0.941731333732605
0.9413496255874634
0.9401372075080872
0.9394444227218628
0.9364821314811707
0.9344313144683838
0.9282810091972351
0.9228682518005371
0.9157614707946777
0.9096091389656067
0.9034942388534546
0.9002725481987
0.8981051445007324
0.8979752063751221
0.8962757587432861
0.8975769877433777
0.8979882597923279
0.8992578387260437
0.9003171324729919
0.9014987945556641
0.9024222493171692
0.9034097790718079
0.9040067195892334
0.9049705862998962
0.9050889611244202
0.9059539437294006
0.9061919450759888
0.9066844582557678
0.9068519473075867
0.9072007536888123
0.9072986841201782
0.9072824716567993
0.90729820728302
0.9071234464645386
0.9070398807525635
0.9069054126739502
0.9067972898483276
0.9066493511199951
0.9065071940422058
0.9063471555709839
0.906174898147583
0.9059891104698181
0.9057841897010803
0.9055652618408203
0.9053248763084412
0.9050743579864502
0.9048011898994446
0.9045490026473999
0.9042187333106995
0.9039673805236816
0.9037398099899292
0.903541088104248
0.9035289883613586
0.9034024477005005
0.9031671285629272
0.9031174778938293
0.9030159711837769
0.9031006693840027
0.9031414985656738
0.9032654166221619
0.9032910466194153
0.9033849835395813
0.9030987024307251
0.9031391739845276
0.9028679728507996
0.9027963876724243
0.9025688171386719
0.9024558067321777
0.9022894501686096
0.9021503925323486
0.9021047353744507
0.9019365906715393
0.9018123149871826
0.9016372561454773
0.9015123844146729
0.9012888073921204
0.9013104438781738
0.901287853717804
0.9008597135543823
0.900748610496521
0.9005959033966064
0.9003244042396545
0.9001036882400513
0.8996850252151489
0.8995544910430908
0.8990187644958496
0.8986819982528687
0.898145318031311
0.897577702999115
0.8967469930648804
0.8963062763214111
0.8948046565055847
0.8946614265441895
0.8944703936576843
0.8951915502548218
0.8960878849029541
0.8967920541763306
0.8997392654418945
0.8981044888496399
0.8983911871910095
0.8953650593757629
0.8923658132553101
0.8893822431564331
0.8856090903282166
0.8792291879653931
0.8671902418136597
0.8584312200546265
0.8478012084960938
0.8411774039268494
0.8362221121788025
0.8288915157318115
0.8255605697631836
0.8232807517051697
0.8206693530082703
0.8180607557296753
0.8155964612960815
0.8100642561912537
0.8064322471618652
0.8019573092460632
0.7961657643318176
0.7914491295814514
0.78590989112854
0.7810674905776978
0.7769144177436829
0.7734940648078918
0.7722499966621399
0.7709243297576904
0.7712164521217346
0.7712227702140808
0.7713425755500793
0.7718448042869568
0.7720761895179749
0.7725469470024109
0.772858738899231
0.7731737494468689
0.7734614014625549
0.7736075520515442
0.773634135723114
0.7733368873596191
0.7726708054542542
0.7715111970901489
0.7702850103378296
0.7682971358299255
0.7659499049186707
0.7633112668991089
0.7603392601013184
0.7574490308761597
0.7542145252227783
0.7503512501716614
0.7459229230880737
0.7402090430259705
0.7333466410636902
0.7243529558181763
0.713499903678894
0.7018296122550964
0.6886765956878662
0.6746041774749756
0.6587387919425964
0.6450338959693909
0.6321919560432434
0.6209107637405396
0.6109605431556702
0.6043174266815186
0.6023539900779724
0.5970114469528198
0.597627580165863
0.5987138152122498
0.6035553812980652
0.6068515181541443
0.611889660358429
0.6146808862686157
0.6186224222183228
0.6222687363624573
0.6230323314666748
0.6235793232917786
0.6199858784675598
0.6179523468017578
0.6149904727935791
0.6117783188819885
0.6088268756866455
0.605668842792511
0.603179931640625
0.6007227301597595
0.5976392030715942
0.594820499420166
0.5904938578605652
0.5874653458595276
0.583949089050293
0.5805036425590515
0.5775454640388489
0.5756021738052368
0.5702696442604065
0.5678213238716125
0.5646011233329773
0.5622707009315491
0.557353675365448
0.5555680394172668
0.5481698513031006
0.5448072552680969
0.5396085977554321
0.5346139073371887
0.5279234647750854
0.5214395523071289
0.5140711665153503
0.506679892539978
0.4996214509010315
0.492671936750412
0.4862518012523651
0.4797460436820984
0.4746774435043335
0.4708333909511566
0.4631722867488861
0.4591553807258606
0.4538138806819916
0.4492035508155823
0.4422948956489563
0.43649786710739136
0.42902281880378723
0.42291247844696045
0.41636422276496887
0.4105111062526703
0.40532711148262024
0.40070948004722595
0.3972020447254181
0.39401984214782715
0.39174771308898926
0.38941094279289246
0.3875792622566223
0.385466068983078
0.38356471061706543
0.38108915090560913
0.37872830033302307
0.3763431906700134
0.3737953007221222
0.3716537058353424
0.3688926100730896
0.3666151762008667
0.3639737069606781
0.36208075284957886
0.3598076105117798
0.35855063796043396
0.3568533658981323
0.35606124997138977
0.3548007011413574
0.3538309931755066
0.3523171842098236
0.3514149785041809
0.34977686405181885
0.34862640500068665
0.34693413972854614
0.345227986574173
0.34258797764778137
0.33942657709121704
0.3352569043636322
0.3308790922164917
0.3261449337005615
0.32157933712005615
0.3175339996814728
0.31306567788124084
0.3102276623249054
0.3070204555988312
0.30545663833618164
0.3030821979045868
0.30173468589782715
0.2983860373497009
0.29733383655548096
0.2958657145500183
0.2950466275215149
0.29397618770599365
0.29316309094429016
0.2922317385673523
0.29126065969467163
0.2905600666999817
0.28939786553382874
0.28861141204833984
0.287624329328537
0.2869458496570587
0.28627923130989075
0.28544819355010986
0.28490644693374634
0.2826072871685028
0.28206583857536316
0.28148871660232544
0.2809569537639618
0.2804428040981293
0.2800726294517517
0.27987468242645264
0.2796432673931122
0.279978483915329
0.27992644906044006
0.2807224690914154
0.2794216573238373
0.28026342391967773
0.28049036860466003
0.2805708050727844
0.2804928421974182
0.27976515889167786
0.28080466389656067
0.28020861744880676
0.27919378876686096
0.27836093306541443
0.27695637941360474
0.27579545974731445
0.2740289568901062
0.2721046507358551
0.26994818449020386
0.26715022325515747
0.2649059295654297
0.2616910934448242
0.25986427068710327
0.2570440173149109
0.25570160150527954
0.25348636507987976
0.25249308347702026
0.25081631541252136
0.24984654784202576
0.24862965941429138
0.24736912548542023
0.24632875621318817
0.2448299378156662
0.2435060739517212
0.24230213463306427
0.24004624783992767
0.23919491469860077
0.23666587471961975
0.2361254096031189
0.23372600972652435
0.23205919563770294
0.2302171140909195
0.22819453477859497
0.22621460258960724
0.224312424659729
0.2225550264120102
0.22085422277450562
0.2194659262895584
0.2176728993654251
0.2165062576532364
0.2156362384557724
0.21491429209709167
0.21463479101657867
0.21426531672477722
0.21426475048065186
0.2144290655851364
0.21480190753936768
0.21537785232067108
0.21607781946659088
0.21699371933937073
0.21791821718215942
0.21912266314029694
0.22017423808574677
0.221590057015419
0.22289611399173737
0.2242329865694046
0.2256191074848175
0.22672204673290253
0.22802044451236725
0.22855603694915771
0.22977697849273682
0.23024700582027435
0.23069150745868683
0.23052532970905304
0.23034487664699554
0.22941502928733826
0.22851967811584473
0.2267863005399704
0.22511109709739685
0.22317355871200562
0.22064483165740967
0.21849055588245392
0.21650700271129608
0.2149020880460739
0.21337711811065674
0.2121681421995163
0.21089881658554077
0.20991691946983337
0.20872604846954346
0.20777185261249542
0.2065209150314331
0.20580655336380005
0.2050483673810959
0.2050354778766632
0.20486612617969513
0.2049339860677719
0.20539648830890656
0.20614153146743774
0.2071545124053955
0.20830346643924713
0.20953798294067383
0.21066813170909882
0.21168789267539978
0.2125573456287384
0.21342188119888306
0.21387392282485962
0.21340930461883545
0.2137678861618042
0.2130250185728073
0.2122792750597
0.21032075583934784
0.2093488872051239
0.2082362174987793
0.2073233723640442
0.2063463181257248
0.20551104843616486
0.20474781095981598
0.20399236679077148
0.2034146785736084
0.20281526446342468
0.2025272250175476
0.20212899148464203
0.20176474750041962
0.20131681859493256
0.20102331042289734
0.20128755271434784
0.2015286386013031
0.20198185741901398
0.20233812928199768
0.20356106758117676
0.20410431921482086
0.205285906791687
0.20577585697174072
0.2060937136411667
0.20616494119167328
0.20571938157081604
0.20524486899375916
0.2046186774969101
0.20385009050369263
0.2028648853302002
0.20176835358142853
0.2005101889371872
0.19927212595939636
0.19796651601791382
0.196415513753891
0.19499795138835907
0.1931963413953781
0.1920279562473297
0.19085676968097687
0.19028916954994202
0.189510315656662
0.18837641179561615
0.1874992400407791
0.18675437569618225
0.18600894510746002
0.1856352984905243
0.18520019948482513
0.1847269982099533
0.18444032967090607
0.18451163172721863
0.184702530503273
0.1853838860988617
0.1861066371202469
0.18709029257297516
0.18817025423049927
0.18919743597507477
0.19013525545597076
0.19096678495407104
0.1918410360813141
0.1925756335258484
0.19367048144340515
0.19463756680488586
0.19571822881698608
0.19666270911693573
0.19708094000816345
0.19760456681251526
0.19760918617248535
0.19744761288166046
0.19699949026107788
0.196146160364151
0.19529470801353455
0.19422730803489685
0.19308744370937347
0.19162186980247498
0.19020959734916687
0.18856526911258698
0.1871238499879837
0.18557341396808624
0.1842285692691803
0.18272975087165833
0.18131455779075623
0.18019317090511322
0.17925360798835754
0.1784694641828537
0.1778905838727951
0.17727304995059967
0.17704921960830688
0.17662382125854492
0.1765250712633133
0.1766878366470337
0.17702947556972504
0.1776057332754135
0.1783415675163269
0.17922353744506836
0.18023283779621124
0.1813281923532486
0.1824512481689453
0.18363064527511597
0.18465737998485565
0.18569259345531464
0.18657362461090088
0.18742221593856812
0.18806017935276031
0.18877042829990387
0.18915502727031708
0.18955782055854797
0.18983875215053558
0.18981602787971497
0.18962830305099487
0.18953607976436615
0.18887895345687866
0.1882672756910324
0.1874588280916214
0.18646852672100067
0.18544745445251465
0.1845131814479828
0.18360406160354614
0.18287880718708038
0.1816888153553009
0.18080218136310577
0.1799703985452652
0.1790921688079834
0.17847587168216705
0.17773374915122986
0.17734459042549133
0.17670544981956482
0.1764611303806305
0.1760452687740326
0.1759219914674759
0.17585673928260803
0.17581041157245636
0.1759602129459381
0.1759950816631317
0.17647171020507812
0.17667563259601593
0.17684778571128845
0.1771177053451538
0.17736738920211792
0.17777341604232788
0.17823372781276703
0.17887206375598907
0.17940117418766022
0.1799764335155487
0.18045511841773987
0.18093380331993103
0.18129849433898926
0.18158085644245148
0.18178284168243408
0.18184641003608704
0.1819225549697876
0.1819497048854828
0.18186023831367493
0.18168054521083832
0.1814601868391037
0.18112695217132568
0.1808048039674759
0.180168017745018
0.1795915812253952
0.17887018620967865
0.17823641002178192
0.17757229506969452
0.17704734206199646
0.17656853795051575
0.17619583010673523
0.17587877810001373
0.17565076053142548
0.17548327147960663
0.17540693283081055
0.17540009319782257
0.17549175024032593
0.17564129829406738
0.17595019936561584
0.17619022727012634
0.17682942748069763
0.17735610902309418
0.17816835641860962
0.17865227162837982
0.17950023710727692
0.1802716851234436
0.1811232715845108
0.1818850189447403
0.18272154033184052
0.18331235647201538
0.1837952733039856
0.18407191336154938
0.18409737944602966
0.18409228324890137
0.18401257693767548
0.1837637722492218
0.18348172307014465
0.18305912613868713
0.18264912068843842
0.1821746677160263
0.18157468736171722
0.18092882633209229
0.18006783723831177
0.17903992533683777
0.17803162336349487
0.17612148821353912
0.17482931911945343
0.17362183332443237
0.1724349558353424
0.17153573036193848
0.1707688271999359
0.17002733051776886
0.1692797839641571
0.16859400272369385
0.16783232986927032
0.16721504926681519
0.16648344695568085
0.16595669090747833
0.16521911323070526
0.16292113065719604
0.16210895776748657
0.1614069938659668
0.1603703498840332
0.15985144674777985
0.15942026674747467
0.15916766226291656
0.15842722356319427
0.15780401229858398
0.15732675790786743
0.1568746715784073
0.15655705332756042
0.15623582899570465
0.1559949368238449
0.1555519849061966
0.1553579717874527
0.15511296689510345
0.15484286844730377
0.15455377101898193
0.1542595773935318
0.15397265553474426
0.15371538698673248
0.15349753201007843
0.15332293510437012
0.1531975418329239
0.15312494337558746
0.15312381088733673
0.15307630598545074
0.15355929732322693
0.15370815992355347
0.15399159491062164
0.15424443781375885
0.1547357738018036
0.15515486896038055
0.15572023391723633
0.15622544288635254
0.15682366490364075
0.1573673039674759
0.15801559388637543
0.15856532752513885
0.15938036143779755
0.1599322110414505
0.16059668362140656
0.16155847907066345
0.1622735857963562
0.16334614157676697
0.16429853439331055
0.16574256122112274
0.16720321774482727
0.1685672253370285
0.16970330476760864
0.17060737311840057
0.17132017016410828
0.17184972763061523
0.17222854495048523
0.17244616150856018
0.17253899574279785
0.17242847383022308
0.172106072306633
0.1715872883796692
0.1707676500082016
0.1693568080663681
0.16777248680591583
0.16585202515125275
0.16387470066547394
0.16172590851783752
0.15989123284816742
0.15818333625793457
0.1568811982870102
0.15567216277122498
0.15486322343349457
0.15410758554935455
0.15343351662158966
0.15287892520427704
0.15238754451274872
0.151999831199646
0.1516154706478119
0.15133148431777954
0.151053786277771
0.15074799954891205
0.15050853788852692
0.150315523147583
0.15015749633312225
0.15005020797252655
0.14991335570812225
0.14982357621192932
0.1498190313577652
0.1499205231666565
0.15003825724124908
0.15026919543743134
0.1506340652704239
0.1502256691455841
0.15065567195415497
0.15104469656944275
0.151388019323349
0.15167517960071564
0.15191558003425598
0.1521078497171402
0.15225790441036224
0.15236376225948334
0.15244059264659882
0.1524628847837448
0.15245279669761658
0.15240821242332458
0.15240409970283508
0.15229246020317078
0.15211887657642365
0.15190880000591278
0.15166203677654266
0.1513112485408783
0.1510438174009323
0.15072515606880188
0.15037883818149567
0.1497562676668167
0.14933741092681885
0.14893929660320282
0.1487097293138504
0.14809860289096832
0.14802339673042297
0.1480535864830017
0.14816398918628693
0.1483393907546997
0.1486065536737442
0.1489069163799286
0.14930465817451477
0.14963871240615845
0.14993764460086823
0.15028657019138336
0.15073922276496887
0.15071967244148254
0.15109512209892273
0.15151503682136536
0.151969313621521
0.1524290144443512
0.1528843492269516
0.15333464741706848
0.1537778377532959
0.1542222797870636
0.15467381477355957
0.1551089882850647
0.15549178421497345
0.15583448112010956
0.15611261129379272
0.15616951882839203
0.15633134543895721
0.15616591274738312
0.15602165460586548
0.15559887886047363
0.15520848333835602
0.1547636091709137
0.15442687273025513
0.1542586386203766
0.15401612222194672
0.1537497639656067
0.15349964797496796
0.15329815447330475
0.15313372015953064
0.15301865339279175
0.15292631089687347
0.15285396575927734
0.15277937054634094
0.1527152955532074
0.15258467197418213
0.15252739191055298
0.1521894782781601
0.15207254886627197
0.15187691152095795
0.15188433229923248
0.15170083940029144
0.15156260132789612
0.15141373872756958
0.15122456848621368
0.15099065005779266
0.15074850618839264
0.15053437650203705
0.15026558935642242
0.15010668337345123
0.14997923374176025
0.14986379444599152
0.15001347661018372
0.14998957514762878
0.15005899965763092
0.15018239617347717
0.15041202306747437
0.15061046183109283
0.1509266495704651
0.15129967033863068
0.15195176005363464
0.15248149633407593
0.15324348211288452
0.15385578572750092
0.15448640286922455
0.15499049425125122
0.15659385919570923
0.1567535549402237
0.1567784696817398
0.15670281648635864
0.15652841329574585
0.1562875211238861
0.15599201619625092
0.1556120067834854
0.15520206093788147
0.154798224568367
0.15443012118339539
0.15399040281772614
0.15352237224578857
0.1529773771762848
0.15238431096076965
0.15169000625610352
0.1510019153356552
0.15028780698776245
0.14915548264980316
0.14849044382572174
0.14777719974517822
0.14697816967964172
0.14615397155284882
0.1456460952758789
0.14522387087345123
0.14450080692768097
0.14422722160816193
0.14412567019462585
0.1440451592206955
0.1441309005022049
0.14425329864025116
0.14443761110305786
0.14465217292308807
0.1448780596256256
0.14511790871620178
0.14529834687709808
0.14550785720348358
0.14550119638442993
0.1458369940519333
0.14595317840576172
0.14600373804569244
0.14607159793376923
0.1460595279932022
0.14604632556438446
0.14597515761852264
0.1459273397922516
0.145823672413826
0.14576208591461182
0.14563556015491486
0.14564041793346405
0.1455930471420288
0.14561203122138977
0.14568088948726654
0.14574159681797028
0.14584745466709137
0.14596214890480042
0.14611300826072693
0.14626505970954895
0.1465168595314026
0.14661653339862823
0.14689797163009644
0.14717741310596466
0.1474548578262329
0.14780323207378387
0.14809150993824005
0.14838509261608124
0.14866602420806885
0.14896084368228912
0.1492433398962021
0.14942309260368347
0.14957575500011444
0.14955702424049377
0.1495387703180313
0.14934881031513214
0.149169921875
0.14893238246440887
0.14858382940292358
0.14830315113067627
0.14794786274433136
0.14767739176750183
0.1473088562488556
0.14701807498931885
0.1466478556394577
0.1465466171503067
0.1462375968694687
0.14600691199302673
0.14594683051109314
0.14577852189540863
0.14565499126911163
0.14554478228092194
0.14538314938545227
0.14539872109889984
0.1454089879989624
0.14546291530132294
0.14547523856163025
0.145546093583107
0.14565624296665192
0.14579875767230988
0.14596450328826904
0.14616699516773224
0.14642681181430817
0.14667867124080658
0.14714577794075012
0.14755411446094513
0.14795832335948944
0.1483030766248703
0.14876066148281097
0.14910610020160675
0.14948803186416626
0.1496494859457016
0.1499573141336441
0.150050088763237
0.15018850564956665
0.15011079609394073
0.15004891157150269
0.14987531304359436
0.14968235790729523
0.1498444378376007
0.14954282343387604
0.14927558600902557
0.14902329444885254
0.14880144596099854
0.14853383600711823
0.14824984967708588
0.14791050553321838
0.1475483775138855
0.1470886915922165
0.1466747522354126
0.14625734090805054
0.145813450217247
0.14534348249435425
0.1447882205247879
0.144284188747406
0.1437658965587616
0.14337095618247986
0.14299699664115906
0.1427747756242752
0.14253251254558563
0.14245542883872986
0.14229609072208405
0.14238226413726807
0.14245517551898956
0.14259938895702362
0.14278431236743927
0.14302285015583038
0.14326050877571106
0.14352045953273773
0.14379584789276123
0.1440369337797165
0.14429856836795807
0.14451830089092255
0.14475372433662415
0.14490115642547607
0.1450885832309723
0.14507213234901428
0.14520145952701569
0.1452603042125702
0.14529654383659363
0.14495545625686646
0.1448313593864441
0.14467601478099823
0.14446711540222168
0.1441318243741989
0.14375406503677368
0.14343596994876862
0.1430526077747345
0.1427762806415558
0.14248643815517426
0.1423136591911316
0.1420992761850357
0.14207886159420013
0.14199361205101013
0.142032653093338
0.1420561969280243
0.1422269195318222
0.1423979550600052
0.14258630573749542
0.14282558858394623
0.14308996498584747
0.14336511492729187
0.1436929851770401
0.14399297535419464
0.14428119361400604
0.14440149068832397
0.14455311000347137
0.14462745189666748
0.14459861814975739
0.14455802738666534
0.14432932436466217
0.14391309022903442
0.14353764057159424
0.14308074116706848
0.14241378009319305
0.14175795018672943
0.141050323843956
0.14039729535579681
0.1396925300359726
0.139076367020607
0.1384325474500656
0.13789509236812592
0.13736410439014435
0.13696859776973724
0.13664382696151733
0.13643044233322144
0.13636033236980438
0.13636501133441925
0.1364791989326477
0.13669756054878235
0.13691143691539764
0.1372651606798172
0.1376861333847046
0.1381564736366272
0.13870278000831604
0.13913656771183014
0.13964657485485077
0.14006592333316803
0.14046883583068848
0.14084914326667786
0.14119987189769745
0.1414668709039688
0.14156922698020935
0.1417984813451767
0.14184051752090454
0.14197076857089996
0.14200961589813232
0.14210084080696106
0.1422456055879593
0.1423076093196869
0.14235512912273407
0.14255748689174652
0.1425720453262329
0.14255672693252563
0.14256221055984497
0.1425722986459732
0.14262771606445312
0.1426403522491455
0.1427125781774521
0.14272023737430573
0.14287471771240234
0.14291264116764069
0.1430211067199707
0.143058642745018
0.14325165748596191
0.14332333207130432
0.14345458149909973
0.14356061816215515
0.14365999400615692
0.14379067718982697
0.14386284351348877
0.1439705640077591
0.14399689435958862
0.1440807729959488
0.1440587341785431
0.14411738514900208
0.144072487950325
0.14416326582431793
0.14415305852890015
0.14417235553264618
0.14413438737392426
0.14420193433761597
0.14408481121063232
0.14415885508060455
0.1442241072654724
0.14434894919395447
0.14445210993289948
0.1446199119091034
0.14478453993797302
0.14501765370368958
0.1451919972896576
0.1453581154346466
0.14555475115776062
0.14571812748908997
0.1457943469285965
0.1457718014717102
0.14573027193546295
0.14560897648334503
0.14547275006771088
0.1452537626028061
0.14502350986003876
0.14470216631889343
0.14438144862651825
0.14397716522216797
0.14357058703899384
0.14311598241329193
0.1426299512386322
0.14221645891666412
0.14174163341522217
0.141298308968544
0.14073233306407928
0.140281543135643
0.13987016677856445
0.13951744139194489
0.1391718089580536
0.13889199495315552
0.13858509063720703
0.13833722472190857
0.13807819783687592
0.13781346380710602
0.13761383295059204
0.1374235600233078
0.13731080293655396
0.13722306489944458
0.13694064319133759
0.13693945109844208
0.1369788646697998
0.1370779275894165
0.13721491396427155
0.1373906284570694
0.13757766783237457
0.13784782588481903
0.13802091777324677
0.1381988674402237
0.13842594623565674
0.13867338001728058
0.13896378874778748
0.13923326134681702
0.13960199058055878
0.13987620174884796
0.14016841351985931
0.14042499661445618
0.14052611589431763
0.14070089161396027
0.14055569469928741
0.14064143598079681
0.14061720669269562
0.1405101716518402
0.14029860496520996
0.14004525542259216
0.13977552950382233
0.13944950699806213
0.13910512626171112
0.1387127935886383
0.13833323121070862
0.1379612684249878
0.1376451551914215
0.13736316561698914
0.13710656762123108
0.1368735134601593
0.13657528162002563
0.13646076619625092
0.1360047459602356
0.13582256436347961
0.13553383946418762
0.13534942269325256
0.13511013984680176
0.13480380177497864
0.13463102281093597
0.13410338759422302
0.13384374976158142
0.133568674325943
0.1332721710205078
0.13295817375183105
0.1326926201581955
0.13233546912670135
0.13214586675167084
0.13197551667690277
0.13186058402061462
0.13178293406963348
0.1317097693681717
0.1317044198513031
0.1317027360200882
0.13175977766513824
0.13179980218410492
0.13196274638175964
0.13202907145023346
0.1321856528520584
0.1323930025100708
0.13272206485271454
0.1329135298728943
0.13358142971992493
0.13403789699077606
0.13448794186115265
0.13494402170181274
0.13536834716796875
0.13586677610874176
0.13627409934997559
0.13690845668315887
0.13729536533355713
0.13778923451900482
0.13817128539085388
0.13855595886707306
0.13891242444515228
0.1392512023448944
0.13953164219856262
0.13981051743030548
0.13990135490894318
0.14047275483608246
0.140302836894989
0.14044368267059326
0.1404900699853897
0.14049872756004333
0.1403687745332718
0.14022861421108246
0.14003223180770874
0.13984662294387817
0.13965895771980286
0.13948805630207062
0.1393779069185257
0.13934066891670227
0.13928942382335663
0.13941426575183868
0.1394907832145691
0.13960516452789307
0.13972322642803192
0.13983118534088135
0.14011648297309875
0.14027437567710876
0.14037755131721497
0.14050719141960144
0.14060606062412262
0.1407272219657898
0.14080362021923065
0.14084234833717346
0.1408538669347763
0.14060550928115845
0.14054298400878906
0.14035719633102417
0.14024747908115387
0.13998167216777802
0.1395486295223236
0.13911601901054382
0.13853901624679565
0.1381848007440567
0.13793450593948364
0.13706840574741364
0.13695402443408966
0.1369304358959198
0.13691703975200653
0.13728882372379303
0.13739243149757385
0.137625053524971
0.1379793882369995
0.13846617937088013
0.13902044296264648
0.13973025977611542
0.14055775105953217
0.14134357869625092
0.14222922921180725
0.14306312799453735
0.1444874107837677
0.1452467292547226
0.14610254764556885
0.1467791646718979
0.14735835790634155
0.14781735837459564
0.14824287593364716
0.1485140323638916
0.14877772331237793
0.14887478947639465
0.1488436609506607
0.1486508846282959
0.14807170629501343
0.14739669859409332
0.1465938687324524
0.14505694806575775
0.14368969202041626
0.14223246276378632
0.1409895420074463
0.13734304904937744
0.13653673231601715
0.1358313411474228
0.1350816786289215
0.13446496427059174
0.13391217589378357
0.1334238350391388
0.13302946090698242
0.13256672024726868
0.1322656124830246
0.13196654617786407
0.13171102106571198
0.13136924803256989
0.13100282847881317
0.13045315444469452
0.13004857301712036
0.1296175718307495
0.1292637288570404
0.1289629340171814
0.12873317301273346
0.12862160801887512
0.12857060134410858
0.12863630056381226
0.12872259318828583
0.12892501056194305
0.12910832464694977
0.1293783038854599
0.12965568900108337
0.12992770969867706
0.13021381199359894
0.13047824800014496
0.130667045712471
0.13085271418094635
0.13099044561386108
0.13109971582889557
0.13126806914806366
0.1313076764345169
0.131395161151886
0.13131651282310486
0.13131365180015564
0.13109846413135529
0.13100531697273254
0.13072973489761353
0.1305793672800064
0.13031300902366638
0.13009987771511078
0.1298285871744156
0.1295955330133438
0.12931683659553528
0.1290576308965683
0.12884071469306946
0.12861955165863037
0.1285037398338318
0.128317192196846
0.1282637119293213
0.12814921140670776
0.12816233932971954
0.12824751436710358
0.12829527258872986
0.12842366099357605
0.12859489023685455
0.12875889241695404
0.12893901765346527
0.12911199033260345
0.1292472928762436
0.1293923705816269
0.12948918342590332
0.1295560598373413
0.12965145707130432
0.12966695427894592
0.12976184487342834
0.12971632182598114
0.13010405004024506
0.13013051450252533
0.13015112280845642
0.13003979623317719
0.12996725738048553
0.12979508936405182
0.12976589798927307
0.12961545586585999
0.12964273989200592
0.12921535968780518
0.12929947674274445
0.12919481098651886
0.1292223185300827
0.12930388748645782
0.12932711839675903
0.12940625846385956
0.12966695427894592
0.12950126826763153
0.12981395423412323
0.1298510730266571
0.13073129951953888
0.13099348545074463
0.13113276660442352
0.13133271038532257
0.13145430386066437
0.13162647187709808
0.13168157637119293
0.13173499703407288
0.13170871138572693
0.13207626342773438
0.13219381868839264
0.13204425573349
0.1326160877943039
0.13233844935894012
0.13206499814987183
0.13175491988658905
0.13138015568256378
0.13102635741233826
0.13068583607673645
0.13031406700611115
0.12990815937519073
0.12958021461963654
0.12916329503059387
0.12890279293060303
0.12858019769191742
0.12835952639579773
0.12809428572654724
0.12790438532829285
0.12784522771835327
0.12778683006763458
0.1278172731399536
0.12786877155303955
0.1279909908771515
0.1281435340642929
0.12835119664669037
0.12857359647750854
0.12884512543678284
0.12924225628376007
0.1295449137687683
0.1300273984670639
0.13033299148082733
0.1308022141456604
0.13110288977622986
0.13200098276138306
0.13226710259914398
0.13248278200626373
0.13253314793109894
0.13254205882549286
0.13171014189720154
0.13157160580158234
0.1313663274049759
0.13112026453018188
0.1308189034461975
0.13048721849918365
0.13012172281742096
0.1297498196363449
0.12934169173240662
0.12895987927913666
0.12850965559482574
0.12811608612537384
0.12767662107944489
0.12727588415145874
0.1268663853406906
0.12642043828964233
0.1260862648487091
0.12583939731121063
0.1256578266620636
0.12561386823654175
0.12550996243953705
0.12550859153270721
0.1255747675895691
0.12573641538619995
0.12591728568077087
0.12612810730934143
0.12636297941207886
0.1265631467103958
0.12686221301555634
0.12688873708248138
0.12707683444023132
0.12694725394248962
0.12695816159248352
0.1270371675491333
0.12696431577205658
0.12711811065673828
0.12681376934051514
0.126790851354599
0.12666203081607819
0.12655624747276306
0.12641514837741852
0.12633389234542847
0.12621210515499115
0.12615805864334106
0.1260669082403183
0.1261034607887268
0.1260116845369339
0.12607425451278687
0.12608011066913605
0.12596796452999115
0.126045361161232
0.12597139179706573
0.12601535022258759
0.1264154016971588
0.12622611224651337
0.1267876774072647
0.12685710191726685
0.12685661017894745
0.12688057124614716
0.1268470734357834
0.12681488692760468
0.1267617791891098
0.1265193223953247
0.12656819820404053
0.12648090720176697
0.12639117240905762
0.1262596845626831
0.12615320086479187
0.12588907778263092
0.12566250562667847
0.12540049850940704
0.12520703673362732
0.12494347989559174
0.12463240325450897
0.12436467409133911
0.12408746778964996
0.12380746752023697
0.12347970902919769
0.12315301597118378
0.12292618304491043
0.12266087532043457
0.12259780615568161
0.1223989948630333
0.12236636877059937
0.12216326594352722
0.12211612612009048
0.12197510153055191
0.12191259115934372
0.12178345024585724
0.12168389558792114
0.12156745791435242
0.12133701890707016
0.12116578966379166
0.12091312557458878
0.12084824591875076
0.12066631019115448
0.12056320160627365
0.12042036652565002
0.12023058533668518
0.1200655847787857
0.11991795897483826
0.1199822798371315
0.11985258013010025
0.11982282251119614
0.11977313458919525
0.11973247677087784
0.11969306319952011
0.11966080963611603
0.1196453645825386
0.119621142745018
0.11964137852191925
0.11963864415884018
0.11972649395465851
0.11949605494737625
0.11951548606157303
0.1196058914065361
0.11972500383853912
0.11989635229110718
0.12003408372402191
0.1202203780412674
0.12037628144025803
0.12055598199367523
0.12072402983903885
0.12081842124462128
0.12122873961925507
0.1213231310248375
0.12137780338525772
0.12157069891691208
0.12172996997833252
0.12183232605457306
0.12196314334869385
0.12203556299209595
0.1221780851483345
0.12281964719295502
0.1227722018957138
0.1227593794465065
0.12272239476442337
0.1226978600025177
0.12265440076589584
0.1226271316409111
0.12258628755807877
0.1225433200597763
0.12248286604881287
0.12236306816339493
0.12221930176019669
0.12204041332006454
0.12188232690095901
0.1216723695397377
0.12147817015647888
0.1212647333741188
0.12108179926872253
0.12078835070133209
0.12060074508190155
0.1202971488237381
0.12007997184991837
0.11989928036928177
0.11969374865293503
0.11957500874996185
0.1193222776055336
0.11934039741754532
0.11924980580806732
0.1191919595003128
0.11904196441173553
0.11900000274181366
0.11893175542354584
0.11893679946660995
0.11898555606603622
0.1191372275352478
0.11928921937942505
0.11933908611536026
0.11945608258247375
0.11949313431978226
0.11961933970451355
0.11964455991983414
0.1197335347533226
0.11973745375871658
0.11987188458442688
0.11990419775247574
0.11992337554693222
0.11996428668498993
0.11984523385763168
0.11981534957885742
0.11965296417474747
0.11958453804254532
0.11943192780017853
0.11948540806770325
0.1194605678319931
0.11947327107191086
0.11947308480739594
0.11947084218263626
0.11945471167564392
0.1194724589586258
0.1193900853395462
0.11942202597856522
0.11939923465251923
0.11942420154809952
0.11942607164382935
0.11944487690925598
0.11947831511497498
0.11948883533477783
0.11959393322467804
0.11966522783041
0.1196233257651329
0.12016794830560684
0.12008737772703171
0.11998190730810165
0.11989492177963257
0.1197843998670578
0.11968839168548584
0.11956728994846344
0.11945296823978424
0.11931474506855011
0.11917614191770554
0.1190202385187149
0.11886631697416306
0.11870685964822769
0.11857859790325165
0.11841664463281631
0.11832069605588913
0.11827599257230759
0.11840512603521347
0.11852853745222092
0.11877498030662537
0.11914214491844177
0.11960240453481674
0.11994622647762299
0.12039714306592941
0.12085970491170883
0.12140488624572754
0.12189465761184692
0.12238585948944092
0.12282270193099976
0.12325219810009003
0.12361638247966766
0.12401475012302399
0.12432774901390076
0.12468134611845016
0.12490929663181305
0.12512615323066711
0.12524782121181488
0.1253519356250763
0.12533064186573029
0.12525324523448944
0.12511713802814484
0.12496284395456314
0.12473009526729584
0.12450265139341354
0.12421175092458725
0.1239253357052803
0.1235092282295227
0.12319211661815643
0.12289206683635712
0.12252252548933029
0.12214308977127075
0.1215185821056366
0.12115669995546341
0.12085353583097458
0.12039708346128464
0.11989429593086243
0.11926288157701492
0.11884639412164688
0.11847810447216034
0.1182456687092781
0.11785689741373062
0.11773062497377396
0.11766057461500168
0.11764924228191376
0.11770179122686386
0.117781862616539
0.11788167804479599
0.11798017472028732
0.11808907985687256
0.11820033937692642
0.11831783503293991
0.11843115836381912
0.11857566982507706
0.11863556504249573
0.11872522532939911
0.11881352216005325
0.11864210665225983
0.11871184408664703
0.11869309842586517
0.11871171742677689
0.11861365288496017
0.11850325763225555
0.11826017498970032
0.11809810250997543
0.11779382079839706
0.11759550869464874
0.11725392937660217
0.1171988844871521
0.11689665913581848
0.11664504557847977
0.11640171706676483
0.11616025865077972
0.11594519764184952
0.11574564129114151
0.11557622253894806
0.11541053652763367
0.11532498896121979
0.11513134837150574
0.11506292223930359
0.11496803164482117
0.11494237929582596
0.11484474688768387
0.11480427533388138
0.11477936804294586
0.11474861204624176
0.1147737056016922
0.1147734522819519
0.1148596853017807
0.11487780511379242
0.11497556418180466
0.11503595858812332
0.11511491239070892
0.11518165469169617
0.11524516344070435
0.11531209945678711
0.11529771983623505
0.11549876630306244
0.11553220450878143
0.11579146981239319
0.11583798378705978
0.1158982515335083
0.11598542332649231
0.11609917879104614
0.11625870317220688
0.11636784672737122
0.11652711778879166
0.11666080355644226
0.11679983884096146
0.11694827675819397
0.11711376905441284
0.11727721244096756
0.11758112907409668
0.11781754344701767
0.11786087602376938
0.11813035607337952
0.11829828470945358
0.11892247945070267
0.11912353336811066
0.11924400925636292
0.11940191686153412
0.11946243792772293
0.11949823796749115
0.11948154866695404
0.11943335831165314
0.11932620406150818
0.11922215670347214
0.11895959079265594
0.11877915263175964
0.11866121739149094
0.11848943680524826
0.11828620731830597
0.11803459376096725
0.11784269660711288
0.11755672097206116
0.11734383553266525
0.1171477660536766
0.11696191132068634
0.11679466813802719
0.11661709100008011
0.1165032759308815
0.11635072529315948
0.11625459045171738
0.11615558713674545
0.11608398705720901
0.1159842386841774
0.1159580871462822
0.11590603739023209
0.11589906364679337
0.11584284156560898
0.11590292304754257
0.11594364047050476
0.11607078462839127
0.11618734896183014
0.11632712930440903
0.11651205271482468
0.11672867089509964
0.1168714389204979
0.11701377481222153
0.1171630248427391
0.11730050295591354
0.1174280196428299
0.11752882599830627
0.11761648952960968
0.11765764653682709
0.11768336594104767
0.11765671521425247
0.11754769086837769
0.11744365096092224
0.11725330352783203
0.11707212030887604
0.11674940586090088
0.11647395044565201
0.11617327481508255
0.11587104201316833
0.1155017539858818
0.1151372641324997
0.11468497663736343
0.11424340307712555
0.11374995857477188
0.11333714425563812
0.11291910707950592
0.11261220276355743
0.11224964261054993
0.11213233321905136
0.11192069947719574
0.11177083104848862
0.11162450909614563
0.11154456436634064
0.11155708134174347
0.11160968989133835
0.11173883080482483
0.11190880835056305
0.112128846347332
0.11243612319231033
0.11270890384912491
0.11300938576459885
0.11330856382846832
0.11363333463668823
0.11391682177782059
0.11420024931430817
0.11440914869308472
0.11463205516338348
0.11480215936899185
0.11492880433797836
0.11508452147245407
0.1151060089468956
0.11508913338184357
0.11496404558420181
0.11488284915685654
0.1146838515996933
0.1145143136382103
0.1142481341958046
0.1140129566192627
0.11373818665742874
0.11349492520093918
0.11319437623023987
0.11294762045145035
0.11296773701906204
0.11273448914289474
0.11254377663135529
0.11238905042409897
0.11228369921445847
0.11213438957929611
0.11210799217224121
0.11205986142158508
0.11214061826467514
0.11214833706617355
0.11234976351261139
0.11248369514942169
0.11262839287519455
0.11274028569459915
0.1128731518983841
0.11299469321966171
0.11311990767717361
0.1132109984755516
0.11332718282938004
0.11338247358798981
0.11344872415065765
0.11345787346363068
0.11345768719911575
0.11342394351959229
0.11338727176189423
0.11332736909389496
0.11326541751623154
0.11318384855985641
0.11311579495668411
0.11300459504127502
0.11293517053127289
0.11283355206251144
0.1127801313996315
0.11271326243877411
0.11269918829202652
0.11272023618221283
0.11281095445156097
0.11291573941707611
0.11309188604354858
0.11339517682790756
0.1136828362941742
0.1139877438545227
0.11432739347219467
0.11459357291460037
0.11485359072685242
0.11509759724140167
0.11532959342002869
0.11552504450082779
0.11569739133119583
0.11583773046731949
0.11597620695829391
0.11609669029712677
0.11620079725980759
0.11626411974430084
0.11630813777446747
0.1162131205201149
0.11612464487552643
0.11595211178064346
0.1158016175031662
0.11558438092470169
0.11528140306472778
0.11500009149312973
0.11463827639818192
0.11431500315666199
0.11398008465766907
0.11369255185127258
0.11342032998800278
0.11321815848350525
0.11288243532180786
0.11277272552251816
0.11264128237962723
0.11260012537240982
0.11255479604005814
0.1126943975687027
0.11268804222345352
0.11274171620607376
0.11285796016454697
0.11302881687879562
0.11324810981750488
0.11350058764219284
0.11376751214265823
0.11404801160097122
0.11430858820676804
0.11459438502788544
0.11482102423906326
0.1150616705417633
0.11518016457557678
0.11546327918767929
0.11554646492004395
0.11565093696117401
0.11566022038459778
0.11565056443214417
0.11553886532783508
0.11531303077936172
0.11505339294672012
0.11468304693698883
0.11479144543409348
0.11441773921251297
0.11399490386247635
0.11360681056976318
0.11323260515928268
0.11293211579322815
0.11267291009426117
0.11244745552539825
0.1122833862900734
0.11208900064229965
0.11197680234909058
0.11186672002077103
0.1117420643568039
0.1122502014040947
0.11213414371013641
0.11203695088624954
0.11196821182966232
0.1119486540555954
0.11195556819438934
0.11204298585653305
0.11203750967979431
0.11218532174825668
0.11229005455970764
0.11243157833814621
0.112617127597332
0.11272484064102173
0.11288012564182281
0.11288342624902725
0.11296194046735764
0.11290372908115387
0.11297607421875
0.11289581656455994
0.11282540112733841
0.11273088306188583
0.11262957751750946
0.11252640932798386
0.11241009831428528
0.11230131983757019
0.11216676980257034
0.11204485595226288
0.11185719072818756
0.11175395548343658
0.11178141832351685
0.11183253675699234
0.11189747601747513
0.11204354465007782
0.11216384172439575
0.11232522875070572
0.11246096342802048
0.11264900118112564
0.11280322819948196
0.11298435926437378
0.1131390854716301
0.11330968886613846
0.11345252394676208
0.11361254006624222
0.11375294625759125
0.11390704661607742
0.114089734852314
0.1141931489109993
0.11428829282522202
0.11433611065149307
0.11437558382749557
0.11437826603651047
0.11435404419898987
0.11441518366336823
0.11438069492578506
0.11429725587368011
0.11423953622579575
0.11408742517232895
0.11393401026725769
0.11373171210289001
0.11352842301130295
0.11333677172660828
0.11317314207553864
0.11303249001502991
0.11295472085475922
0.1128765195608139
0.11294886469841003
0.11288429796695709
0.11285503208637238
0.11286082863807678
0.11288654059171677
0.1129336729645729
0.11299226433038712
0.11306069046258926
0.1131366565823555
0.11320850998163223
0.113296739757061
0.11337307095527649
0.1134493425488472
0.11350444704294205
0.11355724930763245
0.11360064893960953
0.11361820250749588
0.11364622414112091
0.11361359804868698
0.11361459642648697
0.11350513249635696
0.11346721649169922
0.11338415741920471
0.11323752254247665
0.11315073072910309
0.11303454637527466
0.11294158548116684
0.11279083788394928
0.11259066313505173
0.11263107508420944
0.11246009171009064
0.11225481331348419
0.11201222985982895
0.11180881410837173
0.11152208596467972
0.11133143305778503
0.11123418062925339
0.1109074130654335
0.11082123965024948
0.1107514426112175
0.11059702932834625
0.1105576753616333
0.1105177029967308
0.11046172678470612
0.11046403646469116
0.11038688570261002
0.11039610207080841
0.1102697104215622
0.11024106293916702
0.11019075661897659
0.1101423129439354
0.1100841611623764
0.11002401262521744
0.10998142510652542
0.10988996177911758
0.10988803207874298
0.10983971506357193
0.10977532714605331
0.1097346693277359
0.10967981815338135
0.1095978170633316
0.10956799238920212
0.10951793193817139
0.10955622047185898
0.1095348671078682
0.10954887419939041
0.10960192233324051
0.10965472459793091
0.10976873338222504
0.1098925769329071
0.11007089912891388
0.1102292388677597
0.11041397601366043
0.1105710044503212
0.11075916141271591
0.11092528700828552
0.11112932115793228
0.11131325364112854
0.11153771728277206
0.11173266172409058
0.11194759607315063
0.11213146150112152
0.11237504333257675
0.11254221946001053
0.11268984526395798
0.11278124898672104
0.11287757754325867
0.11292614042758942
0.11299842596054077
0.11301910132169724
0.11303173750638962
0.11303317546844482
0.11312395334243774
0.11319730430841446
0.11328683793544769
0.11330128461122513
0.11339274793863297
0.11349305510520935
0.1135946735739708
0.11369342356920242
0.11380469053983688
0.11389652639627457
0.11399010568857193
0.11407684534788132
0.11417185515165329
0.11426182836294174
0.11436960846185684
0.1144476905465126
0.11450895667076111
0.11456555128097534
0.11458373814821243
0.11458373814821243
0.11454189568758011
0.11446455866098404
0.11439196020364761
0.11423586308956146
0.11414570361375809
0.11379627883434296
0.11351397633552551
0.11322301626205444
0.1129426434636116
0.1126815676689148
0.11243163794279099
0.11220742762088776
0.1119895651936531
0.11176535487174988
0.11160651594400406
0.11148279905319214
0.11135908216238022
0.11123336851596832
0.11109843850135803
0.11097360402345657
0.11073743551969528
0.11064484715461731
0.11056596040725708
0.11043701320886612
0.11056938767433167
0.11051926016807556
0.11045406758785248
0.1104833334684372
0.11054865270853043
0.11102765053510666
0.11112359911203384
0.11128062754869461
0.11150060594081879
0.11175975203514099
0.11205301433801651
0.11237884312868118
0.11262378841638565
0.11296574026346207
0.11323583871126175
0.11378420144319534
0.11401999741792679
0.1142173707485199
0.11444656550884247
0.11456729471683502
0.11444326490163803
0.11441755294799805
0.11429744213819504
0.11427241563796997
0.11409060657024384
0.11381315439939499
0.11349155753850937
0.11314966529607773
0.11279569566249847
0.11246320605278015
0.1120893731713295
0.11177226155996323
0.11150496453046799
0.11125902086496353
0.11098755151033401
0.11071676015853882
0.11048377305269241
0.11028464883565903
0.11013098061084747
0.1100119948387146
0.10995564609766006
0.10989867895841599
0.10990235209465027
0.10987358540296555
0.1099107563495636
0.11004450172185898
0.1102060079574585
0.11025986820459366
0.11043178290128708
0.11057274788618088
0.11074104905128479
0.11081383377313614
0.1109376773238182
0.11097702383995056
0.11109451949596405
0.1111602708697319
0.11121443659067154
0.11123909801244736
0.11124084144830704
0.11123374104499817
0.11123772710561752
0.1112418994307518
0.11122477799654007
0.11131375283002853
0.11130808293819427
0.11132433265447617
0.11124575883150101
0.11122950911521912
0.11122652143239975
0.11115080863237381
0.11117041856050491
0.11116674542427063
0.11121749132871628
0.11119787395000458
0.1112266406416893
0.11128485947847366
0.11129500716924667
0.11127682775259018
0.11120204627513885
0.11117471754550934
0.11106301099061966
0.11098287999629974
0.11080430448055267
0.11067572981119156
0.11048950254917145
0.1103215143084526
0.11005763709545135
0.10988342016935349
0.10973535478115082
0.10960117727518082
0.10939477384090424
0.10926725715398788
0.10920380800962448
0.1091531291604042
0.1091618463397026
0.10920200496912003
0.10928450524806976
0.10937503725290298
0.10955740511417389
0.10966362804174423
0.10979002714157104
0.10977476835250854
0.10987377166748047
0.11001672595739365
0.11017326265573502
0.11027786135673523
0.11031005531549454
0.11044927686452866
0.11023303121328354
0.1102447360754013
0.11020302027463913
0.11012880504131317
0.11003434658050537
0.10986854135990143
0.10970976948738098
0.10953056812286377
0.10933250933885574
