0.9845278263092041
0.9315134882926941
0.9453045725822449
0.9563486576080322
0.9651896953582764
0.9722619652748108
0.9779170155525208
0.9824382662773132
0.9860526919364929
0.9889422059059143
0.9912521839141846
0.9930988550186157
0.994575023651123
0.9957548379898071
0.9966973662376404
0.9974498152732849
0.9980496764183044
0.9985267519950867
0.9989041090011597
0.999199390411377
0.9994246363639832
0.9995858073234558
0.9996823668479919
0.9997157454490662
0.9997037649154663
0.9996712803840637
0.9996342658996582
0.999599277973175
0.9995685815811157
0.9995425343513489
0.9995207786560059
0.9995027184486389
0.9994877576828003
0.9994751811027527
0.9994645714759827
0.9994553327560425
0.999447226524353
0.9994397163391113
0.9994325041770935
0.9994253516197205
0.9994179010391235
0.9994097352027893
0.9994006752967834
0.9993903040885925
0.9993782639503479
0.9993640184402466
0.9993470907211304
0.9993266463279724
0.9993018507957458
0.9992716312408447
0.9992344379425049
0.9991884231567383
0.99913090467453
0.9990584254264832
0.9989660382270813
0.9988466501235962
0.9986898303031921
0.9984793066978455
0.9981885552406311
0.9977717399597168
0.9971433877944946
0.9961280226707458
0.9943315982818604
0.9908672571182251
0.9848915934562683
0.9791914820671082
0.9744626879692078
0.9685855507850647
0.9613090753555298
0.9539490342140198
0.9467921257019043
0.940832793712616
0.935391902923584
0.9331546425819397
0.9331685304641724
0.9344079494476318
0.9359462261199951
0.9373877048492432
0.9386289715766907
0.939663827419281
0.9405142068862915
0.9412078857421875
0.9417715072631836
0.9422287344932556
0.9425995349884033
0.9429008960723877
0.943146824836731
0.9433489441871643
0.9435170292854309
0.9436590075492859
0.9437814950942993
0.9438900351524353
0.9439889788627625
0.9440819025039673
0.9441708922386169
0.9442573189735413
0.944340705871582
0.9444186687469482
0.9444867968559265
0.9445384740829468
0.9445651769638062
0.944555938243866
0.9444852471351624
0.944342851638794
0.9442060589790344
0.9441043734550476
0.9440041184425354
0.9439151883125305
0.9438387751579285
0.9437713027000427
0.9437116384506226
0.9436579942703247
0.9436091780662537
0.94356369972229
0.9435201287269592
0.943477213382721
0.9434340000152588
0.9433897137641907
0.9433438777923584
0.9432966113090515
0.9432483315467834
0.943199872970581
0.9431520104408264
0.9431053400039673
0.9430586099624634
0.9430097341537476
0.9429516792297363
0.9428908228874207
0.9427816271781921
0.9426915049552917
0.9425679445266724
0.9424450397491455
0.9422324299812317
0.9419040679931641
0.9412639141082764
0.9403046369552612
0.9397639632225037
0.9385887980461121
0.9366200566291809
0.9346672296524048
0.9312886595726013
0.9275321364402771
0.9227741956710815
0.9182302355766296
0.914268434047699
0.9113518595695496
0.909434974193573
0.9071694612503052
0.9069651365280151
0.9066205024719238
0.9071286916732788
0.9071215391159058
0.9076160788536072
0.9078549742698669
0.9081808924674988
0.908416748046875
0.9086264371871948
0.9087568521499634
0.9088142514228821
0.9087504744529724
0.9086034297943115
0.9079393148422241
0.9076055884361267
0.9074128270149231
0.9069452285766602
0.9081541299819946
0.9075287580490112
0.9071517586708069
0.9067103266716003
0.906243622303009
0.9058184027671814
0.9053345918655396
0.9049597382545471
0.9044876098632812
0.9041932821273804
0.903870701789856
0.9037079215049744
0.9035088419914246
0.9034274816513062
0.9033048152923584
0.903242826461792
0.9031494855880737
0.9030884504318237
0.902992844581604
0.902919590473175
0.9027879238128662
0.9026803374290466
0.9024563431739807
0.9022948145866394
0.9018967747688293
0.9016543030738831
0.9010530710220337
0.9007243514060974
0.8997781276702881
0.8992488980293274
0.8976826667785645
0.898228108882904
0.8966899514198303
0.8958584070205688
0.8917520642280579
0.8903904557228088
0.8869829773902893
0.8836384415626526
0.8806390166282654
0.8764493465423584
0.8732441663742065
0.8669547438621521
0.8624780178070068
0.8594781160354614
0.8533414602279663
0.8521450757980347
0.8448079228401184
0.8382350206375122
0.838874876499176
0.838608980178833
0.8361450433731079
0.8345807790756226
0.8304711580276489
0.8266693949699402
0.8197752833366394
0.8106858730316162
0.8016554713249207
0.79343581199646
0.7818847894668579
0.7759793996810913
0.7719099521636963
0.7654609680175781
0.7617842555046082
0.7571573257446289
0.7541190981864929
0.7513381242752075
0.7485830783843994
0.747186541557312
0.7452496886253357
0.7446503043174744
0.743580162525177
0.7432072758674622
0.7427863478660583
0.742479681968689
0.7423087358474731
0.7419776320457458
0.7413143515586853
0.7402334809303284
0.738639235496521
0.7348847389221191
0.7310969233512878
0.7201170921325684
0.7167033553123474
0.7121443152427673
0.7078070640563965
0.7016966342926025
0.6968812346458435
0.6909783482551575
0.6865406036376953
0.6814736127853394
0.6780121922492981
0.6742381453514099
0.6709539890289307
0.6658570766448975
0.6607412695884705
0.65242600440979
0.6459640264511108
0.6385146379470825
0.6320269107818604
0.624092161655426
0.618578314781189
0.6132937669754028
0.6107537746429443
0.6071701645851135
0.6066856384277344
0.604939877986908
0.6049591302871704
0.6044655442237854
0.6042615175247192
0.6045851707458496
0.6046781539916992
0.6050347685813904
0.6054120063781738
0.605681836605072
0.6058230400085449
0.6059677600860596
0.6056861877441406
0.6060043573379517
0.6052582859992981
0.6050862073898315
0.603556215763092
0.601822018623352
0.5985985398292542
0.5945498943328857
0.5878759026527405
0.5777669548988342
0.5711342096328735
0.5614955425262451
0.5528306365013123
0.5487555265426636
0.5443081259727478
0.5416449904441833
0.5394442677497864
0.537491500377655
0.5361251831054688
0.5342162251472473
0.5326939225196838
0.5303544402122498
0.5279825925827026
0.5246099233627319
0.5207886099815369
0.5158510804176331
0.5100913047790527
0.5038201808929443
0.4963081479072571
0.4891630709171295
0.4821583926677704
0.47571706771850586
0.4691167175769806
0.46122175455093384
0.4538717269897461
0.4457557797431946
0.4374749958515167
0.4293268024921417
0.42003345489501953
0.41204994916915894
0.4055795967578888
0.39995434880256653
0.3972683548927307
0.39361387491226196
0.39347314834594727
0.38635531067848206
0.38548743724823
0.38338178396224976
0.38297414779663086
0.38091468811035156
0.37968578934669495
0.3781748116016388
0.376405268907547
0.37422049045562744
0.3716861605644226
0.36854425072669983
0.3645739257335663
0.3590840995311737
0.35341501235961914
0.3463602066040039
0.34053266048431396
0.33469340205192566
0.32999008893966675
0.32577693462371826
0.32302817702293396
0.320485919713974
0.3189712166786194
0.31784573197364807
0.317444384098053
0.3172789514064789
0.31741538643836975
0.31779295206069946
0.31797856092453003
0.31861141324043274
0.31866440176963806
0.31909313797950745
0.3190341293811798
0.31893593072891235
0.31891489028930664
0.3179401457309723
0.31704452633857727
0.3153650164604187
0.31339773535728455
0.311524897813797
0.30860674381256104
0.3061705529689789
0.30315467715263367
0.3002723455429077
0.2970034182071686
0.2930516302585602
0.2885188162326813
0.2833271622657776
0.27853795886039734
0.27356746792793274
0.2694881856441498
0.2653243839740753
0.2624984681606293
0.2598704397678375
0.2583528161048889
0.2572922706604004
0.2567899823188782
0.257146954536438
0.2577264904975891
0.2593171000480652
0.261148601770401
0.2635551691055298
0.2659246325492859
0.2689194083213806
0.2713099718093872
0.2741292715072632
0.27673619985580444
0.2791493833065033
0.28093817830085754
0.28207871317863464
0.28325170278549194
0.28343844413757324
0.2834222614765167
0.28252676129341125
0.281551718711853
0.27989462018013
0.27789539098739624
0.2748224139213562
0.2710035741329193
0.2664862275123596
0.2610832154750824
0.255636602640152
0.24965514242649078
0.2435017079114914
0.23694294691085815
0.2302275151014328
0.22369222342967987
0.21728330850601196
0.21180370450019836
0.20614340901374817
0.20121993124485016
0.19745831191539764
0.192788764834404
0.1901412308216095
0.18693138659000397
0.18547192215919495
0.18487799167633057
0.1857067197561264
0.1869869977235794
0.1891816109418869
0.19161227345466614
0.1942182183265686
0.19690783321857452
0.1993795931339264
0.20234958827495575
0.20471873879432678
0.20720145106315613
0.20961038768291473
0.2119128555059433
0.21347792446613312
0.21491803228855133
0.21623770892620087
0.2171090990304947
0.21725212037563324
0.2171289026737213
0.21660862863063812
0.21535910665988922
0.21417291462421417
0.21278797090053558
0.21142874658107758
0.21007338166236877
0.20871129631996155
0.2073277235031128
0.20598381757736206
0.20459352433681488
0.20333050191402435
0.20199880003929138
0.2008410543203354
0.19977527856826782
0.19894574582576752
0.19841481745243073
0.1978360116481781
0.1974453628063202
0.19733589887619019
0.19727955758571625
0.19758552312850952
0.19737862050533295
0.19768096506595612
0.19810748100280762
0.1986878365278244
0.19919772446155548
0.19973774254322052
0.20022302865982056
0.20063459873199463
0.20097467303276062
0.2011769711971283
0.20125910639762878
0.20119048655033112
0.20095208287239075
0.20038597285747528
0.19992446899414062
0.19910582900047302
0.19844283163547516
0.197617769241333
0.1969727873802185
0.19627143442630768
0.19581130146980286
0.19533298909664154
0.1950879842042923
0.19476209580898285
0.19475923478603363
0.1943822205066681
0.194375678896904
0.19410040974617004
0.1939174234867096
0.1941281259059906
0.19441360235214233
0.19470930099487305
0.19521425664424896
0.19559425115585327
0.19618351757526398
0.1965523660182953
0.19697308540344238
0.1971970498561859
0.19707843661308289
0.19702090322971344
0.19693200290203094
0.19676214456558228
0.19630593061447144
0.19585245847702026
0.1949000060558319
0.19412463903427124
0.19261255860328674
0.19164913892745972
0.1899581104516983
0.188349649310112
0.18689534068107605
0.18543998897075653
0.1841847449541092
0.18304872512817383
0.18196359276771545
0.18098293244838715
0.17997382581233978
0.17882274091243744
0.17882642149925232
0.17830489575862885
0.1779199093580246
0.17748494446277618
0.1772526353597641
0.17686142027378082
0.17688590288162231
0.17687475681304932
0.17730045318603516
0.17768287658691406
0.17844977974891663
0.17906968295574188
0.17993253469467163
0.1805620938539505
0.18126188218593597
0.18173383176326752
0.18216265738010406
0.1823808252811432
0.18251730501651764
0.1824851781129837
0.1824457049369812
0.1823246031999588
0.1821775883436203
0.18187038600444794
0.1815507858991623
0.18102291226387024
0.18054397404193878
0.17978410422801971
0.17909322679042816
0.17813721299171448
0.17719535529613495
0.17611494660377502
0.17511099576950073
0.17387281358242035
0.1729196161031723
0.17178241908550262
0.1710953414440155
0.1701558381319046
0.16972485184669495
0.1696586012840271
0.1695873737335205
0.17000572383403778
0.1704932451248169
0.1712311953306198
0.1720491647720337
0.17325079441070557
0.1742779016494751
0.17540383338928223
0.17648230493068695
0.17772702872753143
0.1787700653076172
0.17984475195407867
0.18075716495513916
0.1816357672214508
0.1823834329843521
0.1830320507287979
0.1835111677646637
0.18385031819343567
0.18402403593063354
0.1841442734003067
0.1841714084148407
0.18421107530593872
0.18412023782730103
0.1836942881345749
0.18339940905570984
0.1829758882522583
0.1822885423898697
0.18122246861457825
0.1799936145544052
0.17853260040283203
0.17669866979122162
0.17497003078460693
0.17299103736877441
0.17151039838790894
0.1699826866388321
0.16852103173732758
0.16743053495883942
0.16592517495155334
0.16521760821342468
0.1639450639486313
0.16384874284267426
0.1627095490694046
0.16319365799427032
0.16274592280387878
0.16260887682437897
0.16203542053699493
0.1619383543729782
0.16169515252113342
0.16158008575439453
0.16142386198043823
0.16134005784988403
0.16118046641349792
0.16108085215091705
0.16091467440128326
0.16078254580497742
0.16067545115947723
0.16052819788455963
0.16060982644557953
0.16045740246772766
0.16078509390354156
0.16106098890304565
0.16163481771945953
0.16264598071575165
0.1637347936630249
0.16498394310474396
0.16616222262382507
0.16742649674415588
0.16864027082920074
0.16990554332733154
0.17111364006996155
0.1725035011768341
0.1737627387046814
0.17530494928359985
0.1765577644109726
0.17799276113510132
0.17902852594852448
0.17982015013694763
0.1801861971616745
0.17939968407154083
0.17872647941112518
0.1774759739637375
0.17584802210330963
0.17402929067611694
0.17215538024902344
0.17013037204742432
0.16819077730178833
0.16615736484527588
0.16440188884735107
0.16274821758270264
0.1610489785671234
0.15960469841957092
0.15844117105007172
0.15713611245155334
0.1557154357433319
0.1537124663591385
0.15271474421024323
0.15167617797851562
0.15077614784240723
0.14963416755199432
0.14921270310878754
0.14842456579208374
0.147872656583786
0.147452250123024
0.14741656184196472
0.14747871458530426
0.14785273373126984
0.14835894107818604
0.1491643786430359
0.1498827189207077
0.15084388852119446
0.15159983932971954
0.15242601931095123
0.15307064354419708
0.15364515781402588
0.154128760099411
0.15437456965446472
0.15468713641166687
0.15449051558971405
0.15456660091876984
0.1546505242586136
0.1545654833316803
0.15461790561676025
0.15444687008857727
0.15431362390518188
0.1541389673948288
0.15398019552230835
0.15379172563552856
0.1538560390472412
0.15379421412944794
0.15380167961120605
0.1538717895746231
0.15394383668899536
0.15411855280399323
0.1543305516242981
0.15450938045978546
0.15472917258739471
0.1547691375017166
0.15496142208576202
0.15492841601371765
0.15509404242038727
0.15506315231323242
0.15498146414756775
0.1548563688993454
0.1546505242586136
0.1544523388147354
0.15424226224422455
0.15402017533779144
0.15375953912734985
0.15348351001739502
0.15318968892097473
0.15285122394561768
0.152504101395607
0.15204888582229614
0.15160644054412842
0.15113286674022675
0.15064744651317596
0.14966972172260284
0.1490044891834259
0.14822836220264435
0.14758138358592987
0.14683134853839874
0.14626698195934296
0.14543159306049347
0.14495594799518585
0.1445087194442749
0.14425112307071686
0.14422528445720673
0.14416314661502838
0.14444993436336517
0.14455965161323547
0.14478322863578796
0.1449497938156128
0.1451713889837265
0.1453751176595688
0.1456196904182434
0.14592242240905762
0.1463184803724289
0.14678682386875153
0.14736059308052063
0.14787794649600983
0.14912676811218262
0.1494896560907364
0.14994479715824127
0.15028545260429382
0.1508973091840744
0.1513565182685852
0.15200786292552948
0.15252870321273804
0.15313714742660522
0.15365007519721985
0.15423977375030518
0.15477201342582703
0.15526756644248962
0.15577863156795502
0.156067356467247
0.15645569562911987
0.15623153746128082
0.15641546249389648
0.15625637769699097
0.15650954842567444
0.1561993509531021
0.15607433021068573
0.15551748871803284
0.15522311627864838
0.154532790184021
0.15404444932937622
0.15327119827270508
0.15213362872600555
0.15136660635471344
0.1506509929895401
0.15025430917739868
0.1496686041355133
0.1492326259613037
0.14897528290748596
0.14872442185878754
0.14878706634044647
0.14876358211040497
0.1489184945821762
0.1490764021873474
0.1493339240550995
0.14960409700870514
0.1499079465866089
0.1502491533756256
0.15062391757965088
0.151029571890831
0.15137910842895508
0.151824489235878
0.1523655652999878
0.15277159214019775
0.15317624807357788
0.15343837440013885
0.15401282906532288
0.15404632687568665
0.15399526059627533
0.15373891592025757
0.15340270102024078
0.15297606587409973
0.15252850949764252
0.1520511358976364
0.15155133605003357
0.1509128212928772
0.1502150297164917
0.1492820680141449
0.14814195036888123
0.1471780389547348
0.14563649892807007
0.14478585124015808
0.14397510886192322
0.14321990311145782
0.1425100415945053
0.14188048243522644
0.141309455037117
0.14085866510868073
0.1405317187309265
0.14035016298294067
0.1402718871831894
0.14034511148929596
0.1404106169939041
0.14064572751522064
0.14092640578746796
0.14131276309490204
0.1416918933391571
0.14221583306789398
0.14268368482589722
0.14330832660198212
0.14391452074050903
0.144588902592659
0.14518241584300995
0.1457158923149109
0.1462806910276413
0.14676235616207123
0.147161602973938
0.14751282334327698
0.14775528013706207
0.1479582041501999
0.1480756402015686
0.14805664122104645
0.14810071885585785
0.14798273146152496
0.14803291857242584
0.14795222878456116
0.14764949679374695
0.14808516204357147
0.14770148694515228
0.1473609060049057
0.1469254344701767
0.1464339792728424
0.1459149420261383
0.14538103342056274
0.14493964612483978
0.14444389939308167
0.14408917725086212
0.1437443643808365
0.14355021715164185
0.14339593052864075
0.14333122968673706
0.14330241084098816
0.14331510663032532
0.1433887630701065
0.14343403279781342
0.14350657165050507
0.14354966580867767
0.14359331130981445
0.14361672103405
0.14362356066703796
0.1436479091644287
0.14363284409046173
0.14337140321731567
0.14325128495693207
0.14316599071025848
0.1429997980594635
0.14279009401798248
0.14254334568977356
0.1422872543334961
0.14206285774707794
0.14188167452812195
0.14177121222019196
0.14166635274887085
0.14166803658008575
0.14154893159866333
0.1415219008922577
0.14159183204174042
0.14169736206531525
0.14181920886039734
0.142033651471138
0.1422138512134552
0.14259658753871918
0.14289003610610962
0.14318889379501343
0.14351080358028412
0.14387579262256622
0.1442868709564209
0.14471442997455597
0.14521223306655884
0.14571060240268707
0.14598916471004486
0.14622153341770172
0.14639624953269958
0.14647556841373444
0.14653261005878448
0.14638996124267578
0.14628629386425018
0.1460879147052765
0.145868182182312
0.14559659361839294
0.14527873694896698
0.14483915269374847
0.14444831013679504
0.1440337598323822
0.14360208809375763
0.14324399828910828
0.14264246821403503
0.14250224828720093
0.14225269854068756
0.14208054542541504
0.1418486088514328
0.14167606830596924
0.14150266349315643
0.14144127070903778
0.14139282703399658
0.1414293795824051
0.14142446219921112
0.14147353172302246
0.14148716628551483
0.14154301583766937
0.14155696332454681
0.1416098177433014
0.14156068861484528
0.14160658419132233
0.14165596663951874
0.141600102186203
0.1415722817182541
0.14124202728271484
0.14106819033622742
0.14076010882854462
0.14043165743350983
0.13992096483707428
0.13945361971855164
0.13886778056621552
0.13833068311214447
0.13782379031181335
0.13728956878185272
0.13687919080257416
0.13652172684669495
0.13607710599899292
0.13574916124343872
0.13518647849559784
0.13483263552188873
0.13448145985603333
0.13417237997055054
0.13387881219387054
0.1335720270872116
0.13332310318946838
0.13313749432563782
0.13304397463798523
0.13306975364685059
0.13315778970718384
0.133401557803154
0.13368640840053558
0.13411827385425568
0.13453668355941772
0.1350366622209549
0.135483980178833
0.13608793914318085
0.13592548668384552
0.13645529747009277
0.13702009618282318
0.13756994903087616
0.13815216720104218
0.13860303163528442
0.1390550583600998
0.13952821493148804
0.14000359177589417
0.14053963124752045
0.14105984568595886
0.14162787795066833
0.1422657072544098
0.14281624555587769
0.1433144211769104
0.14377231895923615
0.14413593709468842
0.1445610076189041
0.14483989775180817
0.1450277417898178
0.14504922926425934
0.1451365202665329
0.14493988454341888
0.14503471553325653
0.14476698637008667
0.14448019862174988
0.14404496550559998
0.14368857443332672
0.14341722428798676
0.14313778281211853
0.14285865426063538
0.14259682595729828
0.14235550165176392
0.14214497804641724
0.14194387197494507
0.14176684617996216
0.14149980247020721
0.14121930301189423
0.14096476137638092
0.14073912799358368
0.14058950543403625
0.14033713936805725
0.14011816680431366
0.13977502286434174
0.13949035108089447
0.13907548785209656
0.13874442875385284
0.13833753764629364
0.13799650967121124
0.13764652609825134
0.13736236095428467
0.13711273670196533
0.13689374923706055
0.1367301195859909
0.1365681141614914
0.136470228433609
0.1364130824804306
0.1363970786333084
0.13643044233322144
0.13647764921188354
0.13660447299480438
0.13676324486732483
0.13705402612686157
0.13734622299671173
0.13788829743862152
0.13832084834575653
0.13915368914604187
0.13954253494739532
0.14049050211906433
0.14106588065624237
0.1416146159172058
0.14213477075099945
0.14256475865840912
0.14288480579853058
0.14311274886131287
0.143193319439888
0.14317670464515686
0.14304694533348083
0.14287975430488586
0.14258506894111633
0.14225879311561584
0.14186541736125946
0.1414950042963028
0.1409284621477127
0.14025172591209412
0.13985510170459747
0.13883234560489655
0.1384892761707306
0.1381453275680542
0.13781601190567017
0.13757018744945526
0.13740263879299164
0.137326180934906
0.137307807803154
0.13725775480270386
0.13729803264141083
0.13733620941638947
0.1374361366033554
0.13745394349098206
0.13756832480430603
0.13766632974147797
0.1377258598804474
0.13775156438350677
0.13781432807445526
0.13774198293685913
0.13770486414432526
0.1374458521604538
0.13736845552921295
0.13725849986076355
0.13708864152431488
0.13684500753879547
0.13653655350208282
0.1361764669418335
0.13566510379314423
0.13523872196674347
0.13333076238632202
0.1331365555524826
0.13296452164649963
0.13276135921478271
0.1325775533914566
0.1323619931936264
0.13219773769378662
0.13199269771575928
0.13184507191181183
0.1316843032836914
0.1314268410205841
0.13129721581935883
0.13116776943206787
0.13150697946548462
0.13124342262744904
0.13096727430820465
0.13063541054725647
0.13024812936782837
0.12982629239559174
0.1293891966342926
0.12894947826862335
0.12852466106414795
0.1280907392501831
0.1276671588420868
0.12733635306358337
0.12676936388015747
0.12652043998241425
0.12596909701824188
0.12580129504203796
0.12551574409008026
0.12565821409225464
0.12553206086158752
0.12539632618427277
0.12531070411205292
0.12530890107154846
0.12542396783828735
0.12562109529972076
0.12594760954380035
0.12634360790252686
0.12686258554458618
0.1274079531431198
0.12801097333431244
0.12855884432792664
0.1292925626039505
0.13013674318790436
0.13092480599880219
0.1318029910326004
0.13265743851661682
0.13347458839416504
0.1343342661857605
0.1350560337305069
0.13575345277786255
0.13631239533424377
0.1368982344865799
0.13726012408733368
0.13760331273078918
0.13778986036777496
0.13791164755821228
0.1390705108642578
0.1390676498413086
0.13894100487232208
0.13867202401161194
0.13836325705051422
0.1381799429655075
0.13787148892879486
0.13761913776397705
0.13723832368850708
0.13710078597068787
0.13672196865081787
0.13648885488510132
0.1359838843345642
0.13576148450374603
0.13513703644275665
0.13487496972084045
0.13435904681682587
0.13399454951286316
0.13381779193878174
0.13356705009937286
0.1331554800271988
0.13290444016456604
0.1325198858976364
0.1322869062423706
0.132033109664917
0.13192881643772125
0.13181892037391663
0.13179321587085724
0.13177607953548431
0.13187465071678162
0.13190914690494537
0.1319587677717209
0.13193710148334503
0.13209867477416992
0.13213896751403809
0.13238172233104706
0.13220234215259552
0.1324150413274765
0.13263700902462006
0.13284173607826233
0.1330742985010147
0.1332303285598755
0.13333773612976074
0.13334812223911285
0.13513803482055664
0.13486339151859283
0.13460642099380493
0.13433140516281128
0.13408832252025604
0.13383111357688904
0.13360777497291565
0.1333729773759842
0.13317173719406128
0.13296109437942505
0.13278856873512268
0.1325976550579071
0.1324673444032669
0.13219481706619263
0.13230259716510773
0.1321510374546051
0.13199935853481293
0.13184607028961182
0.1316828727722168
0.1315440833568573
0.1314019411802292
0.13128575682640076
0.13116291165351868
0.1310575008392334
0.13092269003391266
0.13081839680671692
0.1305258870124817
0.13033416867256165
0.1302689164876938
0.12966234982013702
0.1295333355665207
0.12946851551532745
0.1293579339981079
0.129422128200531
0.12935569882392883
0.12945382297039032
0.1294705718755722
0.12954871356487274
0.12956315279006958
0.1296517550945282
0.12964317202568054
0.1297212541103363
0.12970736622810364
0.1297001987695694
0.12966452538967133
0.12960444390773773
0.12954822182655334
0.1294504553079605
0.12936528027057648
0.12928882241249084
0.12901268899440765
0.128953218460083
0.12883348762989044
0.1287631243467331
0.12867103517055511
0.1286165565252304
0.12841805815696716
0.1283489465713501
0.1282704919576645
0.12817734479904175
0.12812192738056183
0.12789852917194366
0.12786142528057098
0.1277187168598175
0.12767158448696136
0.12756523489952087
0.12742507457733154
0.12745676934719086
0.12739089131355286
0.1273365318775177
0.12729239463806152
0.12752874195575714
0.1277439296245575
0.12871605157852173
0.12908945977687836
0.12957891821861267
0.13012614846229553
0.13079212605953217
0.1312265396118164
0.13202521204948425
0.13232718408107758
0.13260039687156677
0.13289254903793335
0.13314184546470642
0.13337384164333344
0.1335563361644745
0.13372302055358887
0.13386952877044678
0.13396236300468445
0.13409292697906494
0.13412150740623474
0.13428762555122375
0.13434503972530365
0.13451719284057617
0.13457131385803223
0.1347813904285431
0.1348353624343872
0.1350306272506714
0.1351809948682785
0.13535097241401672
0.13553117215633392
0.13572704792022705
0.13593463599681854
0.1364838033914566
0.13667744398117065
0.13701584935188293
0.13736459612846375
0.13781726360321045
0.13834743201732635
0.1388566941022873
0.13923302292823792
0.13980652391910553
0.13963237404823303
0.13994382321834564
0.1402454972267151
0.1402599960565567
0.14037083089351654
0.140226811170578
0.1400565207004547
0.13956718146800995
0.1390608549118042
0.13833442330360413
0.13752922415733337
0.13660384714603424
0.13558664917945862
0.13454453647136688
0.13344638049602509
0.13239629566669464
0.13132323324680328
0.13028286397457123
0.12916237115859985
0.1282467097043991
0.12750066816806793
0.12679128348827362
0.1261948049068451
0.12577283382415771
0.12540218234062195
0.12514707446098328
0.12507429718971252
0.12511980533599854
0.12528754770755768
0.12550491094589233
0.12582464516162872
0.1262838989496231
0.12683947384357452
0.12738054990768433
0.12811732292175293
0.12858940660953522
0.1289084553718567
0.12939417362213135
0.12975512444972992
0.13025441765785217
0.13050813972949982
0.13087400794029236
0.1310647875070572
0.13127504289150238
0.13141974806785583
0.13145853579044342
0.1315317004919052
0.1314159482717514
0.13134005665779114
0.1311439871788025
0.13096167147159576
0.1307578831911087
0.13057725131511688
0.13036425411701202
0.13019414246082306
0.13004234433174133
0.12992236018180847
0.1297270953655243
0.12960673868656158
0.12914828956127167
0.129111185669899
0.12913820147514343
0.1292150467634201
0.12934555113315582
0.12951421737670898
0.12970973551273346
0.12990835309028625
0.13010597229003906
0.1302623152732849
0.13057588040828705
0.13062357902526855
0.13077451288700104
0.1308092474937439
0.130760058760643
0.13069380819797516
0.1304718405008316
0.13029009103775024
0.12991875410079956
0.12967075407505035
0.1291414499282837
0.12906211614608765
0.12846195697784424
0.12838561832904816
0.12802031636238098
0.12765058875083923
0.12723180651664734
0.12673860788345337
0.12646222114562988
0.12592345476150513
0.1254923939704895
0.12510722875595093
0.12468483299016953
0.12433098256587982
0.12398131191730499
0.12373723834753036
0.12337379902601242
0.12323980778455734
0.12280252575874329
0.12272388488054276
0.12247882038354874
0.12245634198188782
0.12232577055692673
0.1221916526556015
0.12217646092176437
0.12212229520082474
0.12211444973945618
0.12204757332801819
0.12197130173444748
0.12191034853458405
0.12178893387317657
0.12177890539169312
0.12138284742832184
0.12156359851360321
0.12147536873817444
0.12172672897577286
0.12189148366451263
0.12214340269565582
0.12242956459522247
0.12276653945446014
0.12305395305156708
0.12337435781955719
0.1236487552523613
0.12389059364795685
0.12411150336265564
0.12430962920188904
0.12458284199237823
0.1248546913266182
0.12498805671930313
0.1250658929347992
0.12511968612670898
0.12517011165618896
0.12513624131679535
0.1251116544008255
0.12502148747444153
0.12459579855203629
0.12436990439891815
0.1240970566868782
0.12376662343740463
0.12341532856225967
0.12283216416835785
0.12249457091093063
0.12209271639585495
0.1218138337135315
0.12124854326248169
0.12103597074747086
0.12081219255924225
0.12062378227710724
0.12050510942935944
0.12040604650974274
0.12037970870733261
0.12037616223096848
0.12042485177516937
0.1204887330532074
0.12058885395526886
0.12068405747413635
0.12082365155220032
0.1209421381354332
0.12109412997961044
0.12123727053403854
0.1213972270488739
0.12155357003211975
0.12240882962942123
0.12245714664459229
0.12251679599285126
0.12260159850120544
0.1227136179804802
0.12285538762807846
0.12302830070257187
0.12323277443647385
0.12346744537353516
0.12372671067714691
0.12400117516517639
0.12427470088005066
0.12454093992710114
0.1247992143034935
0.12501956522464752
0.12534545361995697
0.1255442053079605
0.1258217692375183
0.12596292793750763
0.12618009746074677
0.1262853890657425
0.12641820311546326
0.12650083005428314
0.1265651434659958
0.12661103904247284
0.12663985788822174
0.12665735185146332
0.1266733556985855
0.1266731172800064
0.12676195800304413
0.12632523477077484
0.12652012705802917
0.12663494050502777
0.1268550455570221
0.12701089680194855
0.1272450089454651
0.12743553519248962
0.12764972448349
0.12784554064273834
0.1280381828546524
0.12820492684841156
0.1283608376979828
0.12848399579524994
0.12859363853931427
0.12867116928100586
0.12870272994041443
0.12867408990859985
0.12857913970947266
0.12844215333461761
0.12821277976036072
0.1277514547109604
0.12753179669380188
0.12724687159061432
0.12689906358718872
0.1265171319246292
0.12606877088546753
0.1256873458623886
0.12488482147455215
0.124537393450737
0.12416430562734604
0.12371949106454849
0.1232917383313179
0.12281342595815659
0.1223483756184578
0.12184851616621017
0.12134542316198349
0.12075646966695786
0.12008967995643616
0.11938229948282242
0.1187942773103714
0.11817257106304169
0.11751599609851837
0.1169566810131073
0.11643995344638824
0.11605148762464523
0.11571469902992249
0.11550518125295639
0.11528787761926651
0.11520220339298248
0.11513246595859528
0.11506815254688263
0.11506129801273346
0.11503010243177414
0.11505825072526932
0.11503147333860397
0.11531621217727661
0.11534030735492706
0.11535948514938354
0.11540966480970383
0.11546844244003296
0.11555897444486618
0.11564826220273972
0.1157730370759964
0.11587241291999817
0.11604239791631699
0.11612171679735184
0.11631803959608078
0.11640937626361847
0.11660108715295792
0.11671572178602219
0.11685986071825027
0.11716028302907944
0.1170867532491684
0.11728375405073166
0.11747901141643524
0.1177263855934143
0.11802220344543457
0.11825171113014221
0.11843650788068771
0.11856415122747421
0.11868824064731598
0.11876090615987778
0.11883693188428879
0.1187785267829895
0.11883170157670975
0.11859191954135895
0.11865586787462234
0.11851035803556442
0.11833937466144562
0.11814797669649124
0.11795414984226227
0.1177007332444191
0.11755659431219101
0.11738517880439758
0.11725492775440216
0.11711613833904266
0.117110475897789
0.1170046254992485
0.1170647069811821
0.11700325459241867
0.1171673834323883
0.11734190583229065
0.11733101308345795
0.11736519634723663
0.1174144446849823
0.11746687442064285
0.11750753223896027
0.11758137494325638
0.11759326606988907
0.11759239435195923
0.11752235144376755
0.11743853986263275
0.11727970838546753
0.11707834154367447
0.11688775569200516
0.116655632853508
0.11642569303512573
0.11611947417259216
0.11581046134233475
0.11548314243555069
0.11518016457557678
0.11486255377531052
0.11460297554731369
0.11396719515323639
0.11382205784320831
0.11368433386087418
0.11355681717395782
0.11345233768224716
0.11335738003253937
0.11331024765968323
0.11324331164360046
0.1132378950715065
0.11320707947015762
0.11322438716888428
0.11322170495986938
0.11325452476739883
0.11330632865428925
0.11333534121513367
0.11368320882320404
0.11370494216680527
0.11394627392292023
0.11406625807285309
0.11425653845071793
0.11441923677921295
0.11460596323013306
0.11479674279689789
0.1149626150727272
0.1151275485754013
0.11524466425180435
0.11538849771022797
0.1154932901263237
0.11552710086107254
0.11550312489271164
0.11548668891191483
0.11537716537714005
0.11527884751558304
0.11510886996984482
0.11487363278865814
0.11473702639341354
0.11451997607946396
0.11437191069126129
0.11411121487617493
0.11395175755023956
0.11381078511476517
0.11368756741285324
0.11362237483263016
0.11353632807731628
0.11360220611095428
0.11334486305713654
0.1133965477347374
0.11343701928853989
0.11350980401039124
0.1136249303817749
0.1134534552693367
0.11356192082166672
0.11371850967407227
0.11392000317573547
0.1141534298658371
0.11429595202207565
0.11445902287960052
0.11465615034103394
0.11485458165407181
0.11504828929901123
0.11522617191076279
0.11538949608802795
0.1155376210808754
0.11567652970552444
0.11580697447061539
0.11594077944755554
0.1161312460899353
0.11635147035121918
0.11656485497951508
0.1167762354016304
0.11704584211111069
0.11723063886165619
0.11742988973855972
0.11761593073606491
0.11789736896753311
0.11803347617387772
0.11816441267728806
0.11786573380231857
0.1178586408495903
0.11787083745002747
0.11792401224374771
0.11789294332265854
0.11790365725755692
0.11802413314580917
0.11812599748373032
0.11825968325138092
0.1183694526553154
0.11847224831581116
0.1185559332370758
0.11859297752380371
0.11930882930755615
0.11924806237220764
0.11918212473392487
0.11909563839435577
0.11900336295366287
0.11889901012182236
0.11878661811351776
0.11866377294063568
0.11853021383285522
0.11838103085756302
0.11821242421865463
0.1180216446518898
0.11747926473617554
0.11731656640768051
0.11715050786733627
0.11705835908651352
0.11685127019882202
0.11671347916126251
0.11652089655399323
0.11635539680719376
0.11618037521839142
0.11598896980285645
0.11581388860940933
0.11560162901878357
0.11543438583612442
0.11521266400814056
0.11505476385354996
0.11479605734348297
0.11452943831682205
0.11443068832159042
0.11423081904649734
0.11406171321868896
0.11340028047561646
0.1132580116391182
0.11309661716222763
0.11287209391593933
0.11265348643064499
0.11278343200683594
0.11266817897558212
0.11263642460107803
0.11263243854045868
0.11268013715744019
0.11273691803216934
0.11278660595417023
0.11289208382368088
0.11294245719909668
0.11298821866512299
0.11304599791765213
0.11308441311120987
0.11311573535203934
0.11306031793355942
0.11304768174886703
0.1131260097026825
0.11298634856939316
0.11302115768194199
0.11294718831777573
0.1129148080945015
0.1128356084227562
0.11256855726242065
0.1125229224562645
0.11215593665838242
0.11181404441595078
0.11158820986747742
0.1113763228058815
0.1117880791425705
0.11157930642366409
0.11135658621788025
0.11114383488893509
0.1109035536646843
0.11069627851247787
0.11051595956087112
0.11037879437208176
0.11025363951921463
0.11010962724685669
0.11004144698381424
0.10997482389211655
0.10971368849277496
0.10958816856145859
0.10950828343629837
0.10940853506326675
0.10938182473182678
0.10936395078897476
0.10933057963848114
0.10933642834424973
0.1093059852719307
0.10928898304700851
0.10926488786935806
0.10921769589185715
0.10925019532442093
0.10886316001415253
0.10890743136405945
0.10893688350915909
0.10894522815942764
0.1089334562420845
0.1088835820555687
0.10887318849563599
0.10881882905960083
0.10892094671726227
0.10889025032520294
0.10880544036626816
0.10874218493700027
0.10863228887319565
0.1086081936955452
0.10846959054470062
0.10842619091272354
0.10832545161247253
0.10829351097345352
0.10819295048713684
0.10817907005548477
0.10818517208099365
0.10817769914865494
0.10824394971132278
0.10831156373023987
0.10847476124763489
0.10850171744823456
0.10873128473758698
0.10897119343280792
0.1092597246170044
0.1095501184463501
0.10988286137580872
0.11018209904432297
0.11045089364051819
0.11069982498884201
0.1108725443482399
0.11106176674365997
0.11116058379411697
0.11131194233894348
0.11138703674077988
0.11147519946098328
0.1114993616938591
0.11159331351518631
0.1116253212094307
0.11161604523658752
0.11154699325561523
0.11157762259244919
0.11143025010824203
0.11125615984201431
0.11101550608873367
0.11076296120882034
0.11046266555786133
0.11017686873674393
0.10984201729297638
0.10956606268882751
0.10910194367170334
0.1089160218834877
0.10876622051000595
0.10863900929689407
0.10856086760759354
0.10851672291755676
0.10850800573825836
0.10855115950107574
0.1085113063454628
0.10860127955675125
0.10868608206510544
0.10880693793296814
0.10893134027719498
0.10910256952047348
0.10918575525283813
0.10935517400503159
0.10948885232210159
0.10966618359088898
0.10962241142988205
0.10975098609924316
0.10969052463769913
0.10981256514787674
0.1099320501089096
0.1099548414349556
0.10991847515106201
0.10985153913497925
0.1097499281167984
0.1096399649977684
0.10951737314462662
0.10940591990947723
0.10927777737379074
0.10919371992349625
0.10901670902967453
0.1089315265417099
0.10880070924758911
0.10871752351522446
0.10864642262458801
0.10857082903385162
0.10851255059242249
0.10845551639795303
0.10841068625450134
0.10839761048555374
0.10835433751344681
0.10835377871990204
0.10802004486322403
0.10801836103200912
0.10796818137168884
0.10795902460813522
0.10750836133956909
0.1074819564819336
0.10744628310203552
0.10735394060611725
0.10727686434984207
0.10704411566257477
0.1068916916847229
0.10664301365613937
0.10637041926383972
0.10606122016906738
0.10580624639987946
0.10553116351366043
0.10516131669282913
0.10475130379199982
0.104378841817379
0.10410817712545395
0.1034763902425766
0.10325105488300323
0.1030425950884819
0.10290106385946274
0.1027299016714096
0.1027413010597229
0.10272348672151566
0.10281644761562347
0.1029064878821373
0.10303667932748795
0.10318754613399506
0.10335846245288849
0.1035550907254219
0.10377674549818039
0.10405276715755463
0.10433688014745712
0.1046488806605339
0.10497327893972397
0.10533752292394638
0.10568738728761673
0.1060967668890953
0.10647670179605484
0.1068854033946991
0.1072574332356453
0.10764141380786896
0.10795965045690536
0.10831000655889511
0.10856647044420242
0.10880737006664276
0.10902155935764313
0.1091718077659607
0.10933742672204971
0.10941208153963089
0.10948866605758667
0.1095627024769783
0.10964177548885345
0.10975328832864761
0.10982514172792435
0.10995938628911972
0.11008110642433167
0.11021392047405243
0.11036136001348495
0.11050120741128922
0.11066209524869919
0.1107977032661438
0.11095654219388962
0.11107895523309708
0.11119899898767471
0.11131244152784348
0.11132396012544632
0.1114402711391449
0.11149077117443085
0.1114773154258728
0.11142221838235855
0.11150228977203369
0.11147227883338928
0.11134301871061325
0.11123959720134735
0.11108175665140152
0.11097316443920135
0.11083095520734787
0.11073338985443115
0.11063762754201889
0.11056216061115265
0.11048395931720734
0.11042667180299759
0.110366091132164
0.11032748967409134
0.11028633266687393
0.1102190837264061
0.11018988490104675
0.11024268716573715
0.1101921871304512
0.11018228530883789
0.10995228588581085
0.10994835942983627
0.10993298143148422
0.10989176481962204
0.1098220944404602
0.10949202626943588
0.10941638052463531
0.10938767343759537
0.10911757498979568
0.10907093435525894
0.10889410972595215
0.10878963023424149
0.10854604840278625
0.10842177271842957
0.1082671731710434
0.10805541276931763
0.10781706124544144
0.10750437527894974
0.10722050815820694
0.10686585307121277
0.10663802921772003
0.1063452661037445
0.10624414682388306
0.10603245347738266
0.10599714517593384
0.10593196004629135
0.10592684894800186
0.10599751770496368
0.10612310469150543
0.10629682242870331
0.10651182383298874
0.10674767941236496
0.10702107846736908
0.10729647427797318
0.10760094225406647
0.10789433121681213
0.1082310602068901
0.10850757360458374
0.10886970162391663
0.1091095432639122
0.10929994285106659
0.10947272926568985
0.1096339300274849
0.1097901463508606
0.10986075550317764
0.10990919917821884
0.10987557470798492
0.1098266988992691
0.1097017377614975
0.10956861078739166
0.1093941479921341
0.10923456400632858
0.10906022787094116
0.10891266167163849
0.10876765102148056
0.10863882303237915
0.10856354981660843
0.10850296169519424
0.10842544585466385
0.10841305553913116
0.10837775468826294
0.10832700878381729
0.10828696936368942
0.10817844420671463
0.10814525932073593
0.10802073031663895
0.10794153064489365
0.10783649235963821
0.10772192478179932
0.10752672702074051
0.1073186993598938
0.10711802542209625
0.10690464824438095
0.10669506341218948
0.10649146139621735
0.10630510747432709
0.1061241626739502
0.10596850514411926
0.10583451390266418
0.10571634024381638
0.105625681579113
0.10548757761716843
0.10541772097349167
0.10547693073749542
0.10545936971902847
0.10549218952655792
0.10548620671033859
0.10557805001735687
0.10564323514699936
0.10581757873296738
0.10595493018627167
0.10614066570997238
0.10627727210521698
0.1064431443810463
0.10654912143945694
0.10667296499013901
0.10676019638776779
0.10684667527675629
0.10691890120506287
0.10697033256292343
0.10701597481966019
0.10705115646123886
0.10701043158769608
0.10702083259820938
0.10699181258678436
0.1070738211274147
0.1070297360420227
0.10692301392555237
0.10692905634641647
0.10689356178045273
0.10694586485624313
0.1069132387638092
0.10688335448503494
0.10693260282278061
0.10691678524017334
0.10700184106826782
0.10700514167547226
0.10702917724847794
0.1070210188627243
0.10704199969768524
0.10697463154792786
0.10696404427289963
0.10695657134056091
0.10694536566734314
0.10697021335363388
0.10694717615842819
0.10693179070949554
0.1068921908736229
0.10684182494878769
0.10678011924028397
0.10670982301235199
0.10663765668869019
0.1065286323428154
0.10651063919067383
0.10642857849597931
0.10639239847660065
0.10628767311573029
0.10624819993972778
0.10618805140256882
0.10614383965730667
0.10616002976894379
0.10618910938501358
0.10625460743904114
0.10632801800966263
0.10639894008636475
0.10649706423282623
0.10659444332122803
0.10671748220920563
0.10679462552070618
0.10686616599559784
0.10689561814069748
0.1069355309009552
0.10692401230335236
0.10690663754940033
0.10684841871261597
0.10678192228078842
0.10667476803064346
0.10657209157943726
0.10637004673480988
0.10622789710760117
0.106073297560215
0.10590456426143646
0.1057148426771164
0.10552163422107697
0.10535121709108353
0.10517986863851547
0.10502228140830994
0.10485329478979111
0.10473822802305222
0.10455280542373657
0.1044841930270195
0.10442927479743958
0.10436340421438217
0.10433220863342285
0.10462316870689392
0.10456687957048416
0.10458182543516159
0.10450131446123123
0.10458014160394669
0.10460130870342255
0.1047259047627449
0.10479824990034103
0.10493896901607513
0.10503759980201721
0.10518696904182434
0.10530321300029755
0.10539455711841583
0.10548004508018494
0.10554392635822296
0.10562817007303238
0.10568153113126755
0.1057557463645935
0.10579398274421692
0.10587087273597717
0.10591365396976471
0.10599590092897415
0.10605399310588837
0.106095090508461
0.10612659156322479
0.10615405440330505
0.10621027648448944
0.10626351088285446
0.10634183883666992
0.10640734434127808
0.10648984462022781
0.10666044801473618
0.10649606585502625
0.10667725652456284
0.10688428580760956
0.10710619390010834
0.10727542638778687
0.10745064169168472
0.10763338208198547
0.1078045517206192
0.10799532383680344
0.10817035287618637
0.10821399837732315
0.10827277600765228
0.10826754570007324
0.10833124071359634
0.1082959994673729
0.10815839469432831
0.10804414004087448
0.10791120678186417
0.10773854702711105
0.10753463208675385
0.10731539875268936
0.10707525163888931
0.10681573301553726
0.10657134652137756
0.10637596249580383
0.10620012879371643
0.10603319853544235
0.10587660223245621
0.10573308914899826
0.10558103770017624
0.10543160140514374
0.10538428276777267
0.10531292855739594
0.10439907759428024
0.10442821681499481
0.10448786616325378
0.10458618402481079
0.10471120476722717
0.10485497862100601
0.1050017923116684
0.1052238866686821
0.10536777973175049
0.10547742992639542
0.10557518154382706
0.10562256723642349
0.1056678295135498
0.10558272153139114
0.1055733785033226
0.10550183802843094
0.10547357052564621
0.10524014383554459
0.10519848763942719
0.10437460988759995
0.10427878051996231
0.10418794304132462
0.10394430160522461
0.10377693921327591
0.1036083847284317
0.10344768315553665
0.10332309454679489
0.10322608798742294
0.10316245257854462
0.10313107073307037
0.10315448045730591
0.10320672392845154
0.10333498567342758
0.10346680134534836
0.10364916920661926
0.10386329889297485
0.10413078218698502
0.10436439514160156
0.1045927181839943
0.10483013093471527
0.10501399636268616
0.10520626604557037
0.10537712275981903
0.10553134977817535
0.1056768000125885
0.10576558858156204
0.10587292909622192
0.10594870895147324
0.10598979890346527
0.10601426661014557
0.1060156375169754
0.10601209104061127
0.10599154233932495
0.1059456542134285
0.10590331256389618
0.10589752346277237
0.10580088943243027
0.10574659705162048
0.10565488040447235
0.10554205626249313
0.1054544523358345
0.10531037300825119
0.10523734241724014
0.10512003302574158
0.10499127209186554
0.10490217059850693
0.1047729104757309
0.10470722615718842
0.10459931939840317
0.10453525185585022
0.10446028411388397
0.10444353520870209
0.10438276827335358
0.10431838780641556
0.10408706963062286
0.10403028875589371
0.10397917032241821
0.10390987247228622
0.10380663722753525
0.103709377348423
0.10357445478439331
0.10346779227256775
0.10330366343259811
0.10320858657360077
0.10307042300701141
0.10298506170511246
0.10288076847791672
0.10279746353626251
0.10266577452421188
0.10258202999830246
0.1024705097079277
0.10238427668809891
0.10226099193096161
0.10214126110076904
0.10205178707838058
0.10199132561683655
0.101990707218647
0.1020110622048378
0.10205689072608948
0.1019710898399353
0.10207924246788025
0.10218845307826996
0.10244791209697723
0.10257654637098312
0.10270580649375916
0.10278214514255524
0.10291071981191635
0.10298001766204834
0.1031370460987091
0.10320635139942169
0.10324352234601974
0.10325273126363754
0.10328903794288635
0.10326419025659561
0.10330161452293396
0.1031876653432846
0.10313798487186432
0.10290256142616272
0.1027926653623581
0.10264652967453003
0.10246390849351883
0.10231316834688187
0.10213770717382431
0.10215035080909729
0.10205826163291931
0.10195241123437881
0.10202962160110474
0.10196592658758163
0.10194326192140579
0.10194133222103119
0.10204605758190155
0.10213422030210495
0.10230656713247299
0.10253327339887619
0.10285947471857071
0.10323940962553024
0.1036900132894516
0.10413962602615356
0.10461270809173584
0.10505110770463943
0.10549193620681763
0.10589995235204697
0.10629234462976456
0.10658535361289978
0.10691902786493301
0.1071617379784584
0.10732704401016235
0.10750231891870499
0.10758170485496521
0.10761607438325882
0.10750188678503036
0.10738084465265274
0.10729292780160904
0.10711397975683212
0.10690277814865112
0.10669407248497009
0.1064537912607193
0.10619645565748215
0.1059318333864212
0.10569523274898529
0.1054636687040329
0.10529020428657532
0.10514108091592789
0.1050453782081604
0.10497116297483444
0.10494214296340942
0.10491026937961578
0.1049308106303215
0.10496256500482559
0.10497956722974777
0.10502085089683533
0.1050715297460556
0.10511025786399841
0.10518229752779007
0.10521100461483002
0.10528073459863663
0.10527805984020233
0.10529256612062454
0.10526841133832932
0.1052456796169281
0.10519281774759293
0.10511075705289841
0.1049841120839119
0.10494077205657959
