0.0006024760659784079
0.000607841182500124
0.0006068093935027719
0.0006060528103262186
0.0006052961689420044
0.0006047459319233894
0.0006044707843102515
0.000604058091994375
0.0006039204890839756
0.0006036453414708376
0.0006035077967680991
0.0006033702520653605
0.0006032326491549611
0.0006032326491549611
0.0006030951044522226
0.0006030951044522226
0.0006030951044522226
0.0006028887582942843
0.0006028887582942843
0.0006028887582942843
0.0006028887582942843
0.0006028887582942843
0.0006027511553838849
0.0006028887582942843
0.0006028887582942843
0.0006027511553838849
0.0006027511553838849
0.0006027511553838849
0.0006027511553838849
0.0006027511553838849
0.0006027511553838849
0.0006027511553838849
0.0006027511553838849
0.0006027511553838849
0.0006027511553838849
0.0006027511553838849
0.0006027511553838849
0.0006027511553838849
0.0006027511553838849
0.0006027511553838849
0.0006027511553838849
0.0006027511553838849
0.0006027511553838849
0.0006026136106811464
0.0006026136106811464
0.0006026136106811464
0.0006026136106811464
0.0006024760659784079
0.0006024760659784079
0.0006023384630680084
0.0006022009183652699
0.0006020633154548705
0.000601650623138994
0.0006012379308231175
0.0006007564370520413
0.0006001373985782266
0.0005991056677885354
0.000598142680246383
0.0005969045450910926
0.0005953913205303252
0.0005937404930591583
0.0005915394285693765
0.0005899574025534093
0.0005881002871319652
0.0005860367673449218
0.0005834917537868023
0.0005809467402286828
0.0005788832786493003
0.0005770261050201952
0.0005751689313910902
0.0005734493606723845
0.0005720736808143556
0.0005709731485694647
0.0005700101610273123
0.0005695974687114358
0.0005697350134141743
0.0005707668024115264
0.0005726927192881703
0.0005758567713201046
0.0005802589002996683
0.0005860367673449218
0.0005927775637246668
0.000600550090894103
0.0006085290224291384
0.0006163015495985746
0.0006229048012755811
0.0006287514115683734
0.0006320530083030462
0.000627788424026221
0.0006250370643101633
0.000618365069385618
0.0006149258697405457
0.000611073977779597
0.0006085290224291384
0.0006061903550289571
0.0006044707843102515
0.0006030951044522226
0.0006018569692969322
0.0006008940399624407
0.0006002062000334263
0.0005995183601044118
0.0005989680648781359
0.0005985553725622594
0.000598142680246383
0.000597867532633245
0.0005974548403173685
0.0005971796927042305
0.0005969045450910926
0.0005966981989331543
0.0005963543080724776
0.0005960103590041399
0.0005956664681434631
0.0005951849743723869
0.000594634679146111
0.000593809294514358
0.0005929151084274054
0.0005916770314797759
0.0005899574025534093
0.000587618793360889
0.0005845922860316932
0.0005803965032100677
0.0005746186361648142
0.0005670524551533163
0.0005572164081968367
0.0005447665462270379
0.000529359036590904
0.0005112001090310514
0.0004902211367152631
0.0004664219741243869
0.0004398027085699141
0.0003969504905398935
0.00035299771116115153
0.0003208757552783936
0.0002772669249679893
0.00022162093955557793
0.00015889025235082954
6.974662392167374e-05
3.989451943198219e-05
0.0001942450471688062
0.00038642657455056906
0.0004913216689601541
0.0005477242521010339
0.0005613433895632625
0.00032981764525175095
0.00032410857966169715
0.0002807748969644308
0.0002289807889610529
0.00010984749678755179
2.0497529476415366e-05
8.536051609553397e-05
0.0001717527920845896
0.0002527111500967294
0.00031950007542036474
0.0003783788997679949
0.00042638988816179335
0.00047164951683953404
0.0005056974478065968
0.0005486872396431863
0.0005744810914620757
0.0005993807571940124
0.0006160952034406364
0.0006316403159871697
0.0006340477266348898
0.0006414076196961105
0.0006395504460670054
0.0006364551954902709
0.0006335662328638136
0.0006263440009206533
0.0006201534415595233
0.0006120369653217494
0.0006044707843102515
0.0005960103590041399
0.0005876875366084278
0.0005784705281257629
0.0005689784302376211
0.0005588671774603426
0.0005485496367327869
0.0005377506022341549
0.0005271579138934612
0.000516152533236891
0.000509136647451669
0.0004966867854818702
0.0004984063562005758
0.0004927660920657218
0.0004918031627312303
0.00045589805813506246
0.00046201981604099274
0.000471787090646103
0.0004878136969637126
0.0005065228324383497
0.0005276394076645374
0.0005486184381879866
0.0005679466412402689
0.0005852801259607077
0.0005982802249491215
0.0006060528103262186
0.0006077035795897245
0.0006114867283031344
0.0006081163301132619
0.0006068781949579716
0.0006013755337335169
0.0005990368663333356
0.0005924336146563292
0.0005922272684983909
0.0005852801259607077
0.0005805340479128063
0.0005747562390752137
0.0005689784302376211
0.0005638196016661823
0.0005546025931835175
0.0005475867073982954
0.0005495126242749393
0.0005477242521010339
0.000546623719856143
0.0005472427583299577
0.0005482745473273098
0.0005504756118170917
0.0005490311305038631
0.0005539148114621639
0.00055797299137339
0.0005631318199448287
0.0005695974687114358
0.0005800525541417301
0.0005950474296696484
0.0006020633154548705
0.0006273069302551448
0.0006470478256233037
0.0006785507430322468
0.000713011366315186
0.0007543503306806087
0.0007495355093851686
0.0008151551010087132
0.0008029803866520524
0.0007998851360753179
0.0008070386247709394
0.000780694477725774
0.00076776318019256
0.000744307937566191
0.0007899114862084389
0.0006282699177972972
0.0007756733102723956
0.0006958842277526855
0.0007788373623043299
0.0006789634935557842
0.0007020747871138155
0.0006775878136977553
0.000682540237903595
0.0006730480818077922
0.0006610797136090696
0.0006602543289773166
0.0006442277226597071
0.0006097670993767679
0.0006063278997316957
0.0005543275037780404
0.0005195917328819633
0.0004826549265999347
0.0004325804184190929
0.00041407759999856353
0.0003735640493687242
0.0003820244164671749
0.0003311245236545801
0.00034233625046908855
0.00033759017242118716
0.000339240999892354
0.0003302991099189967
0.00033958491985686123
0.000325621833326295
0.00033470126800239086
0.0003200503415428102
0.00032713505788706243
0.00030608728411607444
0.0003099391469731927
0.0002845579874701798
0.0002725896192714572
0.0002569757343735546
0.00022450985852628946
0.00020545677398331463
0.00018564709171187133
0.00015641404024790972
0.00014499595272354782
0.00011995869863312691
0.00011253006232436746
8.322822395712137e-05
7.793187978677452e-05
3.9275466406252235e-05
3.0883860745234415e-05
6.052961907698773e-06
2.730711094045546e-05
1.987847645068541e-05
3.549236498656683e-05
2.2079553673393093e-05
1.2174707080703229e-05
1.7195914551848546e-05
5.502692511072382e-05
8.73552417033352e-05
8.460389835818205e-06
3.494209886412136e-05
7.758796709822491e-05
0.0001339905575150624
4.470937710721046e-05
0.00010214372741756961
9.340820543002337e-05
2.6481708118808456e-05
2.730711094045546e-05
3.2672236557118595e-05
0.00017959412070922554
0.00019706517923623323
0.0002497534442227334
0.0003603575751185417
0.00040348494076170027
0.0004889830015599728
0.0005268140230327845
0.0005817721830680966
0.0006229735445231199
0.0006493864930234849
0.0006788258906453848
0.0007000112673267722
0.0007216781377792358
0.0007359163137152791
0.0007445830851793289
0.0007137680076994002
0.0007013869471848011
0.0006577781168743968
0.000594909826759249
0.0005691159749403596
0.0005171155207790434
0.00046999871847219765
0.0004329243383836001
0.0003381404676474631
0.000356505683157593
0.00020545677398331463
0.00020132976351305842
0.00014478959201369435
0.00011933964560739696
8.928118768380955e-05
8.618592255515978e-05
8.075201185420156e-05
9.086320642381907e-05
8.763037476455793e-05
0.00013137678615748882
0.00010152467439183965
0.00020470016170293093
0.00019809692457783967
0.00020387476251926273
0.00019878476450685412
0.00021646216919180006
0.00021735635527875274
0.0002416369825368747
0.00023345173394773155
0.00028063732315786183
0.00027836745721288025
0.00031358469277620316
0.00032548425951972604
0.0003506590728648007
0.00037081268965266645
0.00038064876571297646
0.00040052723488770425
0.0004027282993774861
0.00042240042239427567
0.00042432636837475
0.00044509905274026096
0.0004544536059256643
0.0004684166924562305
0.0004715807444881648
0.0004942793748341501
0.0004714431706815958
0.0005004698759876192
0.0004880200431216508
0.0005204171175137162
0.0005144329625181854
0.0005334860179573298
0.0005336236208677292
0.0005255758878774941
0.0005349993007257581
0.0004977185162715614
0.0005140202702023089
0.00047749612713232636
0.0004703426384367049
0.0004451678250916302
0.00041951151797547936
0.0003981197951361537
0.00037046876968815923
0.0003455690748523921
0.0003248652210459113
0.00029212419758550823
0.00028923526406288147
0.00023627185146324337
0.0002463830460328609
0.00019947260443586856
0.00019059951591771096
0.00016762576706241816
0.00013378421135712415
0.00014939809625502676
0.0001089533107005991
0.000122159777674824
9.932360262610018e-05
0.00010468872642377391
0.00013481597125064582
0.00012284760305192322
0.0001263555750483647
0.00012484233593568206
0.00012271004379726946
0.0001264243619516492
0.00010647709859767929
0.00011885815911227837
0.00010572047904133797
0.00011762005306081846
0.00011583167361095548
0.00012793760106433183
0.00013075773313175887
0.00014155676763039082
0.00014389540592674166
0.00014733459101989865
0.00012917570711579174
0.00014733459101989865
0.00014719701721332967
0.00015957807772792876
0.00016508076805621386
0.00017120252596214414
0.000183583571924828
0.0001784935884643346
0.00020064192358404398
0.00017904385458678007
0.0001946577540365979
0.00014169432688504457
0.0001569643063703552
0.00012271004379726946
0.0001106729032471776
8.742402860661969e-05
7.731282676104456e-05
5.5783544667065144e-05
4.801099203177728e-05
2.4830900656525046e-05
2.998967465828173e-05
2.8201297936902847e-06
1.7195914097101195e-06
1.3894298717787024e-05
3.0883860745234415e-05
3.0539944418706e-05
6.733919872203842e-05
4.842369526159018e-05
8.928118768380955e-05
7.903241930762306e-05
0.00010819669114425778
0.00010496385948499665
0.00013137678615748882
0.0001268370688194409
0.00015173674910329282
0.00014300121983978897
0.00015751457249280065
0.00014554621884599328
0.00014733459101989865
0.00012731854803860188
0.0001271809742320329
8.467268344247714e-05
9.3270638899412e-05
4.6635319449706e-05
4.3815187382278964e-05
1.3825514542986639e-05
2.579387182777282e-05
4.759828880196437e-05
6.183650839375332e-05
8.570443606004119e-05
9.40960380830802e-05
0.00011706977966241539
0.00011817031918326393
0.00013839271559845656
0.0001277312549063936
0.00015710186562500894
0.00015510714729316533
0.00016212307673413306
0.00016480563499499112
0.0001645305019337684
0.0001670067140366882
0.0001671442878432572
0.00016721307474654168
0.00016686915478203446
0.00016680036787874997
0.00016521834186278284
0.00016473686264362186
0.0001623294228920713
0.0001615728106116876
0.00015875267854426056
0.00015710186562500894
0.000156482812599279
0.00015324998821597546
0.00015256214828696102
0.00014960445696488023
0.0001487790432292968
0.00014423932589124888
0.0001453398581361398
0.00014341392670758069
0.0001446520327590406
0.00014293243293650448
0.00014685311180073768
0.00014478959201369435
0.00015276849444489926
0.00014960445696488023
0.00016377388965338469
0.00015469444042537361
0.00017202792514581233
0.00016638766101095825
0.00016459928883705288
0.00016907023382373154
0.00016865752695593983
0.00017030832532327622
0.00017085860599763691
0.00016879508621059358
0.00017058347293641418
0.0001670067140366882
0.000173403590451926
0.00016480563499499112
0.00016666279407218099
0.0001624669966986403
0.00016129767755046487
0.00015992199769243598
0.00015999078459572047
0.00015840875857975334
0.00015806483861524612
0.0001568955194670707
0.00015579498722217977
0.0001542817335575819
0.00016384266200475395
0.00015785849245730788
0.0001683136069914326
0.00016535591566935182
0.00016735063400119543
0.00017374751041643322
0.0001658373948885128
0.00017354116425849497
0.00015765214629936963
0.00016315483662765473
0.000163223608979024
0.00016666279407218099
0.00016948292613960803
0.00016996441991068423
0.00017546711023896933
0.00017374751041643322
0.00017986925377044827
0.00017794332234188914
0.0001873666769824922
0.0001873666769824922
0.00018812330381479114
0.00019259423424955457
0.00019403870101086795
0.00017581103020347655
0.00018117614672519267
0.00017746182857081294
0.000176361296325922
0.00017140887212008238
0.0001637051027501002
0.0001716840051813051
0.00013626042346004397
0.00015338754747062922
0.0001251174689969048
0.00012002747826045379
0.00012353544298093766
0.00011328668188070878
0.00011087925668107346
0.00010915966413449496
0.00010042413487099111
0.00010482629295438528
9.842940926318988e-05
0.00010269400081597269
0.0001022125143208541
0.00010365696653025225
0.00011122316936962306
0.00010998506331816316
0.00011658830044325441
0.00011961477866861969
0.00012449841597117484
0.00012436085671652108
0.0001314455730607733
0.00013509110431186855
0.0001419694599462673
0.0001598532107891515
0.00016336118278559297
0.00017319724429398775
0.00017876872152555734
0.00019369478104636073
0.00019864720525220037
0.00020889595907647163
0.00021398595708888024
0.00021811296755913645
0.0002212770195910707
0.0002225839125458151
0.00022272147180046886
0.0002221712056780234
0.0002212770195910707
0.00022581673692911863
0.00022629823070019484
0.00022719241678714752
0.00022395957785192877
0.00022581673692911863
0.00022547283151652664
0.00022313417866826057
0.0002221712056780234
0.00022031404660083354
0.00021852567442692816
0.00021721878147218376
0.00021735635527875274
0.00021570554235950112
0.00021316054335329682
0.00021274785103742033
0.0002060758270090446
0.0002064197469735518
0.00019850963144563138
0.00019830328528769314
0.00019252544734627008
0.00018832964997272938
0.0001887423568405211
0.00017966290761251003
0.0001826893858378753
0.0001747104834066704
0.0001792502007447183
0.0001717527920845896
0.00017649885558057576
0.0001742977910907939
0.00017360995116177946
0.0001729908981360495
0.0001751919771777466
0.00017526074952911586
0.00017904385458678007
0.0001802131737349555
0.00018241425277665257
0.000183583571924828
0.00018440898566041142
0.00018509682558942586
0.0001853719586506486
0.00018468411872163415
0.000183583571924828
0.0001805570936994627
0.0001806258806027472
0.0001751919771777466
0.0001759485894581303
0.00016308604972437024
0.00015723943943157792
0.0001569643063703552
0.0001496732293162495
0.00016342996968887746
0.00015036106924526393
0.0001454086450394243
0.00015304364205803722
0.00013963082164991647
0.00014595891116186976
0.00014238216681405902
0.00014554621884599328
0.00014788485714234412
0.00015703309327363968
0.00015084256301634014
0.000162879703566432
0.0001590278116054833
0.00016776334086898714
0.0001738162973197177
0.00018124493362847716
0.00019094343588221818
0.00020064192358404398
0.00021006529277656227
0.00022058917966205627
0.0002276738960063085
0.00023867929121479392
0.00024480102001689374
0.0002489280595909804
0.00026660546427592635
0.0002669493551366031
0.0002697007148526609
0.0002701822086237371
0.00026908167637884617
0.0002667430089786649
0.0002623408508952707
0.000257938721915707
0.0002505788579583168
0.0002442507538944483
0.00023400200007017702
0.0002280866028741002
0.0002167373022530228
0.00021061555889900774
0.00020174247038085014
0.00019314450037200004
0.00019101220823358744
0.000183583571924828
0.00017030832532327622
0.00017244063201360404
0.0001615728106116876
0.00016005957149900496
0.0001407313538948074
0.00014155676763039082
0.00014059379464015365
0.00014231337991077453
0.0001441705389879644
0.00014719701721332967
0.00015022350999061018
0.00015380025433842093
0.0001577209186507389
0.00016171036986634135
0.00016611252794973552
0.00017099616525229067
0.00017608616326469928
0.00018234546587336808
0.00018805451691150665
0.00019610220624599606
0.00020064192358404398
0.00021061555889900774
0.0002107531181536615
0.00021935107361059636
0.0002162558084819466
0.00022065796656534076
0.00021708122221753
0.00020958379900548607
0.00020738271996378899
0.000189980462891981
0.00019059951591771096
0.0001700331922620535
0.00016886387311387807
0.00014946688315831125
0.00014086892770137638
0.00012449841597117484
0.00011796397302532569
0.0001081279042409733
0.00010097440826939419
9.07256398932077e-05
8.281552436528727e-05
7.54556676838547e-05
6.816460518166423e-05
6.369366747094318e-05
5.475179204950109e-05
5.46830051462166e-05
3.968816963606514e-05
6.183650839375332e-05
5.041842086939141e-05
4.567234645946883e-05
4.3402487790444866e-05
4.099505895283073e-05
4.5190863602329046e-05
4.429667387739755e-05
5.2550713007804006e-05
5.0005717639578506e-05
5.819097350467928e-05
6.046083217370324e-05
6.575717270607129e-05
7.229162292787805e-05
7.903241930762306e-05
4.044478919240646e-05
5.461422188091092e-05
6.665136606898159e-05
7.71752602304332e-05
8.873091428540647e-05
9.767278970684856e-05
0.00010627074516378343
0.00011397451453376561
0.00011603802704485133
0.00012037139822496101
0.00012078409781679511
0.00012202220386825502
0.00012326030991971493
0.0001191332921735011
0.00016728184709791094
0.00016005957149900496
0.00015324998821597546
0.0001458901388105005
0.00013963082164991647
0.00013426569057628512
0.00013013868010602891
0.0001271809742320329
0.00012497990974225104
0.0001233978837262839
0.00012236612383276224
0.00012133437121519819
0.00012030261132167652
0.0001174824865302071
0.00012477354903239757
0.00012002747826045379
0.00011933964560739696
0.00011720735346898437
0.00011775761959142983
0.00011651951353996992
0.00011734491999959573
0.00011693221313180402
0.00011803275265265256
0.0001183078857138753
0.00011933964560739696
0.00012030261132167652
0.00012649314885493368
0.00011686343350447714
0.0001233978837262839
0.00011094803630840033
0.00011521262058522552
0.00015593254647683352
0.00016336118278559297
0.00016735063400119543
0.00017450413724873215
0.0001828269596444443
0.0001874354638857767
0.0001929381542140618
0.00019541436631698161
0.00019850963144563138
0.00020077949739061296
0.00020243029575794935
0.00020476894860621542
0.00020580069394782186
0.00020752029377035797
0.00020807055989280343
0.0002082081336993724
0.0002124039310729131
0.0002119912242051214
0.0002112346119247377
0.00020848326676059514
0.0002086208260152489
0.00020463137479964644
0.00020325570949353278
0.00019954139133915305
0.00019816571148112416
0.00019458896713331342
0.00019245667499490082
0.00019114978204015642
0.00018936140986625105
0.00018771059694699943
0.0001869539701147005
0.00018516559794079512
0.00018509682558942586
0.00018372114573139697
0.00018138250743504614
0.00017897506768349558
0.0001772554824128747
0.00018262061348650604
0.00018048830679617822
0.0001771866955095902
0.00017395387112628669
0.00017017076606862247
0.00016597496869508177
0.00016893266001716256
0.00016549347492400557
0.0001644617150304839
0.00015359390818048269
0.0001560701202834025
0.00015847754548303783
0.00016054105071816593
0.0001623982097953558
0.00016391144890803844
0.00016508076805621386
0.00016597496869508177
0.00016666279407218099
0.00016618131485302
0.00016659402172081172
0.00015634525334462523
0.00015579498722217977
0.00015861510473769158
0.00015159917529672384
0.00015324998821597546
0.00015070498920977116
0.00014891661703586578
0.0001458901388105005
0.00013591650349553674
0.00013220218534115702
0.00013261489220894873
0.00012745612184517086
0.0001242920698132366
0.00012243491073604673
0.00011927085870411247
0.0001505674299551174
0.00014437689969781786
0.00013894298172090203
0.00013488474360201508
0.00013137678615748882
0.00012862544099334627
0.00012580530892591923
0.0001238105760421604
0.00012195342424092814
0.00012078409781679511
0.00012002747826045379
0.0001192020790767856
0.00011988991172984242
0.00011975234519923106
0.00011988991172984242
0.00011995869863312691
0.0001204401851282455
0.0001208528847200796
0.00012154071737313643
0.00012181585771031678
0.0001229163899552077
0.0001212655843119137
0.00012387936294544488
0.00012174707080703229
0.00012780002725776285
0.0001255301758646965
0.00012835030793212354
0.00012436085671652108
0.00012525504280347377
0.0001174824865302071
0.00011933964560739696
0.0001174824865302071
0.00012442962906789035
0.00012470476212911308
0.00010118076170329005
0.00010290034697391093
0.00010338183346902952
0.00010468872642377391
0.00010620196553645656
0.00010778399155242369
0.00010964115062961355
0.00011142952280351892
0.00011369938147254288
0.00011528140748851001
0.00011796397302532569
0.00011878937220899388
0.0001233978837262839
0.00012092166434740648
0.00012436085671652108
0.00012663070810958743
0.00012780002725776285
0.00012938205327372998
0.00013295881217345595
0.00013405934441834688
0.000135641370434314
0.0001352974504698068
0.00013846150250174105
0.0001377736625727266
0.00014155676763039082
0.00014169432688504457
0.0001365355565212667
0.000135641370434314
0.00014265729987528175
0.0001398371678078547
0.0001365355565212667
0.00014052500773686916
0.00013825514179188758
0.00013075773313175887
0.00012862544099334627
0.00012663070810958743
0.00013426569057628512
0.00013405934441834688
0.00013117042544763535
0.00013282123836688697
0.0001352974504698068
0.0001421070337528363
0.00014004352851770818
0.00014568377810064703
0.00015022350999061018
0.00015455688117071986
0.00015792727936059237
0.00016102254448924214
0.00016308604972437024
0.0001656998210819438
0.00016611252794973552
0.0001674882078077644
0.00016762576706241816
0.0001674882078077644
0.0001670755009399727
0.0001658373948885128
0.00016342996968887746
0.00016198550292756408
0.00015868389164097607
0.0001556574134156108
0.00014623405877500772
0.00014389540592674166
0.00013804879563394934
0.00013295881217345595
0.00013295881217345595
0.00012690584117081016
0.0001220909907715395
0.00013034502626396716
0.000125942868180573
0.00011906450527021661
0.00011858302605105564
0.00011197978892596439
0.00011081046977778897
0.00010647709859767929
0.00010688979818951339
0.0001042760195559822
0.00010606439900584519
0.00010441359336255118
0.00010709615162340924
0.00011514384095789865
0.00011521262058522552
0.0001183078857138753
0.00012257246999070048
0.00012663070810958743
0.00013117042544763535
0.00013509110431186855
0.00013887419481761754
0.00014224460755940527
0.00014485837891697884
0.00014850391016807407
0.00015084256301634014
0.0001501547230873257
0.00015118648298084736
0.00014650919183623046
0.00014382661902345717
0.00013942447549197823
0.00013619163655675948
0.00013034502626396716
0.0001242232829099521
0.0001195459917653352
0.00011369938147254288
0.00010620196553645656
0.00010028656834037974
9.382090502185747e-05
9.168861288344488e-05
8.336579048773274e-05
8.336579048773274e-05
7.999539229786023e-05
7.779431325616315e-05
7.67625606385991e-05
7.745039329165593e-05
7.793187978677452e-05
8.01329588284716e-05
8.515416266163811e-05
8.996902033686638e-05
9.505901107331738e-05
0.00010097440826939419
0.00010757763811852783
0.00011115438974229619
0.00011810153955593705
0.00012078409781679511
0.0001242232829099521
0.000125942868180573
0.00012821273412555456
0.00012835030793212354
0.00012030261132167652
0.00012449841597117484
0.00012367301678750664
0.00012883178715128452
0.0001276624680031091
0.00012621801579371095
0.00012408570910338312
0.00012305396376177669
0.00012112801778130233
0.00011988991172984242
0.00011638194700935856
0.00011583167361095548
0.0001141120883403346
0.00011479992099339142
0.0001141120883403346
0.00011369938147254288
0.00011156708933413029
0.00011101682321168482
0.00010922844376182184
0.00011081046977778897
0.00010929723066510633
0.00011032898328267038
0.00011032898328267038
0.00011287398228887469
0.00011431843449827284
0.00011665708007058129
0.00012154071737313643
0.00012174707080703229
0.00012442962906789035
0.0001233978837262839
0.00012312275066506118
0.0001229851768584922
0.00011906450527021661
0.00011803275265265256
0.00011019141675205901
0.0001081279042409733
0.00010351939999964088
0.00010310670040780678
9.91860288195312e-05
9.629711712477729e-05
9.320185199612752e-05
9.003780724015087e-05
8.85933477547951e-05
8.398484351346269e-05
9.134469291893765e-05
8.763037476455793e-05
8.501659613102674e-05
8.288430399261415e-05
8.075201185420156e-05
7.903241930762306e-05
7.84133662818931e-05
7.745039329165593e-05
7.916998583823442e-05
7.875728624640033e-05
8.604835602454841e-05
8.769916166784242e-05
8.804308163234964e-05
8.900605462258682e-05
9.03129403013736e-05
9.141347982222214e-05
9.526536450721323e-05
9.6709823992569e-05
9.863576269708574e-05
0.00010124954133061692
0.00010248764738207683
0.00010565169213805348
0.00010764642502181232
0.00010984749678755179
0.00011184222239535302
0.0001123924957937561
0.00011438722140155733
0.00011142952280351892
0.00011342424841132015
0.00011686343350447714
0.0001153501943917945
0.00012271004379726946
0.0001229163899552077
0.00012312275066506118
0.00012312275066506118
0.00012174707080703229
0.00012057775165885687
0.00011803275265265256
0.00011452478793216869
0.00011356181494193152
0.00010922844376182184
0.00010757763811852783
0.00010228129394818097
0.00010166224092245102
9.774157661013305e-05
9.6709823992569e-05
9.437117842026055e-05
9.450874495087191e-05
9.258279897039756e-05
9.223888628184795e-05
9.086320642381907e-05
9.141347982222214e-05
9.07256398932077e-05
9.382090502185747e-05
9.258279897039756e-05
9.464631148148328e-05
9.567806409904733e-05
9.822306310525164e-05
9.595319716027007e-05
9.856697579380125e-05
0.00010510142601560801
0.00010647709859767929
0.00011686343350447714
0.00011679464660119265
0.00011885815911227837
0.00011885815911227837
0.00011927085870411247
0.00011947721213800833
0.00011651951353996992
0.00011596924741752446
0.0001123924957937561
0.00011115438974229619
0.00010778399155242369
0.0001042760195559822
0.00010255643428536132
9.774157661013305e-05
9.622833749745041e-05
9.272036550100893e-05
9.07256398932077e-05
9.148225944954902e-05
8.632348908577114e-05
8.501659613102674e-05
8.027052535908297e-05
8.061444532359019e-05
7.263554289238527e-05
7.229162292787805e-05
7.270432251971215e-05
7.215405639726669e-05
7.999539229786023e-05
8.020174573175609e-05
8.075201185420156e-05
8.212768443627283e-05
8.164619794115424e-05
8.425997657468542e-05
8.721767517272383e-05
8.886848081601784e-05
9.127591329161078e-05
9.313307236880064e-05
9.485266491537914e-05
9.595319716027007e-05
0.00010097440826939419
0.00010028656834037974
0.00011259884195169434
0.00011142952280351892
0.00011005385022144765
0.00010984749678755179
0.00010860939073609188
0.00010565169213805348
0.00010235008085146546
0.00010001143527915701
9.636590402806178e-05
9.437117842026055e-05
9.285793930757791e-05
9.093199332710356e-05
8.948753384174779e-05
8.763037476455793e-05
8.831821469357237e-05
8.597956912126392e-05
8.879970118869096e-05
8.687375520821661e-05
8.996902033686638e-05
9.100078023038805e-05
9.609077096683905e-05
9.829184273257852e-05
0.00010578926594462246
0.00010881574416998774
0.0001161755935754627
0.00011755126615753397
0.00012525504280347377
0.00012862544099334627
0.00013344029139261693
0.00013550379662774503
0.00014045622083358467
0.00014086892770137638
0.00014410176663659513
0.00014568377810064703
0.0001475409371778369
0.0001488478301325813
0.00014898540393915027
0.0001487790432292968
0.00014815999020356685
0.0001467843248974532
0.00014492716582026333
0.0001421070337528363
0.00013935568858869374
0.000135778944240883
0.0001330963714281097
0.00012745612184517086
0.00012394814984872937
0.00012099045125069097
0.00011720735346898437
0.00011555654054973274
0.00011197978892596439
0.0001106729032471776
0.00010888453107327223
0.00010716493852669373
0.00010860939073609188
0.00010640831897035241
0.00010778399155242369
0.00010819669114425778
0.00010888453107327223
0.00011046654981328174
0.0001102602036553435
0.00011211736273253337
0.00011184222239535302
0.00011342424841132015
0.00011356181494193152
0.00011486870789667591
0.00011486870789667591
0.00011610681394813582
0.00011507505405461416
0.00011624438047874719
0.00011562532745301723
0.0001161755935754627
0.00011603802704485133
0.0001090220976038836
0.00011019141675205901
0.00011005385022144765
0.00011032898328267038
0.00011012262984877452
0.00011005385022144765
0.00010943479719571769
0.00010957236372632906
0.00010867817763937637
0.00010757763811852783
0.00010688979818951339
0.00010496385948499665
0.0001042760195559822
0.0001009056213661097
0.00010606439900584519
0.00010351939999964088
0.00010145589476451278
9.774157661013305e-05
9.939238225342706e-05
9.684739052318037e-05
9.904846228891984e-05
9.464631148148328e-05
9.333941852673888e-05
8.618592255515978e-05
8.85933477547951e-05
8.157741831382737e-05
8.130227797664702e-05
7.84821531851776e-05
7.882607314968482e-05
7.497418846469373e-05
7.855093281250447e-05
7.641864067409188e-05
7.868849934311584e-05
6.933392432983965e-05
7.070959691191092e-05
7.380486204056069e-05
7.318580901483074e-05
8.453511691186577e-05
8.192133100237697e-05
8.467268344247714e-05
8.6529842519667e-05
8.742402860661969e-05
8.749280823394656e-05
9.058807336259633e-05
8.721767517272383e-05
9.265158587368205e-05
9.333941852673888e-05
9.340820543002337e-05
9.547171794110909e-05
9.272036550100893e-05
0.00010186859435634688
9.478387801209465e-05
9.973630221793428e-05
9.87733292276971e-05
9.932360262610018e-05
0.00010028656834037974
0.00010001143527915701
0.00010124954133061692
0.00010083684173878282
0.00010248764738207683
0.00010097440826939419
0.00010413845302537084
9.849819616647437e-05
0.00010131832823390141
0.00010310670040780678
0.00011005385022144765
0.00010578926594462246
0.0001183078857138753
0.0001174824865302071
0.0001229163899552077
0.00012346665607765317
0.00012497990974225104
0.0001262867881450802
0.0001255301758646965
0.00013048260007053614
0.00012793760106433183
0.0001311016530962661
0.00012910692021250725
0.0001284878671867773
0.00012821273412555456
0.00012669949501287192
0.0001264243619516492
0.00012442962906789035
0.00012374180369079113
0.0001233978837262839
0.00010578926594462246
0.00010909087723121047
0.00010847182420548052
0.00011528140748851001
0.00011424965487094596
0.0001195459917653352
0.00012009626516373828
0.00012367301678750664
0.00012312275066506118
0.00012724976113531739
0.0001284878671867773
0.00013013868010602891
0.00013412813132163137
0.00013282123836688697
0.00013749852951150388
0.00013763608876615763
0.0001412128476658836
0.0001407313538948074
0.00014300121983978897
0.00014650919183623046
0.00014602769806515425
0.00014822877710685134
0.00014554621884599328
0.00014864148397464305
0.00014623405877500772
0.00014650919183623046
0.00014472081966232508
0.00014623405877500772
0.00014286366058513522
0.0001412816345691681
0.00013887419481761754
0.00013467839744407684
0.00013405934441834688
0.00013268367911223322
0.00012181585771031678
0.00012105923815397546
0.00011982113210251555
0.0001297259732382372
0.00012663070810958743
0.00012525504280347377
0.00012257246999070048
0.0001233978837262839
0.00012050896475557238
0.00012112801778130233
0.00011810153955593705
0.00011817031918326393
0.00011720735346898437
0.00011858302605105564
0.00012449841597117484
0.0001267682819161564
0.00013034502626396716
0.00012539260205812752
0.0001487790432292968
0.00014650919183623046
0.0001535251212771982
0.00015496957348659635
0.00015785849245730788
0.00015833997167646885
0.00016129767755046487
0.00016294847591780126
0.0001641178096178919
0.00016652523481752723
0.00016342996968887746
0.00016645644791424274
0.0001589590247021988
0.0001603347045602277
0.00016301726282108575
0.0001488478301325813
0.00015414417430292815
0.00014705945795867592
0.00014705945795867592
0.00010874695726670325
0.00011225492926314473
0.00011466235446278006
0.0001178951861220412
0.00011851423914777115
0.00012037139822496101
0.00012002747826045379
0.0001220909907715395
0.00012071531818946823
0.00012188463733764365
0.00012202220386825502
0.00012271004379726946
0.00012154071737313643
0.000122159777674824
0.00012312275066506118
0.0001233978837262839
0.0001242920698132366
0.00012394814984872937
0.00012518625590018928
0.00012436085671652108
0.00012580530892591923
0.0001250486820936203
0.00012608044198714197
0.00012525504280347377
0.00012601165508385748
0.00012436085671652108
0.000125942868180573
0.0001233978837262839
0.00012470476212911308
0.00012257246999070048
0.00012271004379726946
0.00011995869863312691
0.00011858302605105564
0.00011803275265265256
0.00011837667261715978
0.00011569410708034411
0.00011507505405461416
0.00011569410708034411
0.00011383694800315425
0.00011342424841132015
0.00011225492926314473
0.00011074168287450448
0.00011060411634389311
0.00010833425767486915
0.0001077152046491392
0.00010592683247523382
0.0001042760195559822
0.00010269400081597269
0.00010014900180976838
9.987386874854565e-05
9.505901107331738e-05
9.450874495087191e-05
8.983145380625501e-05
8.996902033686638e-05
8.130227797664702e-05
8.254038402810693e-05
7.834458665456623e-05
7.806944631738588e-05
7.380486204056069e-05
7.311702938750386e-05
7.077838381519541e-05
7.098472997313365e-05
6.974662392167374e-05
6.947149086045101e-05
6.960905739106238e-05
6.83021717122756e-05
6.947149086045101e-05
6.802703865105286e-05
6.857730477349833e-05
6.802703865105286e-05
6.809581827837974e-05
6.850851787021384e-05
7.015933078946546e-05
6.905879126861691e-05
7.311702938750386e-05
6.623865920118988e-05
7.153500337153673e-05
6.871487130410969e-05
7.215405639726669e-05
7.153500337153673e-05
7.428634853567928e-05
7.029689732007682e-05
7.497418846469373e-05
7.1259870310314e-05
7.8000666690059e-05
7.139743684092537e-05
7.84133662818931e-05
7.793187978677452e-05
8.873091428540647e-05
8.86621346580796e-05
9.478387801209465e-05
9.959873568732291e-05
0.00010069927520817146
0.00010283156734658405
0.0001077152046491392
0.00011314911535009742
0.00011583167361095548
0.00011844545224448666
0.00012566773511935025
0.00012470476212911308
0.00012724976113531739
0.00012229733692947775
0.0001242920698132366
0.00012436085671652108
0.00013969960855320096
0.00013495353050529957
0.00013213339843787253
0.00012663070810958743
0.00012243491073604673
0.00011762005306081846
0.00011356181494193152
0.00010881574416998774
0.00010510142601560801
9.932360262610018e-05
9.732887701829895e-05
9.1619833256118e-05
9.045050683198497e-05
8.721767517272383e-05
8.604835602454841e-05
8.487902960041538e-05
8.370971045223996e-05
8.439754310529679e-05
8.439754310529679e-05
8.591078949393705e-05
8.728646207600832e-05
8.900605462258682e-05
9.148225944954902e-05
9.313307236880064e-05
9.650347055867314e-05
9.739765664562583e-05
0.00010235008085146546
0.00010283156734658405
0.00010847182420548052
0.00011039777018595487
0.00011191100929863751
0.00011376816837582737
0.00011424965487094596
0.00011514384095789865
0.00011390573490643874
0.00011314911535009742
0.00010688979818951339
0.00010434480645926669
0.00010214372741756961
9.973630221793428e-05
9.760401007952169e-05
9.526536450721323e-05
9.340820543002337e-05
9.141347982222214e-05
9.03129403013736e-05
8.831821469357237e-05
8.85933477547951e-05
8.749280823394656e-05
8.804308163234964e-05
8.6529842519667e-05
9.347698505735025e-05
8.969388727564365e-05
9.87733292276971e-05
0.00010145589476451278
0.0001026252139126882
0.00011858302605105564
0.00012174707080703229
0.00012312275066506118
0.00012780002725776285
0.00012917570711579174
0.0001322709722444415
0.00013412813132163137
0.00013605407730210572
0.00013605407730210572
0.0001379112363792956
0.00014692188415210694
0.0001466467510908842
0.00015297485515475273
0.00014960445696488023
0.00014760972408112139
0.00014313879364635795
0.00013935568858869374
0.0001318582653766498
0.000125942868180573
0.0001208528847200796
0.00011466235446278006
0.00011005385022144765
0.00010351939999964088
9.911724919220433e-05
9.340820543002337e-05
8.914362115319818e-05
8.618592255515978e-05
8.01329588284716e-05
8.267795783467591e-05
7.985782576724887e-05
7.284188905032352e-05
7.043446385068819e-05
6.83021717122756e-05
6.720163219142705e-05
6.0873535403516144e-05
6.231799488887191e-05
6.156137533253059e-05
6.369366747094318e-05
6.513811968034133e-05
7.050325075397268e-05
7.456148159690201e-05
8.18525513750501e-05
8.56356491567567e-05
0.00010964115062961355
0.00011170465586474165
0.00011301154881948605
0.00011720735346898437
0.0001191332921735011
0.00012229733692947775
0.00012030261132167652
0.00012222855002619326
0.00012050896475557238
0.00012188463733764365
0.00011961477866861969
0.00011500627442728728
0.00011308032844681293
0.000108540611108765
0.00010592683247523382
0.0001009056213661097
9.554049756843597e-05
9.155104635283351e-05
8.632348908577114e-05
8.618592255515978e-05
8.219647133955732e-05
8.212768443627283e-05
7.779431325616315e-05
7.751918019494042e-05
7.497418846469373e-05
7.552445458713919e-05
7.401121547445655e-05
7.54556676838547e-05
7.67625606385991e-05
7.985782576724887e-05
8.281552436528727e-05
8.611713565187529e-05
8.893726771930233e-05
9.354577196063474e-05
9.705373668111861e-05
0.00010069927520817146
0.00010551412560744211
0.00010778399155242369
0.00011273641575826332
0.00011452478793216869
0.00011796397302532569
0.00012105923815397546
0.00012243491073604673
0.00012539260205812752
0.00012601165508385748
0.00012780002725776285
0.00012731854803860188
0.0001276624680031091
0.00012587409582920372
0.00012491112283896655
0.00012147193774580956
0.00012243491073604673
0.00011988991172984242
0.00011631316010607406
0.00011438722140155733
0.00010950358409900218
0.00010778399155242369
0.00010241886047879234
0.00010173102782573551
9.684739052318037e-05
9.58156306296587e-05
9.223888628184795e-05
8.948753384174779e-05
8.845578122418374e-05
8.776794857112691e-05
8.914362115319818e-05
9.003780724015087e-05
9.058807336259633e-05
9.182617941405624e-05
9.450874495087191e-05
9.801670967135578e-05
7.985782576724887e-05
8.646105561638251e-05
9.313307236880064e-05
9.959873568732291e-05
0.00010565169213805348
0.00011115438974229619
0.00011562532745301723
0.00011940842523472384
0.00012133437121519819
0.00012284760305192322
0.00012119680468458682
0.00012023383169434965
0.00011961477866861969
0.00011521262058522552
0.00011301154881948605
0.00011225492926314473
0.00010799033771036193
0.00010214372741756961
9.650347055867314e-05
9.017537377076223e-05
8.419119694735855e-05
7.903241930762306e-05
7.187892333604395e-05
6.864609167678282e-05
6.156137533253059e-05
6.197407492436469e-05
5.351368599804118e-05
5.310098276822828e-05
5.2550713007804006e-05
5.337611582945101e-05
6.156137533253059e-05
4.8148558562388644e-05
5.083112046122551e-05
5.42703055543825e-05
6.052961907698773e-05
6.582595960935578e-05
7.194770296337083e-05
7.84821531851776e-05
8.384727698285133e-05
8.928118768380955e-05
9.402725845575333e-05
9.774157661013305e-05
0.00010001143527915701
0.00010310670040780678
0.00010441359336255118
0.00010537655907683074
0.00010503264638828114
0.00010633953206706792
0.00010592683247523382
0.00010069927520817146
9.87733292276971e-05
9.746644354891032e-05
9.478387801209465e-05
9.37521253945306e-05
9.155104635283351e-05
9.038172720465809e-05
8.873091428540647e-05
8.790551510173827e-05
8.955632074503228e-05
8.776794857112691e-05
8.921240078052506e-05
8.976267417892814e-05
9.182617941405624e-05
9.299550583818927e-05
9.54029310378246e-05
9.677860361989588e-05
9.946116915671155e-05
0.00010035535524366423
0.0001026252139126882
0.00010503264638828114
0.00011899572564288974
0.00011817031918326393
0.0001178951861220412
0.00011713856656569988
0.00011693221313180402
0.00011610681394813582
0.00011562532745301723
0.00011466235446278006
0.0001140433014370501
0.00011301154881948605
0.00011197978892596439
0.00011081046977778897
0.00010970993025694042
0.00010778399155242369
0.0001110856028390117
0.00010083684173878282
0.00010131832823390141
9.925481572281569e-05
9.719130321172997e-05
9.705373668111861e-05
9.423361188964918e-05
9.505901107331738e-05
9.333941852673888e-05
9.313307236880064e-05
9.382090502185747e-05
9.485266491537914e-05
9.615955059416592e-05
9.739765664562583e-05
9.88421161309816e-05
0.00010001143527915701
0.00010145589476451278
0.00010324426693841815
0.00010351939999964088
0.00010523899254621938
0.00010565169213805348
0.00010675223165890202
0.00010640831897035241
0.00010688979818951339
0.00010510142601560801
0.00010833425767486915
0.00010668345203157514
0.00010255643428536132
0.00010014900180976838
9.512779797660187e-05
9.196374594466761e-05
8.797429472906515e-05
8.439754310529679e-05
8.116471144603565e-05
7.779431325616315e-05
7.566202111775056e-05
7.112230377970263e-05
7.380486204056069e-05
6.95402777637355e-05
6.520690658362582e-05
6.2730694480706e-05
5.777827027486637e-05
6.720163219142705e-05
6.44502870272845e-05
6.341853440972045e-05
5.901637632632628e-05
6.727041909471154e-05
6.513811968034133e-05
6.31433940725401e-05
6.513811968034133e-05
6.520690658362582e-05
6.740798562532291e-05
6.733919872203842e-05
6.892122473800555e-05
6.960905739106238e-05
7.077838381519541e-05
7.160378299886361e-05
7.311702938750386e-05
7.366729550994933e-05
7.834458665456623e-05
7.999539229786023e-05
7.958269270602614e-05
7.745039329165593e-05
7.923877274151891e-05
7.97202592366375e-05
8.061444532359019e-05
8.102714491542429e-05
8.075201185420156e-05
8.061444532359019e-05
7.834458665456623e-05
7.834458665456623e-05
7.54556676838547e-05
7.67625606385991e-05
6.768311868654564e-05
6.974662392167374e-05
7.084716344252229e-05
7.16725699021481e-05
7.311702938750386e-05
7.380486204056069e-05
7.511175499530509e-05
7.586837455164641e-05
7.690012716921046e-05
7.903241930762306e-05
7.978903886396438e-05
8.102714491542429e-05
8.01329588284716e-05
8.130227797664702e-05
8.309065742651e-05
8.529173646820709e-05
8.73552417033352e-05
8.873091428540647e-05
9.003780724015087e-05
9.086320642381907e-05
9.127591329161078e-05
9.127591329161078e-05
9.120712638832629e-05
9.058807336259633e-05
8.893726771930233e-05
8.749280823394656e-05
8.584200259065256e-05
8.370971045223996e-05
8.336579048773274e-05
8.033931226236746e-05
7.710648060310632e-05
8.804308163234964e-05
8.549808262614533e-05
8.254038402810693e-05
8.020174573175609e-05
7.834458665456623e-05
7.662499410798773e-05
7.903241930762306e-05
7.820702012395486e-05
7.738161366432905e-05
7.690012716921046e-05
7.67625606385991e-05
7.648742757737637e-05
7.703769369982183e-05
7.538688805652782e-05
7.703769369982183e-05
7.229162292787805e-05
7.559324149042368e-05
7.786310015944764e-05
8.164619794115424e-05
8.322822395712137e-05
8.425997657468542e-05
8.721767517272383e-05
8.886848081601784e-05
9.03129403013736e-05
9.155104635283351e-05
9.20325328479521e-05
9.168861288344488e-05
9.223888628184795e-05
8.604835602454841e-05
9.636590402806178e-05
9.437117842026055e-05
9.196374594466761e-05
9.010658686747774e-05
8.556686952942982e-05
8.267795783467591e-05
8.1439851783216e-05
7.820702012395486e-05
7.655620720470324e-05
7.497418846469373e-05
7.407999510178342e-05
7.359850860666484e-05
7.2910675953608e-05
7.325459591811523e-05
7.366729550994933e-05
7.449270196957514e-05
7.538688805652782e-05
7.696891407249495e-05
7.84821531851776e-05
8.020174573175609e-05
8.178376447176561e-05
8.412241004407406e-05
8.69425421115011e-05
8.632348908577114e-05
8.955632074503228e-05
9.03129403013736e-05
9.512779797660187e-05
9.567806409904733e-05
9.691617015050724e-05
9.719130321172997e-05
9.71225235844031e-05
9.664103708928451e-05
9.595319716027007e-05
9.478387801209465e-05
9.36833384912461e-05
9.189496631734073e-05
9.086320642381907e-05
8.776794857112691e-05
8.6529842519667e-05
8.708010864211246e-05
8.536051609553397e-05
8.591078949393705e-05
8.18525513750501e-05
8.425997657468542e-05
8.240281749749556e-05
8.199011790566146e-05
7.820702012395486e-05
7.71752602304332e-05
7.476783503079787e-05
7.394242857117206e-05
7.091595034580678e-05
6.947149086045101e-05
6.83021717122756e-05
6.561960617545992e-05
6.417515396606177e-05
6.31433940725401e-05
6.176772149046883e-05
6.1079888837412e-05
6.0392048908397555e-05
6.156137533253059e-05
6.0873535403516144e-05
6.0392048908397555e-05
6.004813258186914e-05
5.874124326510355e-05
6.073596887290478e-05
5.9635429352056235e-05
6.31433940725401e-05
6.369366747094318e-05
6.355610094033182e-05
6.479420699179173e-05
6.493177352240309e-05
6.637622573180124e-05
6.775189831387252e-05
6.692649913020432e-05
6.857730477349833e-05
7.070959691191092e-05
7.160378299886361e-05
8.088957838481292e-05
8.18525513750501e-05
8.35721439216286e-05
8.646105561638251e-05
8.769916166784242e-05
9.03129403013736e-05
9.127591329161078e-05
9.361455886391923e-05
9.437117842026055e-05
9.698495705379173e-05
9.71225235844031e-05
9.980508184526116e-05
9.91860288195312e-05
0.00010235008085146546
0.00010228129394818097
0.00010228129394818097
0.00010056170867756009
9.904846228891984e-05
9.91860288195312e-05
9.622833749745041e-05
9.54029310378246e-05
9.24452324397862e-05
9.148225944954902e-05
8.776794857112691e-05
9.003780724015087e-05
8.769916166784242e-05
8.577321568736807e-05
8.508538303431123e-05
8.295309089589864e-05
8.240281749749556e-05
8.075201185420156e-05
7.999539229786023e-05
7.903241930762306e-05
7.793187978677452e-05
7.703769369982183e-05
7.593715417897329e-05
7.54556676838547e-05
7.456148159690201e-05
7.421756163239479e-05
7.366729550994933e-05
7.373608241323382e-05
7.318580901483074e-05
7.407999510178342e-05
7.373608241323382e-05
7.449270196957514e-05
7.421756163239479e-05
7.559324149042368e-05
7.54556676838547e-05
7.648742757737637e-05
7.703769369982183e-05
7.511175499530509e-05
7.745039329165593e-05
7.483661465812474e-05
7.683134026592597e-05
7.71752602304332e-05
7.903241930762306e-05
7.992660539457574e-05
8.061444532359019e-05
8.027052535908297e-05
8.040809188969433e-05
8.075201185420156e-05
8.109593181870878e-05
8.102714491542429e-05
8.1439851783216e-05
7.875728624640033e-05
7.944512617541477e-05
8.102714491542429e-05
7.861971971578896e-05
8.398484351346269e-05
8.343457739101723e-05
9.492144454270601e-05
9.464631148148328e-05
9.182617941405624e-05
9.106955985771492e-05
8.425997657468542e-05
8.329701086040586e-05
8.061444532359019e-05
7.958269270602614e-05
7.813823322067037e-05
7.751918019494042e-05
7.690012716921046e-05
7.710648060310632e-05
7.67625606385991e-05
7.731282676104456e-05
7.793187978677452e-05
7.903241930762306e-05
8.680497558088973e-05
8.749280823394656e-05
8.852456812746823e-05
8.962510037235916e-05
9.127591329161078e-05
9.285793930757791e-05
9.471509110881016e-05
9.636590402806178e-05
9.822306310525164e-05
9.966751531464979e-05
0.00010097440826939419
0.00010200616088695824
0.00010283156734658405
0.00010455115989316255
0.00010283156734658405
0.00010413845302537084
0.00010324426693841815
0.00010296913387719542
0.0001022125143208541
0.00010083684173878282
0.00010028656834037974
9.87733292276971e-05
9.437117842026055e-05
9.168861288344488e-05
8.873091428540647e-05
8.680497558088973e-05
8.425997657468542e-05
8.281552436528727e-05
8.123349834932014e-05
8.047687879297882e-05
7.923877274151891e-05
8.027052535908297e-05
7.875728624640033e-05
8.329701086040586e-05
8.254038402810693e-05
8.219647133955732e-05
7.738161366432905e-05
7.813823322067037e-05
7.861971971578896e-05
7.930755236884579e-05
8.01329588284716e-05
8.061444532359019e-05
8.22652509668842e-05
7.992660539457574e-05
8.157741831382737e-05
8.164619794115424e-05
8.164619794115424e-05
8.281552436528727e-05
8.22652509668842e-05
8.288430399261415e-05
8.157741831382737e-05
8.102714491542429e-05
8.1439851783216e-05
7.958269270602614e-05
8.082079875748605e-05
7.896363968029618e-05
7.999539229786023e-05
7.910120621090755e-05
7.958269270602614e-05
7.84821531851776e-05
7.903241930762306e-05
7.67625606385991e-05
7.724404713371769e-05
6.919635779922828e-05
6.988419772824273e-05
7.160378299886361e-05
7.352972897933796e-05
7.607472070958465e-05
7.738161366432905e-05
7.97202592366375e-05
8.109593181870878e-05
8.288430399261415e-05
8.425997657468542e-05
8.508538303431123e-05
8.604835602454841e-05
8.666740905027837e-05
8.73552417033352e-05
8.763037476455793e-05
8.797429472906515e-05
8.804308163234964e-05
8.73552417033352e-05
8.604835602454841e-05
8.632348908577114e-05
8.446633000858128e-05
8.494781650369987e-05
8.033931226236746e-05
8.295309089589864e-05
8.130227797664702e-05
8.398484351346269e-05
8.391606388613582e-05
8.267795783467591e-05
8.591078949393705e-05
8.48102499730885e-05
8.494781650369987e-05
8.439754310529679e-05
8.467268344247714e-05
8.446633000858128e-05
8.460389653919265e-05
8.467268344247714e-05
8.425997657468542e-05
8.48102499730885e-05
7.944512617541477e-05
8.027052535908297e-05
8.102714491542429e-05
8.150863141054288e-05
8.205890480894595e-05
8.247160440078005e-05
8.288430399261415e-05
8.309065742651e-05
8.329701086040586e-05
8.329701086040586e-05
8.322822395712137e-05
8.309065742651e-05
8.288430399261415e-05
8.22652509668842e-05
8.240281749749556e-05
8.130227797664702e-05
8.130227797664702e-05
8.01329588284716e-05
8.020174573175609e-05
7.916998583823442e-05
7.861971971578896e-05
7.820702012395486e-05
7.71752602304332e-05
7.84821531851776e-05
7.751918019494042e-05
7.690012716921046e-05
7.6349861046765e-05
7.607472070958465e-05
7.573080802103505e-05
7.834458665456623e-05
7.806944631738588e-05
7.8000666690059e-05
7.793187978677452e-05
7.745039329165593e-05
7.875728624640033e-05
7.793187978677452e-05
7.765674672555178e-05
8.047687879297882e-05
8.033931226236746e-05
7.985782576724887e-05
8.948753384174779e-05
8.824942779028788e-05
8.73552417033352e-05
8.604835602454841e-05
8.536051609553397e-05
8.425997657468542e-05
8.370971045223996e-05
8.281552436528727e-05
8.260917093139142e-05
8.233403787016869e-05
8.240281749749556e-05
8.240281749749556e-05
8.267795783467591e-05
8.281552436528727e-05
8.302187052322552e-05
8.412241004407406e-05
8.419119694735855e-05
8.494781650369987e-05
8.453511691186577e-05
8.515416266163811e-05
8.680497558088973e-05
8.728646207600832e-05
8.666740905027837e-05
8.370971045223996e-05
8.69425421115011e-05
8.73552417033352e-05
8.776794857112691e-05
8.790551510173827e-05
8.763037476455793e-05
8.708010864211246e-05
8.584200259065256e-05
8.549808262614533e-05
8.412241004407406e-05
8.370971045223996e-05
8.212768443627283e-05
8.171498484443873e-05
7.999539229786023e-05
7.896363968029618e-05
7.648742757737637e-05
7.524932152591646e-05
7.325459591811523e-05
7.215405639726669e-05
7.002176425885409e-05
6.95402777637355e-05
6.69952787575312e-05
7.181013643275946e-05
7.064081728458405e-05
7.229162292787805e-05
7.153500337153673e-05
7.311702938750386e-05
7.380486204056069e-05
7.407999510178342e-05
7.655620720470324e-05
7.793187978677452e-05
7.923877274151891e-05
7.958269270602614e-05
8.116471144603565e-05
8.295309089589864e-05
8.439754310529679e-05
8.604835602454841e-05
8.69425421115011e-05
8.831821469357237e-05
9.175739978672937e-05
9.272036550100893e-05
9.320185199612752e-05
9.382090502185747e-05
9.423361188964918e-05
9.492144454270601e-05
9.58156306296587e-05
9.636590402806178e-05
9.760401007952169e-05
9.787914314074442e-05
9.904846228891984e-05
9.932360262610018e-05
0.00010069927520817146
0.00010063048830488697
0.00010351939999964088
0.00010241886047879234
0.00010241886047879234
0.00010166224092245102
0.00010063048830488697
9.959873568732291e-05
9.870454960037023e-05
9.774157661013305e-05
9.760401007952169e-05
9.423361188964918e-05
9.416482498636469e-05
9.37521253945306e-05
9.340820543002337e-05
9.285793930757791e-05
9.210131247527897e-05
9.127591329161078e-05
8.976267417892814e-05
8.86621346580796e-05
8.769916166784242e-05
8.6529842519667e-05
8.205890480894595e-05
8.075201185420156e-05
8.01329588284716e-05
7.806944631738588e-05
7.690012716921046e-05
6.451906665461138e-05
6.438150012400001e-05
6.575717270607129e-05
6.623865920118988e-05
6.7820685217157e-05
6.871487130410969e-05
7.070959691191092e-05
7.043446385068819e-05
7.236040983116254e-05
7.373608241323382e-05
7.54556676838547e-05
7.710648060310632e-05
7.875728624640033e-05
8.48102499730885e-05
8.6529842519667e-05
8.18525513750501e-05
8.302187052322552e-05
8.48102499730885e-05
8.116471144603565e-05
8.22652509668842e-05
8.384727698285133e-05
8.542930299881846e-05
8.666740905027837e-05
8.811186125967652e-05
8.886848081601784e-05
9.127591329161078e-05
8.845578122418374e-05
8.948753384174779e-05
9.237645281245932e-05
9.306428546551615e-05
9.54029310378246e-05
9.588441753294319e-05
9.664103708928451e-05
9.732887701829895e-05
9.705373668111861e-05
9.739765664562583e-05
9.574685100233182e-05
9.554049756843597e-05
9.210131247527897e-05
9.127591329161078e-05
9.313307236880064e-05
9.272036550100893e-05
9.210131247527897e-05
9.017537377076223e-05
9.113834676099941e-05
8.962510037235916e-05
9.54029310378246e-05
9.37521253945306e-05
9.636590402806178e-05
9.478387801209465e-05
9.54029310378246e-05
9.526536450721323e-05
9.505901107331738e-05
9.49902314459905e-05
9.505901107331738e-05
9.574685100233182e-05
9.595319716027007e-05
9.609077096683905e-05
9.719130321172997e-05
9.760401007952169e-05
9.691617015050724e-05
9.925481572281569e-05
9.691617015050724e-05
9.595319716027007e-05
9.478387801209465e-05
9.361455886391923e-05
9.272036550100893e-05
9.175739978672937e-05
9.07256398932077e-05
8.962510037235916e-05
8.99002407095395e-05
8.928118768380955e-05
8.804308163234964e-05
8.804308163234964e-05
8.708010864211246e-05
8.659862214699388e-05
8.591078949393705e-05
8.597956912126392e-05
8.577321568736807e-05
8.556686952942982e-05
8.604835602454841e-05
8.666740905027837e-05
8.659862214699388e-05
8.831821469357237e-05
8.928118768380955e-05
8.852456812746823e-05
9.113834676099941e-05
9.20325328479521e-05
9.423361188964918e-05
9.554049756843597e-05
9.781035623745993e-05
9.946116915671155e-05
0.00010241886047879234
0.00010441359336255118
0.00010709615162340924
0.0001090220976038836
0.0001141120883403346
0.00011486870789667591
0.00011596924741752446
0.0001123924957937561
0.00011858302605105564
0.00011885815911227837
0.00011424965487094596
0.00011892693873960525
0.00011693221313180402
0.0001153501943917945
0.00011383694800315425
0.00011177344276802614
0.00010984749678755179
0.00010778399155242369
0.00010613317863317207
0.00010324426693841815
