0.9886457324028015
0.931814432144165
0.9453782439231873
0.9562395811080933
0.9649339318275452
0.971888542175293
0.9774494171142578
0.9818950295448303
0.9854487180709839
0.9882894158363342
0.9905599355697632
0.9923745393753052
0.9938246607780457
0.9949830174446106
0.9959078431129456
0.9966458082199097
0.9972339868545532
0.9977020621299744
0.998073935508728
0.998368501663208
0.9986011385917664
0.9987843036651611
0.9989277720451355
0.999039888381958
0.9991270899772644
0.999194860458374
0.9992473125457764
0.9992880821228027
0.9993196725845337
0.9993443489074707
0.9993636608123779
0.9993789196014404
0.9993910789489746
0.9994009137153625
0.999409019947052
0.9994158148765564
0.9994217753410339
0.9994271397590637
0.9994322061538696
0.9994370341300964
0.9994419813156128
0.9994470477104187
0.9994523525238037
0.9994578957557678
0.9994637370109558
0.9994696974754333
0.9994755983352661
0.9994810819625854
0.9994856119155884
0.9994884133338928
0.9994882941246033
0.9994837045669556
0.9994723200798035
0.9994511604309082
0.9994162917137146
0.9993621110916138
0.9992805123329163
0.9991594552993774
0.9989787936210632
0.998703122138977
0.9982671141624451
0.9975422620773315
0.9962674379348755
0.9939538240432739
0.9901684522628784
0.9857031106948853
0.981282114982605
0.9761935472488403
0.9698570966720581
0.9624580144882202
0.954169750213623
0.9450771808624268
0.9381957054138184
0.9354502558708191
0.9344707131385803
0.9349405765533447
0.9360695481300354
0.9373531937599182
0.9385805726051331
0.9396767020225525
0.9406259655952454
0.9414362907409668
0.9421245455741882
0.94270920753479
0.9432075619697571
0.9436341524124146
0.943999171257019
0.9443084597587585
0.9445611238479614
0.9447482824325562
0.9448499083518982
0.9448280930519104
0.9446489214897156
0.9444469213485718
0.9442522525787354
0.944110631942749
0.9439752697944641
0.9438527226448059
0.943740963935852
0.9436427354812622
0.9435581564903259
0.9434887766838074
0.9434354305267334
0.9433994889259338
0.9433802962303162
0.9433738589286804
0.9433779120445251
0.9434031248092651
0.9434564709663391
0.9435467720031738
0.9437028169631958
0.9440913796424866
0.9451450705528259
0.9459525346755981
0.9459579586982727
0.9453466534614563
0.9442529678344727
0.9425684809684753
0.9398887753486633
0.9358393549919128
0.9307558536529541
0.9234009385108948
0.9336884021759033
0.9278330206871033
0.9204665422439575
0.9162534475326538
0.9140163064002991
0.9128429293632507
0.9123016595840454
0.912118673324585
0.9121193885803223
0.9122040867805481
0.9123204350471497
0.9124420285224915
0.9125556349754333
0.9126541018486023
0.9127324223518372
0.9127852320671082
0.9128051996231079
0.9127815365791321
0.9126984477043152
0.9125324487686157
0.9122468829154968
0.9117733240127563
0.9108999967575073
0.9094766974449158
0.9087212085723877
0.9076790809631348
0.9068037867546082
0.9060685038566589
0.9054621458053589
0.9049511551856995
0.9045213460922241
0.9041585326194763
0.9038532972335815
0.9035969376564026
0.9033820629119873
0.9032021164894104
0.9030521512031555
0.9029282331466675
0.9028284549713135
0.9027526378631592
0.9027034640312195
0.9026885032653809
0.902707040309906
0.9027491807937622
0.9027984142303467
0.9028623700141907
0.902918815612793
0.9029795527458191
0.9030324816703796
0.903082013130188
0.9031253457069397
0.9031615257263184
0.903192937374115
0.9032205939292908
0.9032459259033203
0.90326988697052
0.9032934904098511
0.9033170938491821
0.9033414125442505
0.9033665657043457
0.9033926129341125
0.9034194350242615
0.9034464955329895
0.9034726619720459
0.9034965634346008
0.9035164713859558
0.9035314917564392
0.9035396575927734
0.9035996198654175
0.9035215973854065
0.9043828845024109
0.904252827167511
0.9040469527244568
0.9037596583366394
0.903549075126648
0.9033299088478088
0.9031195640563965
0.9029178619384766
0.902739405632019
0.9025880098342896
0.9024648666381836
0.9023694396018982
0.9022998809814453
0.9022541046142578
0.9022287130355835
0.9022184014320374
0.902146577835083
0.9021861553192139
0.9020774960517883
0.9020926356315613
0.9021058678627014
0.9021165370941162
0.9021134376525879
0.9020851254463196
0.9020189642906189
0.901898980140686
0.9017047882080078
0.9014105796813965
0.9009912014007568
0.9004456996917725
0.8998181223869324
0.899165153503418
0.8985034227371216
0.8978393077850342
0.8970363736152649
0.896767795085907
0.8961603045463562
0.8961654901504517
0.896152138710022
0.8964625000953674
0.8966439366340637
0.8970180153846741
0.897273600101471
0.897661030292511
0.8979512453079224
0.8983372449874878
0.898668110370636
0.898982584476471
0.8992553949356079
0.8989359736442566
0.8986072540283203
0.8966952562332153
0.8959888219833374
0.894910454750061
0.8939851522445679
0.8929998278617859
0.8922070264816284
0.8912741541862488
0.8905730247497559
0.8895493149757385
0.8888505101203918
0.8881263136863708
0.8872956037521362
0.8864437341690063
0.8853683471679688
0.8841575980186462
0.8827845454216003
0.880327045917511
0.877849280834198
0.8746901154518127
0.8661758303642273
0.8557522892951965
0.85014808177948
0.8429586887359619
0.8381297588348389
0.8370775580406189
0.8373377919197083
0.8384954333305359
0.8394200801849365
0.8440807461738586
0.8454979658126831
0.8472409844398499
0.8489242196083069
0.8511574864387512
0.8532743453979492
0.8559188842773438
0.8583208322525024
0.8609603643417358
0.8632794618606567
0.8660933971405029
0.8679684400558472
0.8710178732872009
0.8721954822540283
0.8740894198417664
0.8746272921562195
0.874573290348053
0.8740156292915344
0.8713539242744446
0.8691316246986389
0.8646909594535828
0.8593832850456238
0.8513286113739014
0.8438502550125122
0.8356284499168396
0.8287340402603149
0.8222283124923706
0.8164972066879272
0.8102301955223083
0.8040481209754944
0.7988740801811218
0.794232964515686
0.7896040081977844
0.783630907535553
0.77641361951828
0.7718689441680908
0.7665989995002747
0.759918749332428
0.753368616104126
0.7456839084625244
0.7384079098701477
0.7281767725944519
0.7173300385475159
0.7068919539451599
0.7043116092681885
0.6994373202323914
0.6976299285888672
0.6909258365631104
0.6878142356872559
0.6842154860496521
0.6807118058204651
0.6770966649055481
0.6745234727859497
0.6704844832420349
0.6653518676757812
0.6572684645652771
0.6470154523849487
0.6378541588783264
0.6280245184898376
0.6206001043319702
0.6121387481689453
0.6053510904312134
0.5965142250061035
0.5912950038909912
0.5859774351119995
0.5815853476524353
0.5759116411209106
0.5740075707435608
0.5697735548019409
0.5648519396781921
0.5611751675605774
0.5563309788703918
0.5513181686401367
0.5461274981498718
0.536464273929596
0.5286407470703125
0.5202455520629883
0.5100693702697754
0.5047703981399536
0.5014556050300598
0.4959608018398285
0.4919055998325348
0.4873647391796112
0.48415184020996094
0.48010796308517456
0.47552618384361267
0.4701938033103943
0.46615973114967346
0.46470561623573303
0.46107593178749084
0.4608246982097626
0.4625609815120697
0.462626188993454
0.46440985798835754
0.46549367904663086
0.46647995710372925
0.4673227071762085
0.4673098623752594
0.4670434296131134
0.4665420949459076
0.4632033109664917
0.465580552816391
0.4624533951282501
0.45932725071907043
0.45454150438308716
0.4491088390350342
0.44282397627830505
0.43615368008613586
0.4293210208415985
0.423566997051239
0.41707056760787964
0.4117462933063507
0.4071669578552246
0.40412667393684387
0.40114229917526245
0.39980727434158325
0.3984941244125366
0.39783787727355957
0.3968278765678406
0.3963964581489563
0.39529064297676086
0.39494943618774414
0.392609179019928
0.39157840609550476
0.38949429988861084
0.38704079389572144
0.38005301356315613
0.3748053312301636
0.3675703704357147
0.3605634868144989
0.3542994260787964
0.34685125946998596
0.34108102321624756
0.3343297839164734
0.32890889048576355
0.32351183891296387
0.3187517523765564
0.31453636288642883
0.31042182445526123
0.30404043197631836
0.29928913712501526
0.29235538840293884
0.2877243757247925
0.28180935978889465
0.2791256606578827
0.2742488980293274
0.2707127332687378
0.2681643068790436
0.2667756974697113
0.26592206954956055
0.2658470869064331
0.2656429409980774
0.2658928632736206
0.2656989097595215
0.2657581865787506
0.26538074016571045
0.26486191153526306
0.26423197984695435
0.2628890573978424
0.26218584179878235
0.2608359158039093
0.26003575325012207
0.2586713433265686
0.2575664222240448
0.2567075490951538
0.2551611661911011
0.2546059489250183
0.2537035048007965
0.2531779706478119
0.25259438157081604
0.25213563442230225
0.2516275942325592
0.25134244561195374
0.2507343590259552
0.2505252957344055
0.25014808773994446
0.2496699094772339
0.24913935363292694
0.24828651547431946
0.24728812277317047
0.2457021325826645
0.2443976253271103
0.2428211122751236
0.24119988083839417
0.23922927677631378
0.2373999059200287
0.23518335819244385
0.23352451622486115
0.23135505616664886
0.22996599972248077
0.22855180501937866
0.2278713881969452
0.22729213535785675
0.22715403139591217
0.2270856648683548
0.2272707223892212
0.22750283777713776
0.22785693407058716
0.2282477617263794
0.2287236452102661
0.22918808460235596
0.22971707582473755
0.2301008701324463
0.23055726289749146
0.23065295815467834
0.23075278103351593
0.23026493191719055
0.2296827733516693
0.22838114202022552
0.2268652617931366
0.22476260364055634
0.2225346714258194
0.2198183387517929
0.2172909677028656
0.2147129327058792
0.21241869032382965
0.2103775441646576
0.2088201940059662
0.20740748941898346
0.20642639696598053
0.20550407469272614
0.20487110316753387
0.20424360036849976
0.2038779854774475
0.20356586575508118
0.20330534875392914
0.203115314245224
0.20288991928100586
0.20274846255779266
0.20268569886684418
0.20244747400283813
0.20281557738780975
0.20326505601406097
0.20387674868106842
0.20452441275119781
0.20524872839450836
0.20585225522518158
0.20651592314243317
0.20694518089294434
0.20730505883693695
0.20746707916259766
0.20750612020492554
0.20738831162452698
0.20716683566570282
0.20685040950775146
0.20635665953159332
0.20582430064678192
0.2041863203048706
0.20327508449554443
0.20195844769477844
0.20028279721736908
0.1980886161327362
0.19575664401054382
0.19304417073726654
0.19043131172657013
0.1877649873495102
0.1854342520236969
0.18335413932800293
0.18164187669754028
0.18038028478622437
0.1795094609260559
0.17920690774917603
0.17914701998233795
0.17967240512371063
0.18044590950012207
0.18160314857959747
0.1832539588212967
0.18522311747074127
0.1874838024377823
0.189635768532753
0.1917586624622345
0.19365771114826202
0.19566816091537476
0.19741952419281006
0.1990879476070404
0.20079492032527924
0.20212693512439728
0.20330969989299774
0.20436881482601166
0.20537176728248596
0.20613643527030945
0.20662029087543488
0.2067864090204239
0.206740140914917
0.20651045441627502
0.20609720051288605
0.20533421635627747
0.20447136461734772
0.20332838594913483
0.20197127759456635
0.2004220187664032
0.1986493021249771
0.19686120748519897
0.1948542445898056
0.19297286868095398
0.19095981121063232
0.18860816955566406
0.1869869977235794
0.18596331775188446
0.18537957966327667
0.18516838550567627
0.18540149927139282
0.18596120178699493
0.18682634830474854
0.18782798945903778
0.18905341625213623
0.19035778939723969
0.19182273745536804
0.19311459362506866
0.1948855072259903
0.19671630859375
0.19820080697536469
0.19968655705451965
0.20089933276176453
0.20193029940128326
0.20257854461669922
0.2028091698884964
0.20266826450824738
0.20216074585914612
0.20129913091659546
0.20028279721736908
0.19910097122192383
0.19787517189979553
0.19653917849063873
0.19528187811374664
0.19400042295455933
0.19285787642002106
0.19151154160499573
0.19052191078662872
0.1896081268787384
0.1885117143392563
0.18731805682182312
0.1863996535539627
0.18553300201892853
0.18467015027999878
0.18400828540325165
0.18349149823188782
0.18318676948547363
0.18270914256572723
0.18240080773830414
0.18225891888141632
0.18231071531772614
0.18234515190124512
0.18262477219104767
0.18279942870140076
0.18310533463954926
0.18297849595546722
0.1831405758857727
0.18292731046676636
0.18289244174957275
0.1825098991394043
0.1822018176317215
0.1815885752439499
0.18105441331863403
0.18030238151550293
0.17951835691928864
0.1787484586238861
0.17784887552261353
0.17714068293571472
0.1762305647134781
0.17552362382411957
0.1746165007352829
0.17380861937999725
0.17298592627048492
0.1721612960100174
0.17156194150447845
0.17068476974964142
0.17073141038417816
0.17008435726165771
0.16985267400741577
0.16966475546360016
0.16973412036895752
0.16984184086322784
0.1702021062374115
0.17054006457328796
0.171046644449234
0.17157813906669617
0.17222020030021667
0.1728237271308899
0.1734222173690796
0.17389753460884094
0.1743568629026413
0.1747427135705948
0.17503739893436432
0.1753769963979721
0.17564143240451813
0.17585031688213348
0.17624756693840027
0.1765114963054657
0.17691342532634735
0.17719067633152008
0.17740754783153534
0.1775137037038803
0.17765448987483978
0.17766855657100677
0.17780466377735138
0.1778908371925354
0.17804257571697235
0.17799220979213715
0.17813660204410553
0.17815813422203064
0.17811574041843414
0.17771320044994354
0.1773475855588913
0.17686498165130615
0.17641031742095947
0.17575648427009583
0.17518876492977142
0.17463599145412445
0.17408563196659088
0.17346610128879547
0.17281420528888702
0.1717824935913086
0.17094485461711884
0.1701081395149231
0.16937068104743958
0.16881410777568817
0.16806332767009735
0.16764435172080994
0.16726429760456085
0.16704680025577545
0.16691374778747559
0.16688808798789978
0.166831374168396
0.1668822467327118
0.16693229973316193
0.16704711318016052
0.1671835333108902
0.16743458807468414
0.16762356460094452
0.16782735288143158
0.16795094311237335
0.16813643276691437
0.16823095083236694
0.1683499962091446
0.16836991906166077
0.16843971610069275
0.16846249997615814
0.1684616357088089
0.16843274235725403
0.16844800114631653
0.16847658157348633
0.1684560328722
0.16847103834152222
0.1684408336877823
0.16848622262477875
0.168516606092453
0.16856884956359863
0.16864319145679474
0.1688682734966278
0.16906136274337769
0.16921907663345337
0.16938887536525726
0.16938182711601257
0.16937553882598877
0.16931165754795074
0.16928638517856598
0.16912436485290527
0.1690424382686615
0.16865085065364838
0.1685478687286377
0.16813045740127563
0.16792067885398865
0.1671552062034607
0.1668679267168045
0.1663741022348404
0.16596341133117676
0.16554288566112518
0.16507571935653687
0.1646057367324829
0.16416728496551514
0.16372551023960114
0.16333550214767456
0.16292262077331543
0.16262519359588623
0.16221722960472107
0.1624460518360138
0.1623609960079193
0.16168972849845886
0.16132131218910217
0.16093820333480835
0.16057775914669037
0.16021351516246796
0.15995804965496063
0.15972834825515747
0.1596345156431198
0.15957841277122498
0.15965543687343597
0.15976421535015106
0.1599539965391159
0.16014297306537628
0.16030031442642212
0.16044288873672485
0.16050079464912415
0.16051816940307617
0.16052427887916565
0.16042333841323853
0.16035640239715576
0.1601262241601944
0.15995991230010986
0.1596880704164505
0.1594296097755432
0.15904513001441956
0.15867508947849274
0.15828345715999603
0.15791304409503937
0.15750190615653992
0.15706799924373627
0.1565406769514084
0.15604592859745026
0.1556100845336914
0.15521202981472015
0.15494659543037415
0.15470445156097412
0.15501421689987183
0.15507249534130096
0.15489666163921356
0.15500499308109283
0.15512703359127045
0.15532167255878448
0.1555255949497223
0.1558377891778946
0.1561930626630783
0.156681090593338
0.15708841383457184
0.15755757689476013
0.15789903700351715
0.15832093358039856
0.15860405564308167
0.1588640660047531
0.1590435653924942
0.15915004909038544
0.1592361479997635
0.1592259407043457
0.15923945605754852
0.1591833531856537
0.15912345051765442
0.15899968147277832
0.1588928997516632
0.15876731276512146
0.15863369405269623
0.15846557915210724
0.15834122896194458
0.15824510157108307
0.1582428514957428
0.15810830891132355
0.15808133780956268
0.15777942538261414
0.15776871144771576
0.15778285264968872
0.15774406492710114
0.15769462287425995
0.1576811671257019
0.15762600302696228
0.15757226943969727
0.15747694671154022
0.15737222135066986
0.15723517537117004
0.15707328915596008
0.15685835480690002
0.15661372244358063
0.15629063546657562
0.15592993795871735
0.15547789633274078
0.15498892962932587
0.15438130497932434
0.15377429127693176
0.1529572606086731
0.1522320657968521
0.15157394111156464
0.15095023810863495
0.15022492408752441
0.14970651268959045
0.14914526045322418
0.14871695637702942
0.1484079360961914
0.14831142127513885
0.1482151597738266
0.14838601648807526
0.14865070581436157
0.14913038909435272
0.14953970909118652
0.1501244306564331
0.15060685575008392
0.15125489234924316
0.15181191265583038
0.15251412987709045
0.15315450727939606
0.15381021797657013
0.15444810688495636
0.15505094826221466
0.15564806759357452
0.1562427431344986
0.15681339800357819
0.15735378861427307
0.1579030156135559
0.15837529301643372
0.1589246541261673
0.15931959450244904
0.16015946865081787
0.1604139357805252
0.16057458519935608
0.16067905724048615
0.16072289645671844
0.16073179244995117
0.1607225239276886
0.16070452332496643
0.1606670469045639
0.16067519783973694
0.1604309380054474
0.16041487455368042
0.16041556000709534
0.160484179854393
0.1604713499546051
0.1604795604944229
0.16052059829235077
0.16063423454761505
0.16072769463062286
0.16079163551330566
0.16087394952774048
0.16096186637878418
0.16098876297473907
0.16107960045337677
0.16095203161239624
0.16086846590042114
0.1607106328010559
0.16050279140472412
0.1601242870092392
0.1597830206155777
0.15938590466976166
0.15895229578018188
0.1585458368062973
0.1579081267118454
0.1573823094367981
0.15694227814674377
0.15640705823898315
0.15597233176231384
0.15550722181797028
0.15513457357883453
0.15477026998996735
0.15446871519088745
0.15419518947601318
0.1539684236049652
0.15374888479709625
0.1535234898328781
0.15342946350574493
0.15338581800460815
0.15335898101329803
0.15337012708187103
0.153402641415596
0.15344646573066711
0.1535036265850067
0.15356707572937012
0.15361963212490082
0.1536981463432312
0.15377497673034668
0.1538494974374771
0.15391717851161957
0.15397396683692932
0.15404033660888672
0.15408360958099365
0.1540309339761734
0.15397833287715912
0.15399999916553497
0.1539226621389389
0.15382765233516693
0.15383107960224152
0.1535649597644806
0.15336914360523224
0.15305115282535553
0.15281006693840027
0.1524430811405182
0.1521722376346588
0.15178276598453522
0.15153415501117706
0.15074899792671204
0.15055729448795319
0.15039975941181183
0.15029945969581604
0.15023769438266754
0.1504209339618683
0.15046732127666473
0.15060971677303314
0.15077945590019226
0.15106230974197388
0.1513093113899231
0.15155276656150818
0.15175220370292664
0.15193352103233337
0.15206782519817352
0.15216681361198425
0.15222477912902832
0.1522178053855896
0.15221457183361053
0.15214011073112488
0.15206782519817352
0.1519448459148407
0.15180331468582153
0.15170195698738098
0.1515703946352005
0.15132968127727509
0.15110209584236145
0.15084700286388397
0.1505727916955948
0.15028905868530273
0.1498774290084839
0.14954954385757446
0.1491069793701172
0.14878052473068237
0.1483098715543747
0.14790154993534088
0.14753076434135437
0.14724192023277283
0.1469551920890808
0.14681565761566162
0.14671504497528076
0.14670725166797638
0.1467972844839096
0.1468428671360016
0.1471390575170517
0.14718252420425415
0.14749477803707123
0.14780615270137787
0.14818640053272247
0.14862996339797974
0.14904090762138367
0.14957794547080994
0.1499197632074356
0.1509685516357422
0.1514601856470108
0.1518586128950119
0.15231351554393768
0.15282395482063293
0.1534101665019989
0.1539778858423233
0.15450863540172577
0.1549842655658722
0.15538425743579865
0.1556859165430069
0.15589793026447296
0.155949667096138
0.1559332311153412
0.1557140052318573
0.155415877699852
0.15498140454292297
0.15448914468288422
0.15383866429328918
0.15308384597301483
0.15230205655097961
0.1514705866575241
0.15063275396823883
0.14973515272140503
0.14898662269115448
0.14826205372810364
0.14759133756160736
0.1468360871076584
0.14618417620658875
0.14558562636375427
0.14522910118103027
0.14405019581317902
0.14365039765834808
0.14344331622123718
0.1432567685842514
0.14324799180030823
0.14327731728553772
0.14339984953403473
0.14362649619579315
0.14391209185123444
0.14421968162059784
0.1446535438299179
0.14506466686725616
0.14560723304748535
0.14609022438526154
0.14664337038993835
0.14725075662136078
0.14774812757968903
0.14820849895477295
0.14858251810073853
0.14892977476119995
0.14918392896652222
0.14941686391830444
0.14955559372901917
0.14965875446796417
0.1496938169002533
0.14970159530639648
0.14967432618141174
0.14957638084888458
0.1494845449924469
0.1493270844221115
0.14929594099521637
0.14918412268161774
0.1492021083831787
0.1490744799375534
0.14907348155975342
0.14906668663024902
0.14888930320739746
0.14886750280857086
0.1486707478761673
0.14857742190361023
0.14839299023151398
0.148213729262352
0.14792290329933167
0.14766152203083038
0.14725667238235474
0.1469028890132904
0.1464865356683731
0.14604850113391876
0.14545749127864838
0.1449003517627716
0.14437273144721985
0.1437910497188568
0.1429634988307953
0.14231669902801514
0.14163322746753693
0.14109806716442108
0.1404658406972885
0.13966767489910126
0.13885755836963654
0.13800379633903503
0.13737791776657104
0.13672570884227753
0.1361384242773056
0.13545097410678864
0.13512122631072998
0.13487079739570618
0.13486593961715698
0.13504065573215485
0.13544194400310516
0.13604073226451874
0.1367179900407791
0.13754889369010925
0.13830161094665527
0.13910575211048126
0.13980460166931152
0.14053738117218018
0.14120516180992126
0.14185819029808044
0.14244508743286133
0.14297017455101013
0.1434788703918457
0.1439400613307953
0.14436911046504974
0.14476753771305084
0.1448371559381485
0.1450040191411972
0.14503908157348633
0.14509467780590057
0.1449495404958725
0.1447264552116394
0.14438343048095703
0.14399534463882446
0.14355109632015228
0.1430785059928894
0.142604798078537
0.1420886367559433
0.14169667661190033
0.14124277234077454
0.14095480740070343
0.1406441032886505
0.140415221452713
0.1401362121105194
0.14007264375686646
0.1400631219148636
0.140293687582016
0.14057281613349915
0.14106962084770203
0.14154288172721863
0.14211373031139374
0.14265984296798706
0.14313043653964996
0.1435806006193161
0.14393401145935059
0.1443951427936554
0.14470739662647247
0.14504437148571014
0.1452106088399887
0.14537468552589417
0.14553096890449524
0.1456168293952942
0.1456398069858551
0.14549633860588074
0.1453860104084015
0.1452922374010086
0.14522643387317657
0.145051971077919
0.14489306509494781
0.14464588463306427
0.14451207220554352
0.14424557983875275
0.14412902295589447
0.14396259188652039
0.14388544857501984
0.14384335279464722
0.14383937418460846
0.1439213752746582
0.144004687666893
0.14416538178920746
0.144275963306427
0.14442341029644012
0.14449432492256165
0.14459189772605896
0.14456157386302948
0.14452950656414032
0.14445330202579498
0.14432546496391296
0.14417771995067596
0.1439790278673172
0.14373831450939178
0.143158957362175
0.14269134402275085
0.14210736751556396
0.14067977666854858
0.14012457430362701
0.13939185440540314
0.1385030299425125
0.13753843307495117
0.13654756546020508
0.13569580018520355
0.13498635590076447
0.1344236135482788
0.13395607471466064
0.1335912048816681
0.13334819674491882
0.1332366168498993
0.1331597864627838
0.1332043558359146
0.1333664357662201
0.13360217213630676
0.13394947350025177
0.1342945396900177
0.13475318253040314
0.13515733182430267
0.13561759889125824
0.13601116836071014
0.13647963106632233
0.1368609368801117
0.13715700805187225
0.13740631937980652
0.1376195102930069
0.13782453536987305
0.13800522685050964
0.13823144137859344
0.13837681710720062
0.13853703439235687
0.13861896097660065
0.13871696591377258
0.1387556940317154
0.13879747688770294
0.13891509175300598
0.13899722695350647
0.13914017379283905
0.13914728164672852
0.13921377062797546
0.13916745781898499
0.13918395340442657
0.13908924162387848
0.1390576809644699
0.13896919786930084
0.138965904712677
0.13894429802894592
0.13894815742969513
0.13901297748088837
0.13911284506320953
0.13923974335193634
0.13937248289585114
0.13957323133945465
0.13974644243717194
0.13998129963874817
0.14018310606479645
0.14043371379375458
0.14065375924110413
0.14096401631832123
0.14113593101501465
0.14127826690673828
0.14101482927799225
0.14082591235637665
0.14054206013679504
0.1401067078113556
0.1397787630558014
0.1392175704240799
0.13855956494808197
0.13803082704544067
0.13757412135601044
0.1371169090270996
0.13670684397220612
0.13625897467136383
0.13592691719532013
0.13564784824848175
0.13545800745487213
0.1352531611919403
0.13517987728118896
0.13499246537685394
0.13496612012386322
0.13482160866260529
0.1348118931055069
0.13485653698444366
0.1352078914642334
0.1354263722896576
0.13573496043682098
0.13619135320186615
0.1366758942604065
0.13717319071292877
0.1376262903213501
0.13805174827575684
0.13841025531291962
0.1386638581752777
0.13910064101219177
0.13929933309555054
0.13943561911582947
0.13950878381729126
0.13955087959766388
0.13950778543949127
0.13962708413600922
0.13932915031909943
0.13938263058662415
0.13937659561634064
0.13924483954906464
0.1393173784017563
0.13924957811832428
0.13969644904136658
0.13952447474002838
0.13950467109680176
0.1395321935415268
0.1395503729581833
0.1395983248949051
0.13963325321674347
0.1396985650062561
0.13968904316425323
0.13969650864601135
0.13972066342830658
0.13968922197818756
0.13966481387615204
0.13959072530269623
0.13950131833553314
0.13936010003089905
0.13920816779136658
0.1389564424753189
0.13873153924942017
0.13827389478683472
0.13795094192028046
0.13757579028606415
0.137136772274971
0.13667166233062744
0.135978102684021
0.13535059988498688
0.13434261083602905
0.13362570106983185
0.13264255225658417
0.131988525390625
0.13125045597553253
0.1304461807012558
0.12955674529075623
0.1291874647140503
0.1284896582365036
0.12789572775363922
0.1274895817041397
0.12677161395549774
0.12656857073307037
0.12659478187561035
0.1267869919538498
0.12735515832901
0.1278698891401291
0.12858879566192627
0.12939006090164185
0.13018617033958435
0.1309129148721695
0.13163025677204132
0.13226647675037384
0.1329207420349121
0.13343019783496857
0.13387581706047058
0.13419492542743683
0.1344630867242813
0.13460473716259003
0.1347091645002365
0.1347164511680603
0.13460387289524078
0.13447996973991394
0.1342223733663559
0.13395801186561584
0.13362009823322296
0.13322970271110535
0.13269896805286407
0.13218721747398376
0.13161861896514893
0.13118308782577515
0.13071535527706146
0.1302904635667801
0.12988780438899994
0.1295294165611267
0.12920252978801727
0.1289457529783249
0.12873044610023499
0.12862247228622437
0.12858331203460693
0.12863704562187195
0.12876486778259277
0.1289316713809967
0.12921679019927979
0.12947742640972137
0.12983624637126923
0.13017433881759644
0.13054804503917694
0.13089922070503235
0.13123002648353577
0.13155174255371094
0.1317843645811081
0.1320178508758545
0.13208098709583282
0.13207700848579407
0.13194245100021362
0.1317334920167923
0.131364643573761
0.13098596036434174
0.13063111901283264
0.13027016818523407
0.1299547404050827
0.12959392368793488
0.12921516597270966
0.1288820505142212
0.12860392034053802
0.1283881813287735
0.1281472146511078
0.1279887557029724
0.1277777999639511
0.12768247723579407
0.12765415012836456
0.12766927480697632
0.12773378193378448
0.12786540389060974
0.12803420424461365
0.12827317416667938
0.12852603197097778
0.12884263694286346
0.1291557103395462
0.12953314185142517
0.12987516820430756
0.13030877709388733
0.13070395588874817
0.130985826253891
0.13150978088378906
0.13180117309093475
0.1321660429239273
0.1322506070137024
0.13244834542274475
0.1325155347585678
0.13258589804172516
0.13252966105937958
0.13247767090797424
0.1322142332792282
0.13199755549430847
0.1317400336265564
0.13151955604553223
0.13121601939201355
0.13089759647846222
0.13101620972156525
0.13093328475952148
0.13101577758789062
0.1310454159975052
0.13115648925304413
0.1312452256679535
0.13135960698127747
0.1314014494419098
0.13149988651275635
0.13156694173812866
0.1316787600517273
0.13177502155303955
0.13190840184688568
0.1320313662290573
0.13221392035484314
0.132364422082901
0.1326517015695572
0.13283737003803253
0.13306687772274017
0.13318686187267303
0.13333281874656677
0.13338212668895721
0.1334204226732254
0.13340336084365845
0.13330841064453125
0.13317708671092987
0.1329478919506073
0.13273127377033234
0.13232101500034332
0.1320272535085678
0.13173425197601318
0.1313709318637848
0.13093434274196625
0.13030223548412323
0.12974441051483154
0.12880553305149078
0.12821409106254578
0.12758851051330566
0.12695497274398804
0.12621814012527466
0.1255585253238678
0.12484080344438553
0.1243157908320427
0.12382590025663376
0.12343656271696091
0.12309112399816513
0.12282693386077881
0.12266560643911362
0.12256511300802231
0.12249867618083954
0.12248672544956207
0.12250353395938873
0.12254886329174042
0.122654028236866
0.12268422544002533
0.12275296449661255
0.12282101809978485
0.12297730147838593
0.12310761958360672
0.12322710454463959
0.1233815848827362
0.12349577248096466
0.12362279742956161
0.12363431602716446
0.12382259964942932
0.12390740215778351
0.12402109801769257
0.1240418329834938
0.12417258322238922
0.12420415133237839
0.12433049082756042
0.12437880784273148
0.12441273778676987
0.12445937097072601
0.12466366589069366
0.12449230998754501
0.12466689944267273
0.12488295882940292
0.12546849250793457
0.12585359811782837
0.12619324028491974
0.12665051221847534
0.12568579614162445
0.12625843286514282
0.12677790224552155
0.1272394061088562
0.12763981521129608
0.12796223163604736
0.1282104104757309
0.1283896118402481
0.1285051703453064
0.12853612005710602
0.12853100895881653
0.1284589022397995
0.12834297120571136
0.12814852595329285
0.12798769772052765
0.12777268886566162
0.12762132287025452
0.12740109860897064
0.1272605061531067
0.12708866596221924
0.12696170806884766
0.12682703137397766
0.1266852468252182
0.12656165659427643
0.12645824253559113
0.12639684975147247
0.12633594870567322
0.1263376921415329
0.12632599472999573
0.1263941079378128
0.12643732130527496
0.12660717964172363
0.1267290860414505
0.12684446573257446
0.1270385980606079
0.1264355182647705
0.12665343284606934
0.1269076019525528
0.1271638721227646
0.12738677859306335
0.12757083773612976
0.12772618234157562
0.12781646847724915
0.12800899147987366
0.12805867195129395
0.1281328946352005
0.1281127780675888
0.12814882397651672
0.1281668245792389
0.12811526656150818
0.1280634105205536
0.12799504399299622
0.12799179553985596
0.12794329226016998
0.1278696358203888
0.1275644153356552
0.12758129835128784
0.12699969112873077
0.12690111994743347
0.12675026059150696
0.12661968171596527
0.12648500502109528
0.1263647824525833
0.12624648213386536
0.12615743279457092
0.12606248259544373
0.12595240771770477
0.12584207952022552
0.1257120668888092
0.12562265992164612
0.1254689246416092
0.12552303075790405
0.1254156231880188
0.12526531517505646
0.12563510239124298
0.1254330575466156
0.12520262598991394
0.12497778236865997
0.12474840134382248
0.12454598397016525
0.12434698641300201
0.12418671697378159
0.12402022629976273
0.12396779656410217
0.12384781986474991
0.12358543276786804
0.12345904111862183
0.12331695109605789
0.12350517511367798
0.12338607013225555
0.12327156215906143
0.1230391338467598
0.12299411743879318
0.12296273559331894
0.12317673861980438
0.12303595244884491
0.12309902906417847
0.12324945628643036
0.12340480834245682
0.12356358021497726
0.12370236963033676
0.12387434393167496
0.12402228266000748
0.12425066530704498
0.12430987507104874
0.1248607262969017
0.12495966255664825
0.12517504394054413
0.1253443956375122
0.1256108283996582
0.12579798698425293
0.1257709115743637
0.12616939842700958
0.12633414566516876
0.1265038698911667
0.12654715776443481
0.12668749690055847
0.12684258818626404
0.12694595754146576
0.12706606090068817
0.12714874744415283
0.1272651106119156
0.12733373045921326
0.12743322551250458
0.12747812271118164
0.1275523453950882
0.12758789956569672
0.12764872610569
0.12767855823040009
0.12770557403564453
0.12770408391952515
0.12768059968948364
0.12763291597366333
0.12755054235458374
0.12745216488838196
0.12730365991592407
0.1272035390138626
0.1268341839313507
0.12664614617824554
0.1262233704328537
0.12590184807777405
0.12548984587192535
0.12488874793052673
0.12437780946493149
0.12367802113294601
0.12253528833389282
0.12188637256622314
0.12135526537895203
0.12071219831705093
0.1200857013463974
0.1195947453379631
0.11914345622062683
0.1187303364276886
0.11841035634279251
0.11819106340408325
0.11804822832345963
0.11793945729732513
0.11786697804927826
0.11794064193964005
0.11805321276187897
0.11846614629030228
0.1186777800321579
0.11904501914978027
0.11921493709087372
0.11960034817457199
0.11981403827667236
0.12018059194087982
0.12041345238685608
0.12063922733068466
0.1207854226231575
0.12094606459140778
0.12099325656890869
0.12105919420719147
0.1210787445306778
0.12103553861379623
0.12106529623270035
0.12041781097650528
0.12038805335760117
0.1202152669429779
0.12012448906898499
0.11985326558351517
0.11948223412036896
0.11924164742231369
0.11892397701740265
0.11868606507778168
0.11839890480041504
0.11821173876523972
0.11796629428863525
0.11781075596809387
0.11776380985975266
0.1176278218626976
0.11763778328895569
0.11771243810653687
0.1177508607506752
0.11785303056240082
0.11803223192691803
0.11819984763860703
0.11848725378513336
0.11889035254716873
0.11930745840072632
0.11976578831672668
0.12018146365880966
0.12067633122205734
0.12103883922100067
0.12151995301246643
0.12150774896144867
0.12186620384454727
0.12217304110527039
0.12252470850944519
0.12277444452047348
0.12316092103719711
0.12331657856702805
0.12361488491296768
0.12344446778297424
0.12362397462129593
0.12359396368265152
0.12342411279678345
0.12330207228660583
0.12276984006166458
0.12259387969970703
0.12231095135211945
0.12197858840227127
0.12144454568624496
0.12107089906930923
0.12069719284772873
0.12034951150417328
0.11987493187189102
0.11960047483444214
0.11942924559116364
0.11902827024459839
0.11890118569135666
0.11869969964027405
0.11851826310157776
0.11840512603521347
0.11827001720666885
0.11822506040334702
0.11814785748720169
0.11815134435892105
0.11813060939311981
0.11815563589334488
0.11821049451828003
0.11829131096601486
0.1183779165148735
0.11849398165941238
0.11860337853431702
0.11875747889280319
0.11887434870004654
0.11899507790803909
0.11920304596424103
0.11928180605173111
0.11944674700498581
0.11946181207895279
0.1195446252822876
0.119542695581913
0.11956224590539932
0.11959082633256912
0.11961909383535385
0.1196352168917656
0.11964200437068939
0.11963260173797607
0.11961080878973007
0.11957631260156631
0.11951174587011337
0.11945745348930359
0.11933504045009613
0.11925546824932098
0.11908579617738724
0.11896917968988419
0.11862548440694809
0.11851932108402252
0.11822151392698288
0.11792849749326706
0.11779114603996277
0.11747895181179047
0.11724869906902313
0.11697753518819809
0.11679884046316147
0.11661721765995026
0.11651180684566498
0.11640097200870514
0.11637140065431595
0.11629506200551987
0.11633597314357758
0.11628665775060654
0.11653820425271988
0.11654660850763321
0.11664455384016037
0.11665843427181244
0.11722833663225174
0.11728157103061676
0.11741936206817627
0.11755858361721039
0.11773915588855743
0.11789082735776901
0.11802344769239426
0.11844360828399658
0.11851982027292252
0.11857566982507706
0.11860742419958115
0.11864060908555984
0.11865007877349854
0.11866538971662521
0.11865785717964172
0.11865711212158203
0.11863481998443604
0.11862105876207352
0.11858575791120529
0.11858874559402466
0.11844167858362198
0.118461474776268
0.11841645836830139
0.11837442964315414
0.1183256208896637
0.11830413341522217
0.1182437390089035
0.11842299997806549
0.11833352595567703
0.11826777458190918
0.11814069002866745
0.11803970485925674
0.11794842034578323
0.11779114603996277
0.11771555244922638
0.11757141351699829
0.11749345809221268
0.11737161129713058
0.11727023869752884
0.11719552427530289
0.11708544194698334
0.11698158830404282
0.11688681691884995
0.11680518835783005
0.11666198074817657
0.11656827479600906
0.11645607650279999
0.11638758331537247
0.11632264405488968
0.1162477433681488
0.11624637246131897
0.11617650836706161
0.11621113121509552
0.1161893978714943
0.11625241488218307
0.11635072529315948
0.11648552864789963
0.1166684627532959
0.11682106554508209
0.11702492088079453
0.11726376414299011
0.11753834784030914
0.11776717007160187
0.11805757135152817
0.11826241761445999
0.11857043951749802
0.11872473359107971
0.11892646551132202
0.11900697648525238
0.11908430606126785
0.11908293515443802
0.11905983835458755
0.11902116984128952
0.11894726008176804
0.11885162442922592
0.11870760470628738
0.1185591071844101
0.11836876720190048
0.11817998439073563
0.11795807629823685
0.11773964762687683
0.11756163835525513
0.11710779368877411
0.11698027700185776
0.11684031039476395
0.11675506830215454
0.11666963994503021
0.11662144958972931
0.1166205182671547
0.11664847284555435
0.11669380217790604
0.1167549416422844
0.11682486534118652
0.11690886318683624
0.11699596792459488
0.11711327731609344
0.11724259704351425
0.11725374311208725
0.11739346385002136
0.11754277348518372
0.11771169304847717
0.11787470430135727
0.11802606284618378
0.11822929233312607
0.11833975464105606
0.11845942586660385
0.11852479726076126
0.11861664056777954
0.1186835765838623
0.11876209080219269
0.11878973245620728
0.11885318160057068
0.11887354403734207
0.1189323216676712
0.11895068734884262
0.11893213540315628
0.118927963078022
0.11893288046121597
0.11890716105699539
0.11870362609624863
0.11861246824264526
0.11860113590955734
0.11851701885461807
0.11843196302652359
0.11829118430614471
0.1181642934679985
0.11800900846719742
0.11783366650342941
0.1176452562212944
0.11723045259714127
0.11697137355804443
0.11668794602155685
0.116465725004673
0.11620029807090759
0.11598299443721771
0.11576388776302338
0.11558076739311218
0.11543251574039459
0.11523190140724182
0.11510202288627625
0.11493976414203644
0.11487874388694763
0.11476249247789383
0.11466971784830093
0.11447035521268845
0.11428704857826233
0.11413892358541489
0.1139623373746872
0.11376365274190903
0.11345432698726654
0.1131589487195015
0.11276668310165405
0.11243070662021637
0.11202194541692734
0.11170221865177155
0.11123156547546387
0.110944963991642
0.11064858734607697
0.11037929356098175
0.11011871695518494
0.10983603447675705
0.10977788269519806
0.1096009910106659
0.10949651151895523
0.10938561707735062
0.10933039337396622
0.10930778831243515
0.1092572957277298
0.10928387939929962
0.10934527218341827
0.10942578315734863
0.10951954871416092
0.10962116718292236
0.1097102016210556
0.10981026291847229
0.10983286052942276
0.10994549840688705
0.11000950634479523
0.11014499515295029
0.11025233566761017
0.11045562475919724
0.11061010509729385
0.11077273637056351
0.11099744588136673
0.111391082406044
0.11160402745008469
0.11184760183095932
0.11209205538034439
0.1124584749341011
0.1127466931939125
0.11309412866830826
0.11341466754674911
0.11377984285354614
0.1140989437699318
0.11447115987539291
0.11478889733552933
0.11515425890684128
0.11545705050230026
0.11568711698055267
0.11601636558771133
0.11618416756391525
0.11637893319129944
0.11648640036582947
0.11659672856330872
0.11665575951337814
0.11668265610933304
0.11670613288879395
0.11666827648878098
0.11664921790361404
0.11656242609024048
0.1165490373969078
0.11642226576805115
0.11638646572828293
0.11626797914505005
0.11617526412010193
0.11613254994153976
0.11609214544296265
0.116063192486763
0.11601867526769638
0.11607514321804047
0.1161009818315506
0.11619886755943298
0.11626841127872467
0.11637762188911438
0.11642830818891525
0.11653640121221542
0.11668851226568222
0.11680830270051956
0.11697137355804443
0.11711763590574265
0.11730311810970306
0.11744607239961624
0.11745292693376541
0.11749264597892761
0.11760883033275604
0.11758013069629669
0.11767283827066422
0.11771480739116669
0.11775123327970505
0.11775752156972885
0.11772701144218445
0.1176803782582283
0.11759693920612335
0.11748915910720825
0.11737366020679474
0.1172356829047203
0.11708631366491318
0.11684304475784302
0.11665750294923782
0.11643584072589874
0.11630626767873764
0.11604849994182587
0.11581680923700333
0.11557379364967346
0.11537915468215942
0.1152167096734047
0.11481112241744995
0.1147538423538208
0.11472775042057037
0.11472812294960022
0.11477463692426682
0.11482488363981247
0.1149372085928917
0.11500557512044907
0.11511995643377304
0.11524011939764023
0.11544471979141235
0.11559583991765976
0.11566849797964096
0.11579003930091858
0.11588287353515625
0.11596294492483139
0.11599955707788467
0.11599943041801453
0.11593411862850189
0.11582708358764648
0.11571419984102249
0.11556601524353027
0.11540748924016953
0.11518190801143646
0.11500370502471924
0.11470788717269897
0.11447078734636307
0.11419402062892914
0.11394994705915451
0.1136227548122406
0.11324798315763474
0.11295086145401001
0.11265572905540466
0.11251532286405563
0.11233687400817871
0.11221221834421158
0.11208682507276535
0.11198277771472931
0.11197257041931152
0.11194174736738205
0.11202462017536163
0.11209447681903839
0.11222890764474869
0.11238494515419006
0.11255460977554321
0.11279420554637909
0.1129826158285141
0.11321461200714111
0.1133856475353241
0.11356758326292038
0.11370225995779037
0.11381508409976959
0.11390138417482376
0.11396688222885132
0.11400287598371506
0.11402036994695663
0.11400212347507477
0.11397454142570496
0.11385586857795715
0.11376365274190903
0.11363203078508377
0.11351478844881058
0.11332917958498001
0.11309338361024857
0.11268474161624908
0.11238045990467072
0.11210083216428757
0.11178670823574066
0.11149095743894577
0.11116624623537064
0.11091712862253189
0.11064740270376205
0.11044846475124359
0.11023514717817307
0.11000153422355652
0.10970964282751083
0.10904484987258911
0.10887181758880615
0.10871733725070953
0.10857419669628143
0.10844225436449051
0.10831916332244873
0.10820639878511429
0.10810054838657379
0.10799520462751389
0.10788486897945404
0.10775206238031387
0.10760561376810074
0.10743426531553268
0.10728825628757477
0.10711497068405151
0.10691728442907333
0.10663878172636032
0.10643529891967773
0.1061832532286644
0.10603363066911697
0.10577592253684998
0.10566627979278564
0.10562493652105331
0.10560108721256256
0.10567692667245865
0.10580088943243027
0.10597790777683258
0.10665839165449142
0.10684848576784134
0.10708826035261154
0.10739155113697052
0.107810840010643
0.10825701802968979
0.10872013866901398
0.10917361080646515
0.10966400057077408
0.11019175499677658
0.11068999022245407
0.11115504056215286
0.1115594431757927
0.11198090761899948
0.11235705018043518
0.11276867240667343
0.11317525804042816
0.11349871754646301
0.113833948969841
0.11412123590707779
0.1144256442785263
0.11465752124786377
0.11480390280485153
0.11497966945171356
0.11499293148517609
0.11496809124946594
0.11481479555368423
0.11468254774808884
0.11437135189771652
0.11405841261148453
0.11367075890302658
0.11326958984136581
0.11288915574550629
0.11247410625219345
0.11225169897079468
0.11183508485555649
0.1114070862531662
0.11103275418281555
0.11068525910377502
0.11032107472419739
0.11001573503017426
0.10974295437335968
0.10953162610530853
0.10936090350151062
0.10923313349485397
0.10913419723510742
0.10905356705188751
0.10898501425981522
0.10892162472009659
0.10889964550733566
0.10885568708181381
0.10878794640302658
0.10872332006692886
0.10864362120628357
0.1085755005478859
0.1085200235247612
0.10842880606651306
0.10840184986591339
0.10832905769348145
0.10835707932710648
0.10797104239463806
0.1080404669046402
0.1081194207072258
0.10824133455753326
0.10834680497646332
0.10844630748033524
0.1085289940237999
0.10860545188188553
0.10866491496562958
0.10868876427412033
0.10873203724622726
0.1087549477815628
0.1088009625673294
0.10883016139268875
0.10887312144041061
0.10894641280174255
0.10898401588201523
0.10906178504228592
0.10913295298814774
0.10917958617210388
0.10926258563995361
0.10928282141685486
0.10941332578659058
0.1095316931605339
0.11007930338382721
0.11032524704933167
0.1104477196931839
0.11072161793708801
0.11101556569337845
0.11133666336536407
0.11162868142127991
0.11193165928125381
0.11230107396841049
0.11265404522418976
0.11285117268562317
0.11310514807701111
0.11325950175523758
0.1133987233042717
0.11347667872905731
0.11353202909231186
0.11352549493312836
0.11353302747011185
0.11351260542869568
0.11354809999465942
0.11343253403902054
0.11333944648504257
0.1131611242890358
0.11304905265569687
0.11283000558614731
0.1126985028386116
0.11241631954908371
0.11225437372922897
0.11217585951089859
0.11210300773382187
0.11208128184080124
0.11170800775289536
0.11170109361410141
0.11175713688135147
0.11188408732414246
0.11199728399515152
0.11224465817213058
0.11236751079559326
0.11252341419458389
0.11273611336946487
0.11287172138690948
0.11312706768512726
0.11321255564689636
0.11332861334085464
0.11337537318468094
0.1133769303560257
0.11333129554986954
0.11320669949054718
0.11308080703020096
0.11283984035253525
0.11264675855636597
0.11234390735626221
0.11213968694210052
0.11183265596628189
0.11165134608745575
0.11136169731616974
0.11117004603147507
0.1109289601445198
0.1107601597905159
0.11060213297605515
0.11038041114807129
0.11025083810091019
0.11010576784610748
0.10994649678468704
0.10980839282274246
0.10982140898704529
0.10973846912384033
0.10974444448947906
0.10970715433359146
0.10973323881626129
0.10970646888017654
0.10973965376615524
0.10977613925933838
0.10986025631427765
0.10991374403238297
0.11002177000045776
0.11018440872430801
0.11033875495195389
0.11058700829744339
0.11072510480880737
0.11088550090789795
0.11103574186563492
0.1111942008137703
0.11133130639791489
0.11146467924118042
0.11157457530498505
0.11167930066585541
0.11176279932260513
0.11184436827898026
0.1119089350104332
0.1119660884141922
0.11201577633619308
0.11201938986778259
0.11206882447004318
0.11207399517297745
0.11209354549646378
0.11210020631551743
0.11209198832511902
0.1120719388127327
0.11200625449419022
0.11198302358388901
0.11191428452730179
0.11187911033630371
0.11180464178323746
0.11174816638231277
0.1116560772061348
0.11155664175748825
0.11144518852233887
0.11131219565868378
0.11124202609062195
0.11109663546085358
0.11102428287267685
0.11089327931404114
0.11082286387681961
0.11076445877552032
0.11077024787664413
0.11077659577131271
0.11078581213951111
0.11080144345760345
0.11083170026540756
0.11084645986557007
0.11083768308162689
0.11082646995782852
0.1107509434223175
0.11071501672267914
0.1106523796916008
0.11056826263666153
0.11044834554195404
0.11030899733304977
0.11026628315448761
0.11006492376327515
0.10990583896636963
0.10976754873991013
0.10955597460269928
0.10938599705696106
0.10917628556489944
0.10900823771953583
0.10875849425792694
0.10867026448249817
0.1084890142083168
0.10829182714223862
0.10817321389913559
0.10806892067193985
0.10793107002973557
0.10783835500478745
0.10777491331100464
0.1077057346701622
0.10773132741451263
0.10768811404705048
0.10770579427480698
0.10770343244075775
0.10772690176963806
0.10772205144166946
0.10775710642337799
0.10775729268789291
0.10778393596410751
0.10776326805353165
0.10777964442968369
0.10779564827680588
0.1077214851975441
0.10771077871322632
