0.0006006876938045025
0.0005977987311780453
0.0005982114817015827
0.0005985553725622594
0.0005988305201753974
0.0005991056677885354
0.0005993807571940124
0.0005994495586492121
0.0005996559048071504
0.0005996559048071504
0.0005997935077175498
0.0005997935077175498
0.0005998622509650886
0.0005999310524202883
0.0005999310524202883
0.0005999310524202883
0.0006001373985782266
0.0006001373985782266
0.0006001373985782266
0.0006001373985782266
0.0006001373985782266
0.0006001373985782266
0.0006001373985782266
0.0006001373985782266
0.0006001373985782266
0.0006001373985782266
0.0006001373985782266
0.0006001373985782266
0.0006001373985782266
0.0006001373985782266
0.0006001373985782266
0.0006001373985782266
0.0006001373985782266
0.0006001373985782266
0.0006001373985782266
0.0006001373985782266
0.0006001373985782266
0.0006001373985782266
0.0006001373985782266
0.0006001373985782266
0.0006001373985782266
0.0006001373985782266
0.0006001373985782266
0.0006001373985782266
0.0006001373985782266
0.0006001373985782266
0.0006001373985782266
0.0006001373985782266
0.0006001373985782266
0.0005999310524202883
0.0005999310524202883
0.0005999310524202883
0.0005998622509650886
0.0005997247062623501
0.0005995871033519506
0.0005993807571940124
0.0005991056677885354
0.000598692917264998
0.000598142680246383
0.0005973860388621688
0.0005962167051620781
0.0005944971344433725
0.0005918145761825144
0.0005876875366084278
0.0005831478629261255
0.0005799838108941913
0.0005775763420388103
0.0005744810914620757
0.000569803814869374
0.0005634757108055055
0.0005552904331125319
0.0005469676107168198
0.0005395389744080603
0.0005343114607967436
0.0005324542871676385
0.0005326606333255768
0.0005334860179573298
0.0005347241531126201
0.0005360310315154493
0.0005372691666707397
0.0005385760450735688
0.0005397453205659986
0.0005407771095633507
0.0005419464432634413
0.0005429781740531325
0.0005439411615952849
0.0005449728923849761
0.0005459358799271286
0.0005469676107168198
0.0005479993997141719
0.0005490311305038631
0.0005502692656591535
0.0005515761440619826
0.00055308936862275
0.0005548777407966554
0.000557147606741637
0.0005598989664576948
0.000563338166102767
0.0005675339489243925
0.0005726239178329706
0.0005784017848782241
0.0005845922860316932
0.0005891320179216564
0.0005929151084274054
0.0005962167051620781
0.0005977299879305065
0.0005984178278595209
0.0005984178278595209
0.0005980050773359835
0.00059731729561463
0.0005964231095276773
0.0005954601219855249
0.0005942907882854342
0.0005929151084274054
0.0005914018838666379
0.0005896135116927326
0.0005874811904504895
0.0005849362351000309
0.0005817721830680966
0.0005779890343546867
0.0005731054116040468
0.0005672588013112545
0.0005602428573183715
0.0005517136887647212
0.0005415337509475648
0.0005292214336805046
0.0005142266163602471
0.0004957237979397178
0.00047096170601435006
0.0004404905193950981
0.000404241553042084
0.00035684960312210023
0.0002893040655180812
0.00018076345440931618
1.987847645068541e-05
0.000264541944488883
0.00031784927705302835
0.0003842255100607872
0.0004688981862273067
0.0005314224981702864
0.0005761319189332426
0.0005735181039199233
0.0005283272475935519
0.00042074962402693927
0.0002849706797860563
0.00012945084017701447
2.9439404897857457e-05
0.0001958958455361426
0.0003091137623414397
0.0003841567086055875
0.00045699861948378384
0.0005081048584543169
0.0005555655807256699
0.0005891320179216564
0.0006198782939463854
0.0006445716135203838
0.0006653442978858948
0.0006810269551351666
0.0006916884449310601
0.0006961593753658235
0.0006945085478946567
0.000682540237903595
0.0006700903759337962
0.0006546828662976623
0.0006369366310536861
0.0006208412814885378
0.0005988993216305971
0.0005836980999447405
0.000569803814869374
0.0005552904331125319
0.0005446977447718382
0.0005338987102732062
0.0005278457538224757
0.0005232372786849737
0.0005242690094746649
0.0005257134907878935
0.0005303219659253955
0.0005348616978153586
0.0005412586033344269
0.0005471052136272192
0.0005552216898649931
0.0005627878708764911
0.0005722112255170941
0.0005819785292260349
0.0005931902560405433
0.0006048146751709282
0.0006176772294566035
0.0006303334375843406
0.0006434710812754929
0.0006546140648424625
0.0006644501117989421
0.0006672702729701996
0.0006667199777439237
0.0006516563589684665
0.0006361800478771329
0.0006014442769810557
0.0005988305201753974
0.0005695974687114358
0.0005112001090310514
0.00045349064748734236
0.00039543723687529564
0.0003371087077539414
0.0002357903722440824
0.00021481135627254844
0.00019644612621050328
0.00024748360738158226
0.0003647597332019359
0.0004079558711964637
0.0005219304002821445
0.0005767509574070573
0.0007033816655166447
0.0009245211258530617
0.0009972942061722279
0.0009453625534661114
0.0009536853758618236
0.0008921240223571658
0.0008921240223571658
0.0008398484205827117
0.0007914247689768672
0.0008542930008843541
0.0006861857254989445
0.000685497943777591
0.0006872863159514964
0.0004757765564136207
0.0005083112046122551
0.0005208298680372536
0.0005216552526690066
0.0005502692656591535
0.0005580417928285897
0.0005576979019679129
0.0005927775637246668
0.0005612058448605239
0.0005985553725622594
0.000560930697247386
0.000577094848267734
0.0005435284692794085
0.000540158071089536
0.0005283960490487516
0.0004761892487294972
0.0004846496449317783
0.0004400778270792216
0.00044503025128506124
0.0003959875029977411
0.0003696433559525758
0.00038766468060202897
0.00035973850754089653
0.00038106145802885294
0.0003900033188983798
0.000356505683157593
0.0003790667396970093
0.0003543733910191804
0.00038154295179992914
0.0003752148477360606
0.0003701936511788517
0.0003790667396970093
0.0003860138822346926
0.0003956435830332339
0.0004069928836543113
0.000427421648055315
0.00044372337288223207
0.0004702738660853356
0.0005153271486051381
0.000522893329616636
0.0006045395275577903
0.0005731054116040468
0.0006714660557918251
0.0006598416366614401
0.0006769687170162797
0.0006914820987731218
0.0006462912424467504
0.0006454658578149974
0.0005887880688533187
0.000563338166102767
0.0005271579138934612
0.0004987503052689135
0.0004444112128112465
0.00042377610225230455
0.00038566996227018535
0.0003685428237076849
0.0003571247507352382
0.00033607694786041975
0.0003261033270973712
0.0002946691820397973
0.00030044701998122036
0.0002782298834063113
0.00029687024652957916
0.00027836745721288025
0.0003032671520486474
0.0002853834012057632
0.00036579149309545755
0.00011046654981328174
0.00016267334285657853
0.00016212307673413306
0.0003267911379225552
0.000261584238614887
0.0002833198814187199
0.00025374290999025106
0.00024328779545612633
0.00024514493998140097
0.00023668455833103508
0.00025216088397428393
0.0002530550700612366
0.0002689441025722772
0.0002776796172838658
0.00028675905195996165
0.00029398134211078286
0.00028985433164052665
0.0002900606777984649
0.0002679811150301248
0.0002669493551366031
0.00024218724865932018
0.00022884322970639914
0.00022547283151652664
0.00021357325022108853
0.00020889595907647163
0.00019046194211114198
0.00019156248890794814
0.00019568949937820435
0.00017106495215557516
0.0002403988764854148
0.00019706517923623323
0.0002599334402475506
0.0002637853322084993
0.00028923526406288147
0.0002920553961303085
0.0003316747897770256
0.00029233054374344647
0.00033318804344162345
0.00034116694587282836
0.0003651036531664431
0.0003992203273810446
0.0004037600592710078
0.00043361217831261456
0.00043485028436407447
0.0004634642682503909
0.00046951722470112145
0.0004898083861917257
0.0004990254528820515
0.0005178721621632576
0.0005154646933078766
0.0005405019619502127
0.0005109250196255744
0.0005188350914977491
0.00041449032141827047
0.00039832614129409194
0.0003803736180998385
0.00035918824141845107
0.00033848435850813985
0.0003256906056776643
0.00030684389639645815
0.0003009284846484661
0.00028387014754116535
0.00028662150725722313
0.00026316626463085413
0.00026908167637884617
0.0002467957674525678
0.0002476211520843208
0.0002366157714277506
0.00023689090448897332
0.00024273752933368087
0.000248102645855397
0.00025291749625466764
0.0002577323466539383
0.00025498101604171097
0.0002861400134861469
0.0002709388209041208
0.00028696542722173035
0.0002895791840273887
0.0002966639003716409
0.0003031983505934477
0.0003102830669376999
0.000308907387079671
0.00031571698491461575
0.0003133783466182649
0.00030388619052246213
0.0003078068548347801
0.0002860712120309472
0.00028937283786945045
0.0002700446348171681
0.000261584238614887
0.00025766357430256903
0.00023991739726625383
0.00023737239826004952
0.0002238908055005595
0.000220520407310687
0.00020580069394782186
0.00019706517923623323
0.0001881920761661604
0.00017753061547409743
0.00017663642938714474
0.00016817603318486363
0.00016907023382373154
0.00015854633238632232
0.00016171036986634135
0.0001611601037438959
0.00016384266200475395
0.00016803847393020988
0.00017319724429398775
0.0001827581727411598
0.000183583571924828
0.00019376355339773
0.0001996789505938068
0.00021254149032756686
0.00022162093955557793
0.00023716605210211128
0.0002454888599459082
0.0002603461325634271
0.00026860018260776997
0.0002799494832288474
0.0002901982516050339
0.00029349984833970666
0.00031612967723049223
0.0003075317363254726
0.00033305046963505447
0.0002938437683042139
0.00031523549114353955
0.00027458436670713127
0.00029872742015868425
0.000278986495686695
0.0002861400134861469
0.00027300234069116414
0.00025890168035402894
0.0002450761676300317
0.00022636701760347933
0.00021708122221753
0.00019905989756807685
0.0001894989691209048
0.00018048830679617822
0.00017189035133924335
0.00016686915478203446
0.0001611601037438959
0.0001598532107891515
0.00014650919183623046
0.00014561500574927777
0.00014692188415210694
0.00014692188415210694
0.00014705945795867592
0.00014891661703586578
0.00013873663556296378
0.00014362027286551893
0.00014031866157893091
0.00014692188415210694
0.0001467843248974532
0.00015496957348659635
0.00015441930736415088
0.00015806483861524612
0.00015992199769243598
0.00016067862452473491
0.00016480563499499112
0.00016432415577583015
0.0001700331922620535
0.00016865752695593983
0.000169620499946177
0.0001615040237084031
0.0001598532107891515
0.00016356752894353122
0.00015957807772792876
0.00015118648298084736
0.00014650919183623046
0.00013749852951150388
0.00013467839744407684
0.00011562532745301723
0.00011342424841132015
0.00010709615162340924
0.00010124954133061692
9.615955059416592e-05
9.07256398932077e-05
8.570443606004119e-05
8.157741831382737e-05
7.579958764836192e-05
7.242918945848942e-05
6.479420699179173e-05
6.204285455169156e-05
5.915394285693765e-05
6.032326564309187e-05
5.9841779147973284e-05
6.555082654813305e-05
6.850851787021384e-05
7.518053462263197e-05
8.033931226236746e-05
8.56356491567567e-05
9.127591329161078e-05
9.485266491537914e-05
0.00010138710786122829
0.00010241886047879234
0.00011156708933413029
0.00010620196553645656
0.00011046654981328174
0.00011287398228887469
0.00011693221313180402
0.00012250369763933122
0.0001296571863349527
0.00013818636944051832
0.00014575256500393152
0.00015524470654781908
0.0001603347045602277
0.0001683823938947171
0.00017092737834900618
0.00017794332234188914
0.00018131372053176165
0.0001861285709310323
0.00018977410218212754
0.00019032438285648823
0.0001962397655006498
0.0001962397655006498
0.00020580069394782186
0.00020249908266123384
0.00021467379701789469
0.00021157853188924491
0.00022045162040740252
0.0002268484968226403
0.0002294622827321291
0.00023551523918285966
0.00023922955733723938
0.00024370048777200282
0.00024748360738158226
0.0002513354702387005
0.00025415560230612755
0.00026048370636999607
0.00024452590150758624
0.00024940952425822616
0.0002498222456779331
0.0002509915502741933
0.0002497534442227334
0.00024143063637893647
0.00023413955932483077
0.0002247849915875122
0.00021254149032756686
0.00020194881653878838
0.0001874354638857767
0.00017691156244836748
0.0001628109166631475
0.00015338754747062922
0.0001416255545336753
0.00013426569057628512
0.0001262867881450802
0.00012016504479106516
0.00012099045125069097
0.0001141120883403346
0.0001132178949774243
0.00010702737199608237
0.00010757763811852783
0.00010551412560744211
0.00010523899254621938
0.00010688979818951339
0.00010530777944950387
0.00010826547804754227
0.0001090220976038836
0.00011507505405461416
0.0001204401851282455
0.00012786881416104734
0.0001364667696179822
0.00014478959201369435
0.00016301726282108575
0.0001700331922620535
0.00018887991609517485
0.0001928693673107773
0.0002057319215964526
0.00021384838328231126
0.00022794902906753123
0.00023331416014116257
0.00023806023818906397
0.0002369596913922578
0.00024349414161406457
0.00023723482445348054
0.0002370284782955423
0.00023035646881908178
0.00022863686899654567
0.00022616065689362586
0.00021935107361059636
0.0002199701266363263
0.00021467379701789469
0.00021302298409864306
0.00021178487804718316
0.00021006529277656227
0.00021130338427610695
0.00021150974498596042
0.00021405474399216473
0.00022526647080667317
0.00022932470892556012
0.0002396422642050311
0.00024328779545612633
0.00027664785739034414
0.000281944201560691
0.00028696542722173035
0.00029948403243906796
0.000312965625198558
0.00032713505788706243
0.0003410293720662594
0.0003540294710546732
0.0003686116251628846
0.0003841567086055875
0.0003900721203535795
0.0003982573689427227
0.00039839494274929166
0.00039330494473688304
0.0003888340143021196
0.0003802360442932695
0.0003629025595728308
0.00034357435652054846
0.00032596575329080224
0.00028896014555357397
0.0002776796172838658
0.0002568381605669856
0.00024480102001689374
0.00022774268290959299
0.0002162558084819466
0.0002031181356869638
0.00019541436631698161
0.00018076345440931618
0.00017436656344216317
0.00016638766101095825
0.0001607474114280194
0.00015338754747062922
0.00015077377611305565
0.00013756731641478837
0.0001419694599462673
0.00012903813330922276
0.00013605407730210572
0.0001526309351902455
0.00015668917330913246
0.0001776681892806664
0.00018262061348650604
0.00019527679251041263
0.0002018800296355039
0.00021295419719535857
0.00021866324823349714
0.00022843052283860743
0.00023303902707993984
0.0002429438754916191
0.00024727723211981356
0.0002564942406024784
0.0002580762666184455
0.0002657112490851432
0.0002628911461215466
0.00026935679488815367
0.0002588329080026597
0.0002603461325634271
0.0002467269659973681
0.00023640942526981235
0.0002256103907711804
0.00021212879801169038
0.0002005731366807595
0.00017876872152555734
0.0001679009001236409
0.00014898540393915027
0.00013839271559845656
0.00013013868010602891
0.00012174707080703229
0.00011431843449827284
0.00011521262058522552
0.00011005385022144765
0.00010489507258171216
0.00010888453107327223
0.00010510142601560801
0.00010159346129512414
0.00010021778871305287
9.6709823992569e-05
0.00010228129394818097
0.00010214372741756961
0.00010228129394818097
0.00010970993025694042
0.00011431843449827284
0.0001242232829099521
0.00012945084017701447
0.00014286366058513522
0.0001487790432292968
0.00016171036986634135
0.00016907023382373154
0.0001759485894581303
0.00018179519975092262
0.00018468411872163415
0.00018922383605968207
0.00018887991609517485
0.0001933508610818535
0.00019280059495940804
0.00019094343588221818
0.00019114978204015642
0.0001875042507890612
0.00018722911772783846
0.00018090101366396993
0.00017670521629042923
0.00017216548440046608
0.00016693792713340372
0.00016508076805621386
0.00015916538541205227
0.0001725781912682578
0.00016893266001716256
0.0001683136069914326
0.00016762576706241816
0.00016693792713340372
0.00016927657998166978
0.000169620499946177
0.00017216548440046608
0.00017409143038094044
0.0001773242693161592
0.00017883750842884183
0.00018289574654772878
0.00018351479957345873
0.00018702275701798499
0.00018805451691150665
0.00019156248890794814
0.00019142491510137916
0.00019355720723979175
0.00019527679251041263
0.00019665247236844152
0.00019734031229745597
0.00019809692457783967
0.00019830328528769314
0.00019850963144563138
0.0001976154453586787
0.00019816571148112416
0.00019720273849088699
0.0001963085524039343
0.0001967900461750105
0.00018674762395676225
0.00018722911772783846
0.0001826893858378753
0.00018578465096652508
0.00018213911971542984
0.00018936140986625105
0.00017140887212008238
0.00017526074952911586
0.0001602659176569432
0.00016171036986634135
0.00015854633238632232
0.00015889025235082954
0.00015717065252829343
0.00015655159950256348
0.0001569643063703552
0.00015710186562500894
0.00015806483861524612
0.0001590278116054833
0.0001607474114280194
0.0001623982097953558
0.0001657686079852283
0.00016652523481752723
0.00017113373905885965
0.000173059685039334
0.0001742977910907939
0.00017546711023896933
0.00017539832333568484
0.0001793189876480028
0.00017787453543860465
0.00017952534835785627
0.00017794332234188914
0.00017821845540311188
0.00017691156244836748
0.0001746416965033859
0.0001738162973197177
0.00016948292613960803
0.00017072103219106793
0.0001641178096178919
0.0001674882078077644
0.0001601971307536587
0.00016067862452473491
0.00015331877511925995
0.0001487790432292968
0.00014300121983978897
0.00014066258154343814
0.00013454083818942308
0.00013412813132163137
0.00012724976113531739
0.00012649314885493368
0.00012745612184517086
0.0001255301758646965
0.00013364663755055517
0.0001280751748709008
0.0001275936810998246
0.00012945084017701447
0.0001263555750483647
0.0001268370688194409
0.00012539260205812752
0.00012463598977774382
0.00012649314885493368
0.00012491112283896655
0.0001255301758646965
0.00012312275066506118
0.00012326030991971493
0.00012229733692947775
0.00012167829117970541
0.00011995869863312691
0.00011899572564288974
0.00011665708007058129
0.00011507505405461416
9.801670967135578e-05
0.00010551412560744211
0.00010475750605110079
0.00011521262058522552
0.00011651951353996992
0.00010654588550096378
0.00011129195627290756
0.00011507505405461416
0.00012071531818946823
0.00012112801778130233
0.0001263555750483647
0.0001242920698132366
0.0001284878671867773
0.00012835030793212354
0.00013385299826040864
0.0001365355565212667
0.00014286366058513522
0.00014527108578477055
0.0001424509537173435
0.0001555198396090418
0.00015441930736415088
0.00015737699868623167
0.00015510714729316533
0.00015717065252829343
0.00015331877511925995
0.00015338754747062922
0.00014974201621953398
0.00014644040493294597
0.00014499595272354782
0.00014169432688504457
0.00013873663556296378
0.00013254610530566424
0.00012938205327372998
0.0001276624680031091
0.0001250486820936203
0.00012394814984872937
0.00012167829117970541
0.00012030261132167652
0.0001183078857138753
0.00011562532745301723
0.00011631316010607406
0.00011479992099339142
0.00011493748752400279
0.000113630601845216
0.00011376816837582737
0.00011369938147254288
0.00011328668188070878
0.00011397451453376561
0.00011369938147254288
0.00011466235446278006
0.00011679464660119265
0.00011651951353996992
0.0001183078857138753
0.00011686343350447714
0.00011968355829594657
0.00012071531818946823
0.0001297259732382372
0.00013130799925420433
0.0001318582653766498
0.00013385299826040864
0.00013495353050529957
0.00013619163655675948
0.00013818636944051832
0.00013584771659225225
0.00013846150250174105
0.00013708582264371216
0.00013832392869517207
0.0001373609557049349
0.00013619163655675948
0.00013488474360201508
0.00013344029139261693
0.00013130799925420433
0.00013082652003504336
0.00012821273412555456
0.00012828152102883905
0.0001251174689969048
0.00012539260205812752
0.00012277883070055395
0.00012326030991971493
0.00011844545224448666
0.00011878937220899388
0.0001123924957937561
0.00011115438974229619
0.00010970993025694042
0.00010950358409900218
0.00011019141675205901
0.00011156708933413029
0.00010957236372632906
0.00011376816837582737
0.00011328668188070878
0.00011610681394813582
0.00011631316010607406
0.00011810153955593705
0.00011961477866861969
0.00012078409781679511
0.00012243491073604673
0.00012250369763933122
0.00012312275066506118
0.0001233978837262839
0.00012257246999070048
0.00012449841597117484
0.00012408570910338312
0.00010744007158791646
0.00010785277117975056
0.00010860939073609188
0.00010888453107327223
0.000108540611108765
0.00010888453107327223
0.00010565169213805348
0.00010530777944950387
0.00010455115989316255
0.00010338183346902952
0.00010331305384170264
0.00010069927520817146
0.00010021778871305287
9.870454960037023e-05
0.00010159346129512414
0.00010131832823390141
0.00010441359336255118
0.00010434480645926669
0.00010682101856218651
0.00010757763811852783
0.00010929723066510633
0.00011101682321168482
0.00011211736273253337
0.00011638194700935856
0.00011418086796766147
0.00011541897401912138
0.0001183078857138753
0.00011968355829594657
0.00011975234519923106
0.00011693221313180402
0.00011596924741752446
0.0001161755935754627
0.0001144560010288842
0.000113630601845216
0.00011287398228887469
0.00011142952280351892
0.00011053533671656623
0.00010847182420548052
0.00010737128468463197
0.00010496385948499665
0.00010338183346902952
0.00010042413487099111
9.856697579380125e-05
9.485266491537914e-05
9.505901107331738e-05
8.962510037235916e-05
8.776794857112691e-05
8.453511691186577e-05
8.398484351346269e-05
8.233403787016869e-05
8.088957838481292e-05
8.075201185420156e-05
7.820702012395486e-05
8.047687879297882e-05
8.075201185420156e-05
8.536051609553397e-05
8.254038402810693e-05
8.604835602454841e-05
8.315943705383688e-05
8.536051609553397e-05
8.797429472906515e-05
9.079442679649219e-05
9.533414413454011e-05
9.849819616647437e-05
0.00010131832823390141
0.00010551412560744211
0.00010688979818951339
0.00011562532745301723
0.00011713856656569988
0.00011837667261715978
0.0001192020790767856
0.00012050896475557238
0.0001183078857138753
0.00011892693873960525
0.0001174824865302071
0.00011817031918326393
9.547171794110909e-05
9.863576269708574e-05
0.00010152467439183965
0.00010510142601560801
0.00010744007158791646
0.00011019141675205901
0.00011218614235986024
0.00011548776092240587
0.00011679464660119265
0.0001212655843119137
0.00012284760305192322
0.0001310328661929816
0.00013130799925420433
0.00014313879364635795
0.00014341392670758069
0.00014382661902345717
0.00013894298172090203
0.0001399747416144237
0.00013626042346004397
0.0001344032643828541
0.0001309640792896971
0.00012986354704480618
0.00012436085671652108
0.00012312275066506118
0.00012071531818946823
0.00011975234519923106
0.00010441359336255118
0.0001051702129188925
0.00010365696653025225
0.0001042760195559822
0.00010338183346902952
0.00010448237298987806
0.00010468872642377391
0.0001055829125107266
0.00010661466512829065
0.00010750885121524334
0.00011053533671656623
0.0001090220976038836
0.00011156708933413029
0.00011191100929863751
0.00011301154881948605
0.0001132178949774243
0.00011424965487094596
0.00011521262058522552
0.00011562532745301723
0.00011741369962692261
0.0001174824865302071
0.00011906450527021661
0.0001192020790767856
0.00011947721213800833
0.00011961477866861969
0.0001183078857138753
0.00011844545224448666
0.00011706977966241539
0.00011679464660119265
0.00011665708007058129
0.00011562532745301723
0.00011583167361095548
0.0001144560010288842
0.00011645072663668543
0.00011548776092240587
0.00011583167361095548
0.00011383694800315425
0.00011610681394813582
0.00011349303531460464
0.0001140433014370501
0.00011156708933413029
0.00011087925668107346
0.00011129195627290756
0.00010984749678755179
0.00010826547804754227
0.00010915966413449496
0.00010764642502181232
0.00010792155808303505
0.00010647709859767929
0.00010578926594462246
0.00010565169213805348
0.00010413845302537084
0.00010551412560744211
0.00010441359336255118
0.00010434480645926669
0.00010351939999964088
0.00010207494779024273
0.000108540611108765
9.313307236880064e-05
9.719130321172997e-05
0.00010482629295438528
0.00010290034697391093
0.0001039321068674326
0.00010413845302537084
0.00010475750605110079
0.00010496385948499665
0.00010578926594462246
0.00010585804557194933
0.00010943479719571769
0.00010819669114425778
0.00010778399155242369
0.00010744007158791646
0.00010915966413449496
0.00010792155808303505
0.00010957236372632906
0.00010860939073609188
0.00011005385022144765
0.0001081279042409733
0.00011177344276802614
0.00011156708933413029
0.00010152467439183965
0.00010138710786122829
0.00010193738125963137
0.00010235008085146546
0.00010310670040780678
0.00010358818690292537
0.00010482629295438528
0.00010207494779024273
0.00010840304457815364
7.806944631738588e-05
8.501659613102674e-05
9.127591329161078e-05
9.746644354891032e-05
0.0001030379135045223
0.00010874695726670325
0.00011356181494193152
0.0001192020790767856
0.000122159777674824
0.00012731854803860188
0.0001280751748709008
0.0001318582653766498
0.00013426569057628512
0.00016122889064718038
0.00015868389164097607
0.0001555198396090418
0.00015173674910329282
0.0001479536440456286
0.00014355148596223444
0.0001394932478433475
0.00013426569057628512
0.00013068894622847438
0.00012470476212911308
0.0001220909907715395
0.00011638194700935856
0.00011803275265265256
0.00011060411634389311
0.00011060411634389311
0.00010338183346902952
0.00010014900180976838
0.00010083684173878282
0.00010028656834037974
9.870454960037023e-05
9.808549657464027e-05
9.863576269708574e-05
9.980508184526116e-05
0.00010214372741756961
0.00010489507258171216
0.00010805912461364642
0.00011136073590023443
0.0001144560010288842
0.00011768883268814534
0.00011596924741752446
0.00011782640649471432
0.00011610681394813582
0.00011651951353996992
0.00011122316936962306
0.00011046654981328174
0.00010441359336255118
0.00010365696653025225
9.443995804758742e-05
9.292671893490478e-05
8.666740905027837e-05
8.680497558088973e-05
8.18525513750501e-05
8.123349834932014e-05
7.731282676104456e-05
7.683134026592597e-05
9.75352231762372e-05
9.388969192514196e-05
9.217009937856346e-05
9.045050683198497e-05
9.093199332710356e-05
9.100078023038805e-05
9.155104635283351e-05
9.402725845575333e-05
9.622833749745041e-05
0.0001009056213661097
0.0001022125143208541
0.00010640831897035241
0.00011074168287450448
0.00011507505405461416
0.00012092166434740648
0.00012312275066506118
0.0001318582653766498
0.0001309640792896971
0.00015366268053185195
0.00015022350999061018
0.00014692188415210694
0.00014107527385931462
0.00013502231740858406
0.0001305513724219054
0.00012436085671652108
0.00011947721213800833
0.00011356181494193152
0.00010805912461364642
0.0001022125143208541
9.437117842026055e-05
9.106955985771492e-05
8.749280823394656e-05
8.659862214699388e-05
8.384727698285133e-05
8.233403787016869e-05
8.199011790566146e-05
7.827579975128174e-05
7.889485277701169e-05
8.157741831382737e-05
8.439754310529679e-05
8.873091428540647e-05
9.40960380830802e-05
9.87733292276971e-05
0.00010565169213805348
0.00014410176663659513
0.0001432763529010117
0.00014341392670758069
0.00014279487368185073
0.00014265729987528175
0.0001419694599462673
0.00014148798072710633
0.0001407313538948074
0.00014018108777236193
0.0001391493424307555
0.00013887419481761754
0.0001378424494760111
0.00014031866157893091
0.00013550379662774503
0.00015524470654781908
0.0001518055360065773
0.0001487790432292968
0.00014575256500393152
0.00014313879364635795
0.00014086892770137638
0.00013935568858869374
0.00013798000873066485
0.00013729218335356563
0.00013667313032783568
0.00013708582264371216
0.0001365355565212667
0.00014066258154343814
0.00014059379464015365
0.00013887419481761754
0.00014059379464015365
0.00014031866157893091
0.00013969960855320096
0.0001385990617563948
0.00013749852951150388
0.00013804879563394934
0.00013467839744407684
0.00013495353050529957
0.00013295881217345595
0.0001330963714281097
0.0001297259732382372
0.00013075773313175887
0.0001262867881450802
0.0001262867881450802
0.0001242920698132366
0.00012277883070055395
0.00012167829117970541
0.0001192020790767856
0.0001195459917653352
0.00011624438047874719
0.00011720735346898437
0.0001102602036553435
0.00011081046977778897
0.00011225492926314473
0.00011266762885497883
0.00011376816837582737
0.00011521262058522552
0.00011610681394813582
0.0001178951861220412
0.00011982113210251555
0.00011988991172984242
0.00012257246999070048
0.00012188463733764365
0.00012387936294544488
0.00012566773511935025
0.0001271809742320329
0.00012917570711579174
0.00013199583918321878
0.00013199583918321878
0.00013495353050529957
0.00012690584117081016
0.00012862544099334627
0.00012986354704480618
0.00013282123836688697
0.00012284760305192322
0.00012518625590018928
0.00012319152301643044
0.00013378421135712415
0.00012800638796761632
0.00013206462608650327
0.00012332909682299942
0.00012326030991971493
0.00012408570910338312
0.00012367301678750664
0.00012470476212911308
0.00012353544298093766
0.0001242232829099521
0.00012326030991971493
0.00012401693675201386
0.0001229163899552077
0.00012243491073604673
0.0001251174689969048
0.00012408570910338312
0.00012704341497737914
0.00012663070810958743
0.0001297259732382372
0.00013027623936068267
0.00013268367911223322
0.00013481597125064582
0.00013557258353102952
0.0001379112363792956
0.0001386678486596793
0.00014052500773686916
0.0001407313538948074
0.00014939809625502676
0.0001432763529010117
0.0001454086450394243
0.00014595891116186976
0.00014905417629051954
0.00014705945795867592
0.0001493293239036575
0.0001480912178521976
0.00014740337792318314
0.0001656998210819438
0.00016212307673413306
0.0001601971307536587
0.00014623405877500772
0.00014382661902345717
0.00013763608876615763
0.00013639799726661295
0.0001297947601415217
0.00012745612184517086
0.0001233978837262839
0.00012099045125069097
0.00011892693873960525
0.00011679464660119265
0.00011645072663668543
0.00011493748752400279
0.00011562532745301723
0.00011507505405461416
0.00011803275265265256
0.00011624438047874719
0.00011858302605105564
0.00011982113210251555
0.00012257246999070048
0.0001238105760421604
0.00012614922889042646
0.00012724976113531739
0.00012793760106433183
0.00013075773313175887
0.00013068894622847438
0.00013199583918321878
0.00013295881217345595
0.00013240853149909526
0.0001331651583313942
0.0001297947601415217
0.00013013868010602891
0.00012835030793212354
0.00012649314885493368
0.00012009626516373828
0.00011947721213800833
0.00011452478793216869
0.00011638194700935856
0.000108540611108765
0.00010805912461364642
0.00010633953206706792
0.00010592683247523382
0.00010434480645926669
0.00010358818690292537
0.00010159346129512414
0.00010097440826939419
9.946116915671155e-05
9.973630221793428e-05
9.822306310525164e-05
9.904846228891984e-05
9.767278970684856e-05
9.904846228891984e-05
9.8360629635863e-05
9.891089575830847e-05
9.911724919220433e-05
9.705373668111861e-05
9.560928447172046e-05
0.00011191100929863751
0.00010874695726670325
0.0001055829125107266
0.00010207494779024273
9.863576269708574e-05
9.533414413454011e-05
9.223888628184795e-05
8.962510037235916e-05
8.708010864211246e-05
8.494781650369987e-05
8.088957838481292e-05
7.806944631738588e-05
7.690012716921046e-05
7.483661465812474e-05
7.593715417897329e-05
7.407999510178342e-05
7.648742757737637e-05
7.552445458713919e-05
7.793187978677452e-05
7.834458665456623e-05
8.130227797664702e-05
7.978903886396438e-05
8.432876347796991e-05
7.820702012395486e-05
8.137106487993151e-05
8.570443606004119e-05
8.763037476455793e-05
9.20325328479521e-05
9.07256398932077e-05
9.285793930757791e-05
9.71225235844031e-05
9.657225018600002e-05
0.00010159346129512414
0.00010214372741756961
0.00010413845302537084
0.00010482629295438528
0.00010420723992865533
0.0001042760195559822
9.939238225342706e-05
9.87733292276971e-05
9.49902314459905e-05
9.87733292276971e-05
9.636590402806178e-05
9.705373668111861e-05
9.567806409904733e-05
9.54029310378246e-05
9.49902314459905e-05
9.450874495087191e-05
9.258279897039756e-05
9.292671893490478e-05
9.058807336259633e-05
9.217009937856346e-05
9.437117842026055e-05
9.801670967135578e-05
9.567806409904733e-05
0.0001026252139126882
0.00010186859435634688
0.00010358818690292537
0.00010565169213805348
0.00010833425767486915
0.00011115438974229619
0.00011005385022144765
0.00011204857582924888
0.00011101682321168482
0.00011060411634389311
0.00010881574416998774
0.00010805912461364642
0.00010455115989316255
0.00010159346129512414
9.939238225342706e-05
8.845578122418374e-05
8.56356491567567e-05
8.088957838481292e-05
7.896363968029618e-05
7.703769369982183e-05
7.731282676104456e-05
7.586837455164641e-05
7.497418846469373e-05
7.552445458713919e-05
7.738161366432905e-05
7.070959691191092e-05
7.407999510178342e-05
7.070959691191092e-05
7.889485277701169e-05
7.1259870310314e-05
7.820702012395486e-05
8.18525513750501e-05
8.708010864211246e-05
9.196374594466761e-05
9.691617015050724e-05
0.00010097440826939419
0.00010482629295438528
0.00010792155808303505
0.00011032898328267038
0.00011246127542108297
0.00011301154881948605
0.00011466235446278006
0.00011383694800315425
0.0001144560010288842
0.00011369938147254288
0.00011314911535009742
0.00011204857582924888
9.58156306296587e-05
9.705373668111861e-05
9.822306310525164e-05
9.904846228891984e-05
9.946116915671155e-05
9.973630221793428e-05
9.973630221793428e-05
9.959873568732291e-05
9.925481572281569e-05
9.87733292276971e-05
9.822306310525164e-05
9.75352231762372e-05
9.691617015050724e-05
9.677860361989588e-05
9.664103708928451e-05
9.691617015050724e-05
9.622833749745041e-05
9.719130321172997e-05
9.650347055867314e-05
9.746644354891032e-05
9.726009011501446e-05
9.8360629635863e-05
9.8360629635863e-05
9.987386874854565e-05
0.00010021778871305287
0.00010228129394818097
0.00010310670040780678
0.0001055829125107266
0.00010723371815402061
0.00010888453107327223
0.00012167829117970541
0.0001208528847200796
0.00012243491073604673
0.00012312275066506118
0.00012394814984872937
0.00012539260205812752
0.00012573652202263474
0.00012608044198714197
0.00012608044198714197
0.00012539260205812752
0.00012477354903239757
0.00012271004379726946
0.00012154071737313643
0.00011817031918326393
0.00011665708007058129
0.00011342424841132015
0.00011115438974229619
0.00010757763811852783
0.00010654588550096378
9.994265565183014e-05
0.00010269400081597269
9.980508184526116e-05
9.526536450721323e-05
9.223888628184795e-05
8.914362115319818e-05
8.52229495649226e-05
8.35721439216286e-05
7.538688805652782e-05
7.401121547445655e-05
7.297945558093488e-05
7.242918945848942e-05
7.201648986665532e-05
7.139743684092537e-05
7.215405639726669e-05
7.242918945848942e-05
7.380486204056069e-05
7.511175499530509e-05
7.621229451615363e-05
7.834458665456623e-05
8.006417920114473e-05
8.309065742651e-05
8.632348908577114e-05
8.893726771930233e-05
9.079442679649219e-05
9.272036550100893e-05
9.299550583818927e-05
9.464631148148328e-05
9.299550583818927e-05
9.395847155246884e-05
9.471509110881016e-05
9.437117842026055e-05
9.588441753294319e-05
9.478387801209465e-05
9.58156306296587e-05
9.20325328479521e-05
0.00010723371815402061
0.00010441359336255118
0.00010035535524366423
9.609077096683905e-05
9.079442679649219e-05
8.591078949393705e-05
8.047687879297882e-05
7.628107414348051e-05
7.1259870310314e-05
6.919635779922828e-05
6.410636706277728e-05
6.438150012400001e-05
6.197407492436469e-05
6.328096060315147e-05
6.31433940725401e-05
6.575717270607129e-05
6.940271123312414e-05
7.538688805652782e-05
7.965147233335301e-05
8.309065742651e-05
8.646105561638251e-05
0.00010255643428536132
0.00010365696653025225
0.00010572047904133797
0.00010654588550096378
0.00010750885121524334
0.0001077152046491392
0.00010737128468463197
0.00010744007158791646
0.00010455115989316255
0.00010551412560744211
9.726009011501446e-05
9.547171794110909e-05
8.928118768380955e-05
8.6529842519667e-05
7.985782576724887e-05
7.731282676104456e-05
6.967784429434687e-05
6.623865920118988e-05
6.355610094033182e-05
6.135502189863473e-05
6.052961907698773e-05
5.929151302552782e-05
5.956664608675055e-05
5.970421261736192e-05
6.0873535403516144e-05
5.777827027486637e-05
6.78894721204415e-05
7.029689732007682e-05
7.222283602459356e-05
7.538688805652782e-05
7.786310015944764e-05
8.22652509668842e-05
8.536051609553397e-05
8.831821469357237e-05
9.093199332710356e-05
9.182617941405624e-05
9.595319716027007e-05
9.313307236880064e-05
9.629711712477729e-05
9.464631148148328e-05
9.49902314459905e-05
9.299550583818927e-05
9.106955985771492e-05
8.873091428540647e-05
8.570443606004119e-05
8.398484351346269e-05
7.958269270602614e-05
8.749280823394656e-05
8.439754310529679e-05
8.061444532359019e-05
7.738161366432905e-05
7.407999510178342e-05
7.139743684092537e-05
6.905879126861691e-05
6.678893259959295e-05
6.520690658362582e-05
6.369366747094318e-05
6.300582754192874e-05
6.211164145497605e-05
6.218042835826054e-05
6.204285455169156e-05
6.300582754192874e-05
6.610109267057851e-05
6.665136606898159e-05
7.029689732007682e-05
7.160378299886361e-05
7.524932152591646e-05
7.71752602304332e-05
8.033931226236746e-05
8.302187052322552e-05
8.56356491567567e-05
8.804308163234964e-05
9.010658686747774e-05
9.3270638899412e-05
9.615955059416592e-05
9.691617015050724e-05
9.739765664562583e-05
0.00010014900180976838
0.0001000802221824415
0.00010200616088695824
0.00010001143527915701
9.959873568732291e-05
9.87733292276971e-05
9.808549657464027e-05
9.677860361989588e-05
9.313307236880064e-05
9.120712638832629e-05
9.010658686747774e-05
8.824942779028788e-05
8.838700159685686e-05
8.666740905027837e-05
8.804308163234964e-05
8.577321568736807e-05
8.591078949393705e-05
8.659862214699388e-05
8.680497558088973e-05
8.804308163234964e-05
8.604835602454841e-05
8.56356491567567e-05
8.673618867760524e-05
8.783672819845378e-05
9.017537377076223e-05
7.318580901483074e-05
7.690012716921046e-05
8.061444532359019e-05
8.377849007956684e-05
8.666740905027837e-05
8.873091428540647e-05
9.03129403013736e-05
9.127591329161078e-05
9.189496631734073e-05
9.223888628184795e-05
9.24452324397862e-05
9.258279897039756e-05
9.217009937856346e-05
9.24452324397862e-05
9.210131247527897e-05
9.010658686747774e-05
9.03129403013736e-05
8.907483424991369e-05
8.756159513723105e-05
8.73552417033352e-05
8.570443606004119e-05
8.494781650369987e-05
8.577321568736807e-05
8.556686952942982e-05
8.611713565187529e-05
8.666740905027837e-05
8.632348908577114e-05
8.69425421115011e-05
8.680497558088973e-05
8.811186125967652e-05
8.776794857112691e-05
8.900605462258682e-05
9.058807336259633e-05
9.265158587368205e-05
9.505901107331738e-05
9.320185199612752e-05
9.492144454270601e-05
9.691617015050724e-05
9.863576269708574e-05
0.00010042413487099111
0.00010193738125963137
0.00010324426693841815
0.00010420723992865533
0.00010461993952048942
0.00010468872642377391
0.00010379454033682123
0.00010283156734658405
0.00010709615162340924
0.00010241886047879234
0.00010145589476451278
9.602198406355456e-05
9.595319716027007e-05
9.196374594466761e-05
9.168861288344488e-05
8.886848081601784e-05
8.763037476455793e-05
8.52229495649226e-05
8.384727698285133e-05
8.18525513750501e-05
8.061444532359019e-05
7.875728624640033e-05
7.765674672555178e-05
7.71752602304332e-05
7.407999510178342e-05
7.483661465812474e-05
7.442391506629065e-05
7.414878200506791e-05
7.421756163239479e-05
7.380486204056069e-05
7.6349861046765e-05
8.068323222687468e-05
8.075201185420156e-05
9.36833384912461e-05
9.602198406355456e-05
9.657225018600002e-05
9.911724919220433e-05
9.932360262610018e-05
0.00010523899254621938
0.00010379454033682123
0.00010957236372632906
0.00010833425767486915
0.00010819669114425778
0.00010723371815402061
0.00010675223165890202
0.00010578926594462246
0.00010372575343353674
0.00010241886047879234
0.00010118076170329005
9.746644354891032e-05
9.664103708928451e-05
9.3270638899412e-05
9.354577196063474e-05
8.928118768380955e-05
8.48102499730885e-05
8.529173646820709e-05
7.765674672555178e-05
7.380486204056069e-05
7.181013643275946e-05
6.940271123312414e-05
7.387364894384518e-05
7.070959691191092e-05
6.816460518166423e-05
6.541326001752168e-05
6.438150012400001e-05
6.169894186314195e-05
6.19052880210802e-05
5.97729958826676e-05
5.8878809795714915e-05
5.6884084187913686e-05
5.956664608675055e-05
5.8878809795714915e-05
5.5577194871148095e-05
5.543962834053673e-05
5.5095708376029506e-05
5.89475930610206e-05
6.004813258186914e-05
6.231799488887191e-05
6.438150012400001e-05
6.850851787021384e-05
7.119108340702951e-05
7.531810115324333e-05
7.84821531851776e-05
8.281552436528727e-05
8.611713565187529e-05
9.333941852673888e-05
9.554049756843597e-05
9.732887701829895e-05
9.952994878403842e-05
0.00010035535524366423
0.00010193738125963137
0.00010296913387719542
0.00010228129394818097
0.00010551412560744211
0.000103450620372314
0.00010269400081597269
0.00010014900180976838
9.891089575830847e-05
9.609077096683905e-05
9.478387801209465e-05
9.313307236880064e-05
9.106955985771492e-05
9.017537377076223e-05
8.763037476455793e-05
8.659862214699388e-05
8.721767517272383e-05
8.611713565187529e-05
8.591078949393705e-05
8.611713565187529e-05
8.56356491567567e-05
9.086320642381907e-05
9.07256398932077e-05
9.086320642381907e-05
9.106955985771492e-05
9.017537377076223e-05
9.058807336259633e-05
9.010658686747774e-05
9.038172720465809e-05
8.962510037235916e-05
8.900605462258682e-05
8.769916166784242e-05
8.659862214699388e-05
8.494781650369987e-05
8.322822395712137e-05
8.157741831382737e-05
8.020174573175609e-05
7.497418846469373e-05
7.566202111775056e-05
7.387364894384518e-05
7.270432251971215e-05
6.99529773555696e-05
6.905879126861691e-05
6.596352613996714e-05
6.493177352240309e-05
6.169894186314195e-05
6.101110193412751e-05
5.874124326510355e-05
5.97729958826676e-05
5.7640703744255006e-05
6.114866846473888e-05
6.300582754192874e-05
6.431272049667314e-05
6.768311868654564e-05
7.009054388618097e-05
7.394242857117206e-05
7.662499410798773e-05
8.130227797664702e-05
7.868849934311584e-05
8.240281749749556e-05
8.604835602454841e-05
8.983145380625501e-05
9.354577196063474e-05
9.760401007952169e-05
9.946116915671155e-05
0.00010296913387719542
0.00010372575343353674
0.00010668345203157514
9.808549657464027e-05
9.959873568732291e-05
0.00010200616088695824
0.00010269400081597269
0.00010235008085146546
0.00010152467439183965
0.00010028656834037974
9.849819616647437e-05
9.657225018600002e-05
9.437117842026055e-05
9.223888628184795e-05
9.017537377076223e-05
8.824942779028788e-05
8.604835602454841e-05
8.529173646820709e-05
8.260917093139142e-05
8.1439851783216e-05
8.040809188969433e-05
7.916998583823442e-05
7.861971971578896e-05
7.793187978677452e-05
7.779431325616315e-05
7.793187978677452e-05
7.772553362883627e-05
7.84821531851776e-05
7.965147233335301e-05
7.834458665456623e-05
7.999539229786023e-05
8.205890480894595e-05
8.295309089589864e-05
9.904846228891984e-05
9.925481572281569e-05
9.973630221793428e-05
0.00010014900180976838
0.00010001143527915701
0.00010028656834037974
9.973630221793428e-05
9.946116915671155e-05
9.71225235844031e-05
9.636590402806178e-05
9.457752457819879e-05
9.182617941405624e-05
9.086320642381907e-05
8.446633000858128e-05
8.233403787016869e-05
8.061444532359019e-05
7.256675598910078e-05
7.057203038129956e-05
6.678893259959295e-05
6.65825791656971e-05
5.296341623761691e-05
4.9455447879154235e-05
5.337611582945101e-05
5.3788819059263915e-05
5.619624789687805e-05
5.8328540035290644e-05
6.0392048908397555e-05
6.27994813839905e-05
6.451906665461138e-05
6.78894721204415e-05
6.843973824288696e-05
7.20852694939822e-05
7.33921624487266e-05
7.71752602304332e-05
7.875728624640033e-05
8.199011790566146e-05
8.35721439216286e-05
8.597956912126392e-05
8.728646207600832e-05
8.900605462258682e-05
8.955632074503228e-05
9.113834676099941e-05
8.928118768380955e-05
9.045050683198497e-05
8.873091428540647e-05
8.928118768380955e-05
8.811186125967652e-05
8.790551510173827e-05
8.673618867760524e-05
8.604835602454841e-05
8.536051609553397e-05
8.487902960041538e-05
8.439754310529679e-05
8.35721439216286e-05
8.364092354895547e-05
8.267795783467591e-05
8.274673746200278e-05
8.205890480894595e-05
8.254038402810693e-05
8.178376447176561e-05
8.281552436528727e-05
8.212768443627283e-05
8.370971045223996e-05
8.35721439216286e-05
8.467268344247714e-05
8.536051609553397e-05
8.56356491567567e-05
8.6529842519667e-05
8.680497558088973e-05
8.790551510173827e-05
9.168861288344488e-05
9.299550583818927e-05
9.478387801209465e-05
9.086320642381907e-05
9.939238225342706e-05
9.842940926318988e-05
9.774157661013305e-05
9.643468365538865e-05
9.567806409904733e-05
9.464631148148328e-05
9.36833384912461e-05
9.272036550100893e-05
9.175739978672937e-05
9.134469291893765e-05
9.03129403013736e-05
9.168861288344488e-05
9.113834676099941e-05
8.893726771930233e-05
8.8180648162961e-05
8.721767517272383e-05
8.549808262614533e-05
8.446633000858128e-05
8.412241004407406e-05
8.384727698285133e-05
8.439754310529679e-05
7.958269270602614e-05
8.082079875748605e-05
8.178376447176561e-05
8.088957838481292e-05
8.199011790566146e-05
8.205890480894595e-05
8.460389653919265e-05
7.999539229786023e-05
8.178376447176561e-05
8.267795783467591e-05
8.542930299881846e-05
8.336579048773274e-05
8.52229495649226e-05
8.708010864211246e-05
8.728646207600832e-05
8.969388727564365e-05
8.969388727564365e-05
8.969388727564365e-05
8.790551510173827e-05
0.00010166224092245102
0.00010145589476451278
9.8360629635863e-05
9.726009011501446e-05
9.395847155246884e-05
9.258279897039756e-05
8.996902033686638e-05
8.425997657468542e-05
8.116471144603565e-05
8.061444532359019e-05
7.944512617541477e-05
7.861971971578896e-05
7.820702012395486e-05
7.690012716921046e-05
8.01329588284716e-05
7.779431325616315e-05
8.35721439216286e-05
8.322822395712137e-05
8.18525513750501e-05
8.068323222687468e-05
7.937633927213028e-05
7.903241930762306e-05
7.765674672555178e-05
7.779431325616315e-05
7.703769369982183e-05
7.724404713371769e-05
7.731282676104456e-05
7.793187978677452e-05
7.820702012395486e-05
7.916998583823442e-05
7.916998583823442e-05
8.075201185420156e-05
7.958269270602614e-05
8.116471144603565e-05
8.18525513750501e-05
8.405363041674718e-05
8.48102499730885e-05
8.536051609553397e-05
8.584200259065256e-05
8.742402860661969e-05
8.749280823394656e-05
8.900605462258682e-05
8.962510037235916e-05
9.03129403013736e-05
9.017537377076223e-05
9.134469291893765e-05
9.1619833256118e-05
9.127591329161078e-05
9.223888628184795e-05
9.07256398932077e-05
9.155104635283351e-05
9.017537377076223e-05
9.065686026588082e-05
8.914362115319818e-05
8.914362115319818e-05
8.797429472906515e-05
8.756159513723105e-05
8.604835602454841e-05
8.549808262614533e-05
8.549808262614533e-05
8.515416266163811e-05
8.199011790566146e-05
8.343457739101723e-05
8.1439851783216e-05
8.18525513750501e-05
7.896363968029618e-05
7.944512617541477e-05
7.793187978677452e-05
7.84133662818931e-05
7.765674672555178e-05
7.793187978677452e-05
7.779431325616315e-05
7.779431325616315e-05
7.882607314968482e-05
7.820702012395486e-05
7.875728624640033e-05
7.896363968029618e-05
7.937633927213028e-05
8.040809188969433e-05
8.033931226236746e-05
8.061444532359019e-05
7.999539229786023e-05
8.075201185420156e-05
7.875728624640033e-05
7.944512617541477e-05
7.965147233335301e-05
8.137106487993151e-05
8.130227797664702e-05
8.075201185420156e-05
8.22652509668842e-05
8.150863141054288e-05
8.336579048773274e-05
8.322822395712137e-05
8.398484351346269e-05
8.425997657468542e-05
8.474146306980401e-05
8.591078949393705e-05
8.529173646820709e-05
8.708010864211246e-05
8.721767517272383e-05
8.900605462258682e-05
8.941875421442091e-05
0.00010283156734658405
0.0001030379135045223
0.00010255643428536132
0.0001022125143208541
0.00010186859435634688
0.00010138710786122829
0.00010083684173878282
0.00010056170867756009
9.973630221793428e-05
9.959873568732291e-05
9.891089575830847e-05
9.863576269708574e-05
9.719130321172997e-05
9.478387801209465e-05
9.615955059416592e-05
9.450874495087191e-05
9.430239151697606e-05
8.199011790566146e-05
8.212768443627283e-05
8.18525513750501e-05
8.199011790566146e-05
8.109593181870878e-05
8.157741831382737e-05
8.088957838481292e-05
8.088957838481292e-05
8.047687879297882e-05
8.01329588284716e-05
7.999539229786023e-05
7.958269270602614e-05
7.958269270602614e-05
7.903241930762306e-05
7.97202592366375e-05
7.710648060310632e-05
7.779431325616315e-05
7.731282676104456e-05
7.84133662818931e-05
7.793187978677452e-05
7.813823322067037e-05
7.765674672555178e-05
7.731282676104456e-05
7.71752602304332e-05
7.662499410798773e-05
7.6349861046765e-05
7.552445458713919e-05
7.511175499530509e-05
7.449270196957514e-05
7.683134026592597e-05
7.648742757737637e-05
6.500055314972997e-05
6.651379226241261e-05
6.761433178326115e-05
6.78894721204415e-05
7.043446385068819e-05
7.002176425885409e-05
7.394242857117206e-05
7.497418846469373e-05
7.497418846469373e-05
7.690012716921046e-05
7.483661465812474e-05
7.586837455164641e-05
7.690012716921046e-05
7.738161366432905e-05
7.958269270602614e-05
8.061444532359019e-05
8.102714491542429e-05
8.027052535908297e-05
8.01329588284716e-05
7.999539229786023e-05
8.075201185420156e-05
7.97202592366375e-05
8.116471144603565e-05
8.040809188969433e-05
8.116471144603565e-05
8.109593181870878e-05
8.088957838481292e-05
8.116471144603565e-05
8.102714491542429e-05
7.999539229786023e-05
7.97202592366375e-05
8.075201185420156e-05
7.407999510178342e-05
7.538688805652782e-05
7.655620720470324e-05
8.027052535908297e-05
8.130227797664702e-05
8.205890480894595e-05
8.061444532359019e-05
8.22652509668842e-05
8.22652509668842e-05
8.35721439216286e-05
8.425997657468542e-05
8.515416266163811e-05
8.577321568736807e-05
8.577321568736807e-05
8.680497558088973e-05
8.666740905027837e-05
8.515416266163811e-05
8.659862214699388e-05
8.577321568736807e-05
8.584200259065256e-05
8.494781650369987e-05
8.288430399261415e-05
8.398484351346269e-05
8.075201185420156e-05
8.150863141054288e-05
7.97202592366375e-05
8.116471144603565e-05
7.999539229786023e-05
8.027052535908297e-05
7.889485277701169e-05
7.855093281250447e-05
7.731282676104456e-05
7.662499410798773e-05
7.875728624640033e-05
7.8000666690059e-05
7.724404713371769e-05
7.662499410798773e-05
7.648742757737637e-05
7.579958764836192e-05
7.690012716921046e-05
7.311702938750386e-05
7.325459591811523e-05
7.270432251971215e-05
7.648742757737637e-05
7.648742757737637e-05
7.648742757737637e-05
7.745039329165593e-05
7.861971971578896e-05
7.958269270602614e-05
8.068323222687468e-05
8.295309089589864e-05
8.254038402810693e-05
9.051929373526946e-05
9.058807336259633e-05
9.093199332710356e-05
8.708010864211246e-05
8.769916166784242e-05
8.487902960041538e-05
8.549808262614533e-05
8.329701086040586e-05
8.254038402810693e-05
8.116471144603565e-05
7.875728624640033e-05
7.731282676104456e-05
7.71752602304332e-05
7.538688805652782e-05
7.54556676838547e-05
7.621229451615363e-05
7.524932152591646e-05
7.67625606385991e-05
7.731282676104456e-05
7.868849934311584e-05
7.985782576724887e-05
7.999539229786023e-05
8.116471144603565e-05
7.930755236884579e-05
8.199011790566146e-05
8.192133100237697e-05
8.22652509668842e-05
8.240281749749556e-05
8.157741831382737e-05
8.22652509668842e-05
8.18525513750501e-05
8.157741831382737e-05
8.040809188969433e-05
7.978903886396438e-05
7.916998583823442e-05
7.861971971578896e-05
7.683134026592597e-05
7.607472070958465e-05
7.428634853567928e-05
7.297945558093488e-05
7.1259870310314e-05
7.029689732007682e-05
6.857730477349833e-05
6.940271123312414e-05
6.623865920118988e-05
6.816460518166423e-05
6.561960617545992e-05
6.678893259959295e-05
6.644501263508573e-05
6.69952787575312e-05
6.754555215593427e-05
6.857730477349833e-05
6.843973824288696e-05
6.933392432983965e-05
7.064081728458405e-05
6.864609167678282e-05
7.015933078946546e-05
7.153500337153673e-05
7.352972897933796e-05
7.524932152591646e-05
7.71752602304332e-05
7.861971971578896e-05
8.020174573175609e-05
8.137106487993151e-05
8.247160440078005e-05
8.370971045223996e-05
8.315943705383688e-05
8.412241004407406e-05
8.384727698285133e-05
8.536051609553397e-05
8.494781650369987e-05
8.556686952942982e-05
8.56356491567567e-05
8.192133100237697e-05
8.150863141054288e-05
8.632348908577114e-05
8.584200259065256e-05
9.113834676099941e-05
9.058807336259633e-05
8.996902033686638e-05
8.900605462258682e-05
8.797429472906515e-05
8.666740905027837e-05
8.322822395712137e-05
8.281552436528727e-05
8.130227797664702e-05
7.937633927213028e-05
7.820702012395486e-05
7.607472070958465e-05
7.511175499530509e-05
7.401121547445655e-05
7.20852694939822e-05
7.064081728458405e-05
6.947149086045101e-05
6.720163219142705e-05
6.747676525264978e-05
6.383123400155455e-05
6.369366747094318e-05
5.9841779147973284e-05
6.073596887290478e-05
5.922272612224333e-05
6.341853440972045e-05
6.238677451619878e-05
6.438150012400001e-05
6.128623499535024e-05
6.396880053216591e-05
6.520690658362582e-05
7.352972897933796e-05
7.497418846469373e-05
7.552445458713919e-05
7.779431325616315e-05
7.703769369982183e-05
7.930755236884579e-05
8.020174573175609e-05
8.075201185420156e-05
8.130227797664702e-05
8.171498484443873e-05
8.18525513750501e-05
8.212768443627283e-05
8.192133100237697e-05
8.164619794115424e-05
8.157741831382737e-05
8.006417920114473e-05
8.006417920114473e-05
7.916998583823442e-05
7.889485277701169e-05
7.84133662818931e-05
7.745039329165593e-05
7.793187978677452e-05
7.690012716921046e-05
7.662499410798773e-05
7.311702938750386e-05
7.270432251971215e-05
7.242918945848942e-05
7.215405639726669e-05
6.720163219142705e-05
6.713284528814256e-05
6.775189831387252e-05
6.843973824288696e-05
6.974662392167374e-05
7.057203038129956e-05
7.270432251971215e-05
7.33921624487266e-05
7.552445458713919e-05
7.6349861046765e-05
7.813823322067037e-05
7.889485277701169e-05
8.130227797664702e-05
8.336579048773274e-05
8.336579048773274e-05
8.900605462258682e-05
8.914362115319818e-05
8.886848081601784e-05
8.914362115319818e-05
8.873091428540647e-05
8.900605462258682e-05
8.873091428540647e-05
8.86621346580796e-05
8.8180648162961e-05
8.749280823394656e-05
8.69425421115011e-05
8.591078949393705e-05
8.604835602454841e-05
8.536051609553397e-05
8.157741831382737e-05
