0.0006149946711957455
0.0006098359008319676
0.00061079888837412
0.0006114867283031344
0.0006121057667769492
0.0006125184590928257
0.0006128623499535024
0.0006131374975666404
0.0006132751004770398
0.0006135501898825169
0.0006135501898825169
0.0006136877927929163
0.0006138253374956548
0.0006138253374956548
0.0006139629404060543
0.0006139629404060543
0.0006139629404060543
0.0006140316836535931
0.0006140316836535931
0.0006141004851087928
0.0006141004851087928
0.0006141004851087928
0.0006141004851087928
0.0006141004851087928
0.0006141004851087928
0.0006142380298115313
0.0006142380298115313
0.0006142380298115313
0.0006142380298115313
0.0006142380298115313
0.0006142380298115313
0.0006142380298115313
0.0006142380298115313
0.0006142380298115313
0.0006142380298115313
0.0006142380298115313
0.0006142380298115313
0.0006142380298115313
0.0006142380298115313
0.0006142380298115313
0.0006143756327219307
0.0006143756327219307
0.0006143756327219307
0.0006143756327219307
0.0006145131774246693
0.0006145131774246693
0.0006147883250378072
0.0006149946711957455
0.0006152698188088834
0.0006155449664220214
0.0006158888572826982
0.0006165766972117126
0.0006174020818434656
0.0006187089602462947
0.0006203597877174616
0.0006227671983651817
0.0006260000518523157
0.0006307461299002171
0.0006374181248247623
0.0006468414794653654
0.0006610797136090696
0.000682540237903595
0.0007156251813285053
0.0007663186988793314
0.0008343457593582571
0.0009009971399791539
0.0009578124154359102
0.0010155219351872802
0.0010788028594106436
0.0011427028803154826
0.001196285360492766
0.0012328095035627484
0.0012478730641305447
0.0012383809080347419
0.0012128622038289905
0.0011800524080172181
0.0011476553045213223
0.0011176656698808074
0.001090014586225152
0.0010645646834746003
0.0010407655499875546
0.0010180668905377388
0.0009960561292245984
0.0009745268616825342
0.0009528599912300706
0.0009305740823037922
0.0009069812949746847
0.0008815313340164721
0.00085353635950014
0.0008223773911595345
0.0007879167678765953
0.0007502920925617218
0.0007117044879123569
0.0006680268561467528
0.0006327408482320607
0.0006068781949579716
0.0005851425812579691
0.000567121256608516
0.0005520576378330588
0.0005396765773184597
0.000529359036590904
0.0005210362141951919
0.0005140890716575086
0.0005085175507701933
0.0005039778770878911
0.0004999196389690042
0.000496205291710794
0.0004926973488181829
0.0004900147905573249
0.0004887078539468348
0.0004892581491731107
0.0004926973488181829
0.0005026021972298622
0.0005147081101313233
0.0005254383431747556
0.0005419464432634413
0.0005661582690663636
0.0006020633154548705
0.0006575717707164586
0.0007406623917631805
0.0008550496422685683
0.0009846379980444908
0.0016259080730378628
0.001539309392683208
0.0015812674537301064
0.0015741827664896846
0.0015448809135705233
0.0015058806166052818
0.0014642664464190602
0.001424096873961389
0.0013873663265258074
0.0013543502427637577
0.0013247043825685978
0.0012980164028704166
0.0012733230832964182
0.00124966143630445
0.001226206193678081
0.0012020631693303585
0.0011761317728087306
0.0011472426122054458
0.0011141576105728745
0.0010749510256573558
0.001027696649543941
0.0009692304884083569
0.000894256285391748
0.0008062132401391864
0.0007229162147268653
0.000657984463032335
0.0006061903550289571
0.0005680154426954687
0.0005403644172474742
0.0005216552526690066
0.0005096180830150843
0.0005028772866353393
0.0005001259851269424
0.0005002635298296809
0.0005024645943194628
0.000506178941577673
0.0005109250196255744
0.0005165652837604284
0.000522893329616636
0.0005299780750647187
0.0005374067113734782
0.0005453855847008526
0.000553639663849026
0.0005616185371764004
0.0005686344811692834
0.0005743435467593372
0.0005789520218968391
0.0005826663691550493
0.0005854176706634462
0.0005874811904504895
0.0005890632164664567
0.0005900950054638088
0.0005909203900955617
0.0005915394285693765
0.000591952120885253
0.0005922272684983909
0.0005922960699535906
0.0005922272684983909
0.0005920897237956524
0.0005918145761825144
0.0005912642809562385
0.0005904388963244855
0.0005894071655347943
0.0005880314856767654
0.0005863118567503989
0.0005842483951710165
0.0005818409263156354
0.0005793647142127156
0.0005759255727753043
0.0005741372006013989
0.0005684281350113451
0.0005672588013112545
0.0005654704291373491
0.00056416355073452
0.0005623751785606146
0.0005615497939288616
0.0005608619539998472
0.0005605868063867092
0.0005606556078419089
0.000560930697247386
0.0005614809924736619
0.0005622376338578761
0.000563338166102767
0.0005645074415951967
0.000566020724363625
0.0005673964042216539
0.0005696662119589746
0.0005705604562535882
0.0005754440790042281
0.0005779890343546867
0.000581153086386621
0.0005846610874868929
0.0005888568703085184
0.0005935341469012201
0.0005992432124912739
0.0006064655026420951
0.0006159576587378979
0.0006289577577263117
0.0006467039347626269
0.0006689210422337055
0.0006915509002283216
0.0007106039556674659
0.0007255987729877234
0.0007385988719761372
0.0007422444177791476
0.0007679007248952985
0.0007552445167675614
0.0007481598295271397
0.0007223659777082503
0.0007105351542122662
0.000685222796164453
0.0006718787481077015
0.0006469102809205651
0.0006334974896162748
0.0006077035795897245
0.0005940156406722963
0.000570354051887989
0.0005581105942837894
0.0005543275037780404
0.0005169779760763049
0.0005557719268836081
0.00047749612713232636
0.0005151896039023995
0.0005279833567328751
0.0005488247843459249
0.0005546025931835175
0.0005640260060317814
0.0005644386983476579
0.0005786768742837012
0.0005753064760938287
0.000584385939873755
0.0005879626842215657
0.0005926399608142674
0.0006022009183652699
0.0006060528103262186
0.0006186402169987559
0.0006158200558274984
0.0006447092164307833
0.0006575717707164586
0.0006824026349931955
0.0007579271332360804
0.0008884784765541553
0.0009071188396774232
0.0009689553407952189
0.0008928118622861803
0.0008917113300412893
0.0008630285155959427
0.0008022238034754992
0.0007756045088171959
0.0007081277435645461
0.0006804079166613519
0.0006559209432452917
0.0006601167260669172
0.0006244868272915483
0.000655301904771477
0.0006215291214175522
0.0006405821768566966
0.0006434710812754929
0.000649111345410347
0.0006733232294209301
0.000680132769048214
0.0007194082718342543
0.0007381861796602607
0.000769620353821665
0.0007883294601924717
0.000815223902463913
0.0008037370280362666
0.0008032555342651904
0.0007798690930940211
0.000740249699447304
0.0007104664109647274
0.0006262751994654536
0.0006032326491549611
0.0005342426593415439
0.0005194541881792247
0.0004915280151180923
0.00046573413419537246
0.00045851184404455125
0.0004087124834768474
0.00040176534093916416
0.0003765905275940895
0.00034694475471042097
0.00032885465770959854
0.0003027168568223715
0.00026763719506561756
0.0002463142736814916
0.00020662610768340528
0.00016556226182729006
0.00016329239588230848
0.00010984749678755179
0.00014265729987528175
0.000257801148109138
1.2105923815397546e-05
0.0001399747416144237
8.6529842519667e-05
0.00020669488003477454
0.00042212530388496816
0.0003393097722437233
0.0003918604925274849
0.000478665460832417
0.00045610443339683115
0.0004567922733258456
0.0004673161602113396
0.0004301042063161731
0.0004666970926336944
0.0003947493969462812
0.00038814617437310517
0.0003676486376207322
0.00034116694587282836
0.0003485955821815878
0.00031723020947538316
0.00035760621540248394
0.0003486643545329571
0.0003664105315692723
0.00032197628752328455
0.0003696433559525758
0.00036008242750540376
0.0004133209877181798
0.00037769105983898044
0.0004611944023054093
0.00046910453238524497
0.0005327981780283153
0.0005431845202110708
0.0006106612854637206
0.0006374181248247623
0.0007874352741055191
0.0006909318035468459
0.0007860595942474902
0.0007618477684445679
0.0008624782785773277
0.0008392981835640967
0.0008857959182932973
0.0008864837582223117
0.0009129654499702156
0.0008501659613102674
0.0008567692129872739
0.000778287067078054
0.0007481598295271397
0.0006909318035468459
0.0005257134907878935
0.0006471854285337031
0.0004957925993949175
0.00045362822129391134
0.0003938552108593285
0.00036118298885412514
0.00031819319701753557
0.0002925368899013847
0.00026185938622802496
0.00024328779545612633
0.00019775300461333245
0.00021302298409864306
0.00018296451889909804
0.0001773242693161592
0.0001542817335575819
0.00015166796220000833
0.00014382661902345717
0.00014595891116186976
0.00016466807574033737
0.00018846722377929837
0.00020064192358404398
0.00020807055989280343
0.00023984861036296934
0.00023922955733723938
0.0002901982516050339
0.0002568381605669856
0.0002989337663166225
0.0002952882496174425
0.0003026480844710022
0.0003134471189696342
0.0003065687487833202
0.00031385981128551066
0.00029521944816224277
0.0002871717733796686
0.000298521074000746
0.0003096640284638852
0.00023200726718641818
0.00024143063637893647
0.00018991167598869652
0.00015641404024790972
0.00015029228234197944
0.0001153501943917945
0.00012319152301643044
9.939238225342706e-05
9.774157661013305e-05
9.457752457819879e-05
8.295309089589864e-05
8.1439851783216e-05
8.040809188969433e-05
5.0212067435495555e-05
7.6349861046765e-05
3.4735745430225506e-05
6.142380152596161e-05
4.044478919240646e-05
0.00016143523680511862
0.00014183190069161355
0.00014396419283002615
0.00013818636944051832
0.00014093771460466087
0.00014141919382382184
0.00014705945795867592
0.00015455688117071986
0.00016136646445374936
0.00017161521827802062
0.00018028196063823998
0.0001894989691209048
0.0002009858435485512
0.0002107531181536615
0.00022079554037190974
0.00023420834622811526
0.00023345173394773155
0.00025374290999025106
0.0002470708859618753
0.0002624096523504704
0.0002467269659973681
0.00026908167637884617
0.00025326141621917486
0.0002560815482866019
0.00025174819165840745
0.00024500739527866244
0.00024266874243039638
0.00023510253231506795
0.0002315945748705417
0.00022492255084216595
0.00021852567442692816
0.000214123516343534
0.00020662610768340528
0.0002018800296355039
0.00018846722377929837
0.00019183762196917087
0.00016432415577583015
0.00016184794367291033
0.00015042985614854842
0.00014451445895247161
0.00013371542445383966
0.000125942868180573
0.00011803275265265256
0.00010551412560744211
0.00010620196553645656
8.928118768380955e-05
8.852456812746823e-05
7.779431325616315e-05
7.105351687641814e-05
7.057203038129956e-05
6.410636706277728e-05
6.534447311423719e-05
6.163015495985746e-05
6.224920798558742e-05
6.197407492436469e-05
6.121745536802337e-05
6.44502870272845e-05
6.44502870272845e-05
6.692649913020432e-05
7.015933078946546e-05
7.256675598910078e-05
8.116471144603565e-05
8.487902960041538e-05
9.719130321172997e-05
0.00010324426693841815
0.00011631316010607406
0.00012222855002619326
0.00013880542246624827
0.00013275245146360248
0.0001535251212771982
0.00014231337991077453
0.00015620767953805625
0.00014871027087792754
0.00015620767953805625
0.0001513240422355011
0.00015641404024790972
0.00015311241440940648
0.0001547632273286581
0.0001547632273286581
0.0001542817335575819
0.00015441930736415088
0.00015441930736415088
0.00015269972209353
0.00015462565352208912
0.0001487790432292968
0.00015208066906780005
0.000149260537000373
0.00015455688117071986
0.00015269972209353
0.00015882146544754505
0.00015668917330913246
0.00016535591566935182
0.00016425536887254566
0.00017099616525229067
0.00017312845739070326
0.00017553589714225382
0.00018213911971542984
0.00017973169451579452
0.00018991167598869652
0.00018681641086004674
0.00019314450037200004
0.00019919747137464583
0.00020050436432939023
0.00023400200007017702
0.00023413955932483077
0.0002324199740542099
0.00023269510711543262
0.0002302876819157973
0.00022849930974189192
0.00022306539176497608
0.00021948864741716534
0.000210340425837785
0.0002057319215964526
0.00019273180805612355
0.00018791694310493767
0.00017759940237738192
0.0001738162973197177
0.0001637051027501002
0.0001623294228920713
0.00015283728134818375
0.0001521494414191693
0.0001487790432292968
0.00015104890917427838
0.00014506472507491708
0.00014726580411661416
0.0001446520327590406
0.00014527108578477055
0.00014492716582026333
0.00014307000674307346
0.00014905417629051954
0.00014355148596223444
0.00016177915676962584
0.00015847754548303783
0.000156482812599279
0.0001555198396090418
0.00015070498920977116
0.00015386904124170542
0.00015111769607756287
0.00015187430835794657
0.00014829756401013583
0.00014705945795867592
0.00014279487368185073
0.00014554621884599328
0.00014699067105539143
0.0001421070337528363
0.00014747216482646763
0.0001420382468495518
0.00014822877710685134
0.0001467843248974532
0.00015510714729316533
0.00015627646644134074
0.00017017076606862247
0.0001780808815965429
0.0001848904648795724
0.00019651489856187254
0.00020284300262574106
0.00021770027524325997
0.00022636701760347933
0.00023723482445348054
0.0002467957674525678
0.00025388048379682004
0.00026564247673377395
0.00027087004855275154
0.0002849706797860563
0.00027651028358377516
0.0003001718723680824
0.00028476433362811804
0.0003142037312500179
0.00031048941309563816
0.00030622482881881297
0.0003104206407442689
0.00030374861671589315
0.0003014787507709116
0.00029886499396525323
0.00029487552819773555
0.00029501310200430453
0.00029074851772747934
0.00029033582541160285
0.0002871029719244689
0.0002845579874701798
0.00028215054771862924
0.0002786426048260182
0.00027540975133888423
0.00027437799144536257
0.00026976948720403016
0.0002646107168402523
0.00025924560031853616
0.00024989101802930236
0.00024480102001689374
0.00023599671840202063
0.0002323511871509254
0.00022182728571351618
0.00021426109015010297
0.00020875839982181787
0.00020339326874818653
0.00019692760542966425
0.00018674762395676225
0.0001882608630694449
0.00017230305820703506
0.000176361296325922
0.00016721307474654168
0.00016810726083349437
0.00016514955495949835
0.00016315483662765473
0.0001645305019337684
0.00016487442189827561
0.0001679009001236409
0.00017237184511031955
0.00017546711023896933
0.00018179519975092262
0.00018372114573139697
0.0001908746489789337
0.00019114978204015642
0.00019596463243942708
0.00019644612621050328
0.0001996789505938068
0.00019823449838440865
0.00020064192358404398
0.00019809692457783967
0.0002005731366807595
0.00019541436631698161
0.00019871597760356963
0.0001917000481626019
0.00019121856894344091
0.0001907370751723647
0.00018764181004371494
0.00018516559794079512
0.0001848216779762879
0.00017973169451579452
0.00018378993263468146
0.00017746182857081294
0.0001844777725636959
0.00017959412070922554
0.00019004923524335027
0.00018509682558942586
0.00019383234030101448
0.00019114978204015642
0.00019995408365502954
0.00020160489657428116
0.00020662610768340528
0.00021254149032756686
0.00021439864940475672
0.00022175851336214691
0.00021776906214654446
0.00022203364642336965
0.00023131944180931896
0.00023757874441798776
0.00024232482246588916
0.00024824021966196597
0.00025174819165840745
0.0002570445358287543
0.00025848898803815246
0.000261584238614887
0.00025752600049600005
0.0002692192210815847
0.000257938721915707
0.00026268477085977793
0.0002635789569467306
0.00026908167637884617
0.0002679123426787555
0.0002671557303983718
0.000264541944488883
0.0002628223446663469
0.00025738842668943107
0.00024906560429371893
0.000244319555349648
0.00023138821416068822
0.0002256103907711804
0.0002069700276479125
0.0002052504278253764
0.00019362599414307624
0.0001894989691209048
0.00018936140986625105
0.0001881920761661604
0.00018090101366396993
0.00018048830679617822
0.00017890629533212632
0.00018117614672519267
0.00018454654491506517
0.00018681641086004674
0.00019259423424955457
0.00019665247236844152
0.00020401232177391648
0.0002091023197863251
0.00021900716819800436
0.00022464741778094321
0.00023063160188030452
0.0002362030791118741
0.00023977982345968485
0.00024308143474627286
0.00024500739527866244
0.00024143063637893647
0.0002476211520843208
0.00023991739726625383
0.00023861050431150943
0.00023035646881908178
0.0002315945748705417
0.00022203364642336965
0.0002111658250214532
0.00019933503062929958
0.0001869539701147005
0.000173403590451926
0.00016143523680511862
0.00014905417629051954
0.0001379112363792956
0.00011335546878399327
0.00010620196553645656
9.609077096683905e-05
9.113834676099941e-05
8.35721439216286e-05
7.731282676104456e-05
7.621229451615363e-05
7.366729550994933e-05
7.724404713371769e-05
7.67625606385991e-05
8.6529842519667e-05
8.797429472906515e-05
9.526536450721323e-05
0.00010269400081597269
0.00010351939999964088
0.00011514384095789865
0.00011988991172984242
0.00012367301678750664
0.0001314455730607733
0.00013254610530566424
0.00013681068958248943
0.00013495353050529957
0.00013495353050529957
0.00013151434541214257
0.00012869421334471554
0.00012484233593568206
0.00011988991172984242
0.00012181585771031678
0.00011610681394813582
0.00011328668188070878
0.00010984749678755179
0.00010709615162340924
0.00010145589476451278
0.00010283156734658405
9.609077096683905e-05
9.91860288195312e-05
9.526536450721323e-05
0.00010173102782573551
0.00010124954133061692
0.00010799033771036193
0.00010964115062961355
0.00011342424841132015
0.00011624438047874719
0.00011892693873960525
0.00012002747826045379
0.00012140315084252506
0.00012092166434740648
0.00012250369763933122
0.00012057775165885687
0.00012367301678750664
0.00012188463733764365
0.0001233978837262839
0.00012071531818946823
0.00011988991172984242
0.00011927085870411247
0.00011087925668107346
0.00010860939073609188
0.00012167829117970541
0.00012016504479106516
0.0001161755935754627
0.00011562532745301723
0.00011129195627290756
0.00011129195627290756
0.00010819669114425778
0.00010778399155242369
0.00010874695726670325
0.00010826547804754227
0.00010496385948499665
0.00010984749678755179
0.00010455115989316255
0.00010750885121524334
0.00010592683247523382
0.00010881574416998774
0.00010881574416998774
0.0001123924957937561
0.00011397451453376561
0.00011645072663668543
0.00011734491999959573
0.00012071531818946823
0.00012057775165885687
0.00012367301678750664
0.00012312275066506118
0.00012663070810958743
0.00012573652202263474
0.0001311016530962661
0.00013013868010602891
0.000132339759147726
0.00013089529238641262
0.00013344029139261693
0.0001322709722444415
0.00013323394523467869
0.00013240853149909526
0.00014286366058513522
0.00014410176663659513
0.0001432763529010117
0.00013887419481761754
0.00014403297973331064
0.00014286366058513522
0.0001555198396090418
0.00015710186562500894
0.00015765214629936963
0.0001555198396090418
0.00015717065252829343
0.00015366268053185195
0.0001556574134156108
0.00015380025433842093
0.00015455688117071986
0.00015283728134818375
0.00015242458903230727
0.00015118648298084736
0.00014981080312281847
0.0001488478301325813
0.00014623405877500772
0.00014499595272354782
0.00014155676763039082
0.00014004352851770818
0.00013557258353102952
0.00013639799726661295
0.0001297947601415217
0.00013254610530566424
0.0001296571863349527
0.00012986354704480618
0.00012105923815397546
0.00012119680468458682
0.00012257246999070048
0.00012491112283896655
0.0001280751748709008
0.00012938205327372998
0.00013082652003504336
0.00013350907829590142
0.00013722339645028114
0.0001411440607625991
0.0001424509537173435
0.00014609648496843874
0.00014692188415210694
0.00014987959002610296
0.00015042985614854842
0.0001522182283224538
0.00015366268053185195
0.00015324998821597546
0.0001548320142319426
0.00015380025433842093
0.00015455688117071986
0.00015256214828696102
0.0001521494414191693
0.00015042985614854842
0.0001487790432292968
0.00014705945795867592
0.0001467843248974532
0.00014506472507491708
0.00013419691822491586
0.00013268367911223322
0.00013123921235091984
0.00012986354704480618
0.00012862544099334627
0.00012780002725776285
0.00012697462807409465
0.0001267682819161564
0.00012704341497737914
0.00012793760106433183
0.00012731854803860188
0.00012917570711579174
0.00013089529238641262
0.00013089529238641262
0.00013295881217345595
0.00013268367911223322
0.0001352286635665223
0.00013412813132163137
0.00013467839744407684
0.0001365355565212667
0.00013536623737309128
0.0001377736625727266
0.0001377736625727266
0.00013818636944051832
0.00014272608677856624
0.0001394932478433475
0.00013873663556296378
0.00013509110431186855
0.00013344029139261693
0.00012945084017701447
0.00012690584117081016
0.0001242232829099521
0.00012195342424092814
0.0001192020790767856
0.00011583167361095548
0.00011727613309631124
0.00011397451453376561
0.00011583167361095548
0.00011424965487094596
0.00011548776092240587
0.00011500627442728728
0.00011631316010607406
0.00011631316010607406
0.00011823910608654842
0.00011603802704485133
0.00011906450527021661
0.00012057775165885687
0.0001208528847200796
0.0001229163899552077
0.00012353544298093766
0.00012415449600666761
0.0001255301758646965
0.00012608044198714197
0.0001267682819161564
0.0001268370688194409
0.00012704341497737914
0.00012690584117081016
0.00012745612184517086
0.0001267682819161564
0.00012690584117081016
0.0001238105760421604
0.0001233978837262839
0.00012497990974225104
0.00012470476212911308
0.00011803275265265256
0.00011803275265265256
0.00011658830044325441
0.0001208528847200796
0.00011865180567838252
0.00011720735346898437
0.0001178951861220412
0.00011424965487094596
0.00011651951353996992
0.00011301154881948605
0.00011638194700935856
0.00011273641575826332
0.0001242232829099521
0.00012154071737313643
0.00012071531818946823
0.00011906450527021661
0.00011892693873960525
0.0001183078857138753
0.00011775761959142983
0.0001178951861220412
0.00012071531818946823
0.00012367301678750664
0.0001233978837262839
0.0001268370688194409
0.00012649314885493368
0.00013048260007053614
0.00013013868010602891
0.0001330963714281097
0.00013282123836688697
0.0001330963714281097
0.00013385299826040864
0.00013213339843787253
0.00013254610530566424
0.0001309640792896971
0.00013454083818942308
0.00013130799925420433
0.00013089529238641262
0.0001264243619516492
0.00012573652202263474
0.00012112801778130233
0.00011933964560739696
0.00011424965487094596
0.00011101682321168482
0.00010592683247523382
0.0001026252139126882
9.91860288195312e-05
9.478387801209465e-05
9.292671893490478e-05
8.900605462258682e-05
9.134469291893765e-05
8.659862214699388e-05
8.783672819845378e-05
8.928118768380955e-05
8.783672819845378e-05
9.251401934307069e-05
9.134469291893765e-05
9.361455886391923e-05
0.00010970993025694042
0.00010723371815402061
0.00010750885121524334
0.00010627074516378343
0.00010627074516378343
0.00010510142601560801
0.00010496385948499665
0.00010056170867756009
0.00011005385022144765
0.00010406967339804396
0.000103450620372314
0.00010014900180976838
0.00010042413487099111
9.6709823992569e-05
9.650347055867314e-05
9.292671893490478e-05
9.24452324397862e-05
8.928118768380955e-05
8.900605462258682e-05
8.618592255515978e-05
8.8180648162961e-05
8.377849007956684e-05
9.024415339808911e-05
8.873091428540647e-05
9.272036550100893e-05
9.051929373526946e-05
9.732887701829895e-05
9.849819616647437e-05
0.00010310670040780678
0.00010847182420548052
0.00010881574416998774
0.00011651951353996992
0.00011768883268814534
0.0001229163899552077
0.00012271004379726946
0.00012938205327372998
0.00012793760106433183
0.00013199583918321878
0.00012993231939617544
0.00013935568858869374
0.00013804879563394934
0.000135778944240883
0.00013481597125064582
0.0001306201593251899
0.00012951962708029896
0.00012731854803860188
0.0001255301758646965
0.0001262867881450802
0.00012470476212911308
0.00012312275066506118
0.00012243491073604673
0.0001183078857138753
0.00012064653128618374
0.00011122316936962306
0.00012387936294544488
0.00011803275265265256
0.0001212655843119137
0.0001212655843119137
0.00012264125689398497
0.00012436085671652108
0.00012463598977774382
0.00012821273412555456
0.0001255301758646965
0.00012917570711579174
0.0001276624680031091
0.00012945084017701447
0.00013000110629945993
0.0001284878671867773
0.00013165191921871156
0.00012835030793212354
0.0001302074670093134
0.0001264243619516492
0.00012993231939617544
0.00012449841597117484
0.00012656192120630294
0.0001263555750483647
0.0001277312549063936
0.00012731854803860188
0.00012958841398358345
0.00012862544099334627
0.00013089529238641262
0.00012883178715128452
0.0001297259732382372
0.00013605407730210572
0.0001373609557049349
0.0001377736625727266
0.00013798000873066485
0.00013742974260821939
0.00014100650150794536
0.00013887419481761754
0.0001416255545336753
0.00013715460954699665
0.00013591650349553674
0.00013371542445383966
0.0001297259732382372
0.00012587409582920372
0.0001264243619516492
0.00011369938147254288
0.0001153501943917945
0.00011101682321168482
0.00011397451453376561
0.00010757763811852783
0.00011301154881948605
0.00011012262984877452
0.00010461993952048942
0.00010118076170329005
9.54029310378246e-05
9.340820543002337e-05
8.632348908577114e-05
8.680497558088973e-05
8.040809188969433e-05
8.1439851783216e-05
7.786310015944764e-05
7.806944631738588e-05
7.607472070958465e-05
7.538688805652782e-05
7.394242857117206e-05
7.263554289238527e-05
7.187892333604395e-05
7.022811041679233e-05
6.99529773555696e-05
6.733919872203842e-05
6.871487130410969e-05
6.004813258186914e-05
6.046083217370324e-05
6.176772149046883e-05
6.286826101131737e-05
6.493177352240309e-05
6.69952787575312e-05
6.871487130410969e-05
7.194770296337083e-05
7.366729550994933e-05
7.84821531851776e-05
7.793187978677452e-05
8.425997657468542e-05
8.597956912126392e-05
8.99002407095395e-05
9.437117842026055e-05
9.684739052318037e-05
0.00010145589476451278
0.00010214372741756961
0.00010757763811852783
0.00010847182420548052
0.00011191100929863751
0.00011129195627290756
0.00011225492926314473
0.00011101682321168482
0.00010943479719571769
0.00010661466512829065
0.0001059956121025607
0.00010351939999964088
0.00010173102782573551
9.91860288195312e-05
9.677860361989588e-05
9.533414413454011e-05
9.038172720465809e-05
9.086320642381907e-05
7.745039329165593e-05
7.6349861046765e-05
7.566202111775056e-05
7.793187978677452e-05
7.731282676104456e-05
7.669377373531461e-05
8.040809188969433e-05
7.751918019494042e-05
7.690012716921046e-05
7.407999510178342e-05
7.54556676838547e-05
7.139743684092537e-05
7.270432251971215e-05
7.153500337153673e-05
7.105351687641814e-05
7.407999510178342e-05
6.892122473800555e-05
7.54556676838547e-05
6.83021717122756e-05
7.380486204056069e-05
7.524932152591646e-05
7.944512617541477e-05
8.178376447176561e-05
8.597956912126392e-05
8.776794857112691e-05
9.20325328479521e-05
9.464631148148328e-05
9.856697579380125e-05
0.00010200616088695824
0.00010503264638828114
0.00010792155808303505
0.00010056170867756009
0.00010042413487099111
0.0001039321068674326
0.00010097440826939419
9.925481572281569e-05
9.987386874854565e-05
9.88421161309816e-05
9.636590402806178e-05
9.602198406355456e-05
9.24452324397862e-05
9.058807336259633e-05
8.763037476455793e-05
8.508538303431123e-05
8.22652509668842e-05
8.027052535908297e-05
7.806944631738588e-05
7.985782576724887e-05
7.669377373531461e-05
7.786310015944764e-05
7.696891407249495e-05
7.834458665456623e-05
7.910120621090755e-05
8.123349834932014e-05
8.254038402810693e-05
8.604835602454841e-05
8.69425421115011e-05
9.313307236880064e-05
9.320185199612752e-05
9.547171794110909e-05
9.677860361989588e-05
9.8360629635863e-05
9.966751531464979e-05
0.00010014900180976838
0.0001026252139126882
0.00010193738125963137
0.00010379454033682123
0.00010235008085146546
0.00010331305384170264
0.00010124954133061692
0.00010118076170329005
9.677860361989588e-05
9.512779797660187e-05
9.182617941405624e-05
8.790551510173827e-05
8.501659613102674e-05
8.157741831382737e-05
7.765674672555178e-05
7.428634853567928e-05
7.236040983116254e-05
6.960905739106238e-05
7.009054388618097e-05
6.761433178326115e-05
7.091595034580678e-05
6.905879126861691e-05
6.967784429434687e-05
6.967784429434687e-05
7.022811041679233e-05
7.077838381519541e-05
7.194770296337083e-05
7.277310942299664e-05
7.421756163239479e-05
7.497418846469373e-05
7.875728624640033e-05
7.380486204056069e-05
7.662499410798773e-05
7.889485277701169e-05
8.873091428540647e-05
9.141347982222214e-05
9.664103708928451e-05
0.00010179980745306239
0.00010255643428536132
0.00011005385022144765
8.171498484443873e-05
8.873091428540647e-05
9.478387801209465e-05
0.00010035535524366423
0.00010283156734658405
0.00010737128468463197
0.00010833425767486915
0.00011032898328267038
0.00010826547804754227
0.00011328668188070878
0.00010792155808303505
0.00011349303531460464
0.00011500627442728728
0.00011308032844681293
0.00011603802704485133
0.0001161755935754627
0.00013302758452482522
0.0001314455730607733
0.0001339905575150624
0.00013000110629945993
0.00013261489220894873
0.0001344032643828541
0.00013426569057628512
0.00013639799726661295
0.000135641370434314
0.00013749852951150388
0.00013467839744407684
0.00013454083818942308
0.00013619163655675948
0.00013509110431186855
0.00013543502427637577
0.00013474718434736133
0.0001335778651991859
0.00013385299826040864
0.0001322709722444415
0.00013027623936068267
0.00013048260007053614
0.0001267682819161564
0.0001251174689969048
0.00012463598977774382
0.00011968355829594657
0.00011961477866861969
0.00011734491999959573
0.00011734491999959573
0.00011596924741752446
0.00011610681394813582
0.00011562532745301723
0.00011548776092240587
0.00011631316010607406
0.00011452478793216869
0.0001153501943917945
0.00011342424841132015
0.00011424965487094596
0.00011211736273253337
0.00011335546878399327
0.00011225492926314473
0.00011184222239535302
0.00011204857582924888
0.00010682101856218651
0.00010688979818951339
0.00010764642502181232
0.0001081279042409733
0.00010764642502181232
0.00010943479719571769
0.00010152467439183965
0.00010606439900584519
0.00010578926594462246
0.00010200616088695824
0.00010241886047879234
0.00010310670040780678
0.00010283156734658405
0.00010365696653025225
0.00010523899254621938
0.00010764642502181232
0.00010640831897035241
0.00010840304457815364
0.0001077152046491392
0.00011005385022144765
0.00011115438974229619
0.00011383694800315425
0.00011507505405461416
0.0001204401851282455
0.00011638194700935856
0.0001212655843119137
0.00011844545224448666
0.0001192020790767856
0.00011762005306081846
0.0001174824865302071
0.00011596924741752446
0.00011452478793216869
0.0001140433014370501
0.0001123924957937561
0.00011184222239535302
0.00011046654981328174
0.00010957236372632906
0.00010805912461364642
0.00010620196553645656
0.00010455115989316255
0.00010324426693841815
0.00010214372741756961
0.00010076805483549833
9.71225235844031e-05
9.801670967135578e-05
8.914362115319818e-05
9.051929373526946e-05
8.687375520821661e-05
8.536051609553397e-05
8.205890480894595e-05
7.985782576724887e-05
7.690012716921046e-05
7.449270196957514e-05
7.284188905032352e-05
7.043446385068819e-05
6.960905739106238e-05
6.78894721204415e-05
6.843973824288696e-05
6.69952787575312e-05
6.761433178326115e-05
6.82333848089911e-05
6.95402777637355e-05
6.988419772824273e-05
7.16725699021481e-05
7.139743684092537e-05
7.366729550994933e-05
7.270432251971215e-05
7.793187978677452e-05
7.057203038129956e-05
7.978903886396438e-05
8.18525513750501e-05
8.130227797664702e-05
8.501659613102674e-05
8.329701086040586e-05
8.893726771930233e-05
8.69425421115011e-05
8.845578122418374e-05
8.99002407095395e-05
9.20325328479521e-05
9.272036550100893e-05
9.650347055867314e-05
9.650347055867314e-05
9.863576269708574e-05
9.8360629635863e-05
0.00010001143527915701
0.00010042413487099111
9.904846228891984e-05
0.00010056170867756009
0.00010069927520817146
0.00010145589476451278
0.00010173102782573551
0.00010200616088695824
0.00010186859435634688
0.00010200616088695824
0.00010173102782573551
0.00010159346129512414
0.00010097440826939419
0.00010083684173878282
9.946116915671155e-05
9.863576269708574e-05
9.75352231762372e-05
9.258279897039756e-05
9.650347055867314e-05
9.120712638832629e-05
9.285793930757791e-05
8.494781650369987e-05
8.591078949393705e-05
8.178376447176561e-05
8.288430399261415e-05
8.095836528809741e-05
8.130227797664702e-05
8.260917093139142e-05
8.302187052322552e-05
8.267795783467591e-05
8.370971045223996e-05
8.69425421115011e-05
8.721767517272383e-05
9.946116915671155e-05
9.856697579380125e-05
0.00010001143527915701
0.00010290034697391093
0.00010283156734658405
0.00010475750605110079
0.00010482629295438528
0.00010578926594462246
0.00010551412560744211
0.00010675223165890202
0.00010565169213805348
0.00010661466512829065
0.00010468872642377391
0.00010510142601560801
0.00010317548731109127
0.00010317548731109127
0.00010166224092245102
0.00010056170867756009
9.856697579380125e-05
9.664103708928451e-05
9.437117842026055e-05
9.299550583818927e-05
9.100078023038805e-05
8.85933477547951e-05
8.749280823394656e-05
8.56356491567567e-05
8.597956912126392e-05
8.48102499730885e-05
8.453511691186577e-05
8.267795783467591e-05
8.35721439216286e-05
8.391606388613582e-05
8.412241004407406e-05
8.831821469357237e-05
8.591078949393705e-05
9.285793930757791e-05
9.388969192514196e-05
9.54029310378246e-05
9.891089575830847e-05
9.891089575830847e-05
0.00010585804557194933
0.00010688979818951339
0.0001081279042409733
0.00011012262984877452
0.00011032898328267038
0.00011170465586474165
0.00011211736273253337
0.00011019141675205901
0.00011253006232436746
0.00011046654981328174
0.00011149830970680341
0.00010943479719571769
0.00010957236372632906
0.00010709615162340924
0.0001059956121025607
0.00010351939999964088
0.00010173102782573551
0.00010145589476451278
9.932360262610018e-05
9.767278970684856e-05
9.340820543002337e-05
9.07256398932077e-05
8.99002407095395e-05
8.756159513723105e-05
8.556686952942982e-05
8.501659613102674e-05
8.343457739101723e-05
8.467268344247714e-05
8.205890480894595e-05
8.439754310529679e-05
8.336579048773274e-05
8.56356491567567e-05
8.618592255515978e-05
8.742402860661969e-05
9.182617941405624e-05
7.806944631738588e-05
8.22652509668842e-05
8.508538303431123e-05
9.182617941405624e-05
9.49902314459905e-05
9.781035623745993e-05
0.00010056170867756009
9.79479227680713e-05
9.994265565183014e-05
0.00010214372741756961
0.00010255643428536132
0.00010324426693841815
0.00010214372741756961
0.00010241886047879234
9.595319716027007e-05
9.622833749745041e-05
9.423361188964918e-05
9.3270638899412e-05
9.24452324397862e-05
9.127591329161078e-05
9.285793930757791e-05
9.285793930757791e-05
9.07256398932077e-05
9.127591329161078e-05
9.182617941405624e-05
9.07256398932077e-05
9.058807336259633e-05
8.948753384174779e-05
8.996902033686638e-05
8.838700159685686e-05
8.85933477547951e-05
8.879970118869096e-05
8.914362115319818e-05
8.962510037235916e-05
9.017537377076223e-05
9.093199332710356e-05
9.1619833256118e-05
9.278915240429342e-05
9.320185199612752e-05
9.457752457819879e-05
9.732887701829895e-05
9.911724919220433e-05
0.00011548776092240587
0.00011486870789667591
0.00011528140748851001
0.00011493748752400279
0.00011562532745301723
0.00011541897401912138
0.00011645072663668543
0.00011679464660119265
0.00011583167361095548
0.0001174824865302071
0.00011713856656569988
0.00011961477866861969
0.00011961477866861969
0.00012023383169434965
0.00012277883070055395
0.00012257246999070048
0.00012271004379726946
0.00012484233593568206
0.00012566773511935025
0.0001238105760421604
0.0001297259732382372
0.00012408570910338312
0.0001330963714281097
0.00013117042544763535
0.00013295881217345595
0.00012855665409006178
0.0001263555750483647
0.00012353544298093766
0.00012112801778130233
0.00011741369962692261
0.00011397451453376561
0.00011197978892596439
0.00010860939073609188
0.00010544534598011523
0.00010255643428536132
9.863576269708574e-05
9.952994878403842e-05
9.650347055867314e-05
9.340820543002337e-05
0.00010661466512829065
0.00010138710786122829
9.650347055867314e-05
9.24452324397862e-05
8.886848081601784e-05
8.618592255515978e-05
8.432876347796991e-05
8.309065742651e-05
8.254038402810693e-05
8.240281749749556e-05
8.267795783467591e-05
8.453511691186577e-05
8.52229495649226e-05
8.687375520821661e-05
9.100078023038805e-05
9.299550583818927e-05
9.478387801209465e-05
0.00010131832823390141
0.0001026252139126882
0.00010324426693841815
0.00010737128468463197
0.00010310670040780678
0.00010283156734658405
0.00010276278044329956
0.00010159346129512414
0.00010001143527915701
9.6709823992569e-05
9.464631148148328e-05
9.155104635283351e-05
8.99002407095395e-05
8.6529842519667e-05
8.460389653919265e-05
8.22652509668842e-05
8.123349834932014e-05
8.068323222687468e-05
7.779431325616315e-05
7.793187978677452e-05
9.464631148148328e-05
9.354577196063474e-05
9.602198406355456e-05
9.849819616647437e-05
9.677860361989588e-05
9.973630221793428e-05
0.00010241886047879234
0.0001055829125107266
0.00010750885121524334
0.00011005385022144765
0.00011115438974229619
0.00011314911535009742
0.00011328668188070878
0.0001144560010288842
0.00011493748752400279
0.00011562532745301723
0.00011562532745301723
0.00011548776092240587
0.00011438722140155733
0.00011328668188070878
0.00011142952280351892
0.00010957236372632906
0.00010737128468463197
0.00010510142601560801
0.00010296913387719542
9.774157661013305e-05
9.760401007952169e-05
9.478387801209465e-05
9.664103708928451e-05
9.492144454270601e-05
9.127591329161078e-05
8.976267417892814e-05
8.536051609553397e-05
8.295309089589864e-05
8.295309089589864e-05
8.095836528809741e-05
8.549808262614533e-05
8.536051609553397e-05
8.687375520821661e-05
8.73552417033352e-05
8.907483424991369e-05
9.003780724015087e-05
9.40960380830802e-05
9.464631148148328e-05
9.54029310378246e-05
9.588441753294319e-05
9.946116915671155e-05
9.808549657464027e-05
0.0001000802221824415
9.485266491537914e-05
9.677860361989588e-05
9.437117842026055e-05
9.767278970684856e-05
9.533414413454011e-05
9.657225018600002e-05
9.464631148148328e-05
9.086320642381907e-05
8.996902033686638e-05
8.515416266163811e-05
8.377849007956684e-05
7.958269270602614e-05
7.628107414348051e-05
7.442391506629065e-05
6.960905739106238e-05
6.850851787021384e-05
6.19052880210802e-05
5.874124326510355e-05
5.8878809795714915e-05
5.440787208499387e-05
5.750313721364364e-05
5.4820575314806774e-05
6.059840234229341e-05
6.561960617545992e-05
6.754555215593427e-05
7.215405639726669e-05
7.71752602304332e-05
7.923877274151891e-05
8.570443606004119e-05
8.6529842519667e-05
9.3270638899412e-05
9.636590402806178e-05
9.058807336259633e-05
9.650347055867314e-05
9.987386874854565e-05
0.00010565169213805348
0.00010867817763937637
0.00011197978892596439
0.00011266762885497883
0.0001153501943917945
0.00011342424841132015
0.00011562532745301723
0.00011225492926314473
0.00011369938147254288
0.00010984749678755179
0.00010943479719571769
0.00010805912461364642
0.00010551412560744211
0.00010379454033682123
0.00010097440826939419
9.91860288195312e-05
9.664103708928451e-05
9.478387801209465e-05
9.37521253945306e-05
9.003780724015087e-05
8.941875421442091e-05
8.508538303431123e-05
8.460389653919265e-05
8.804308163234964e-05
8.577321568736807e-05
9.251401934307069e-05
9.127591329161078e-05
9.636590402806178e-05
9.650347055867314e-05
9.774157661013305e-05
0.00010001143527915701
9.856697579380125e-05
0.00010014900180976838
0.00010131832823390141
0.00010331305384170264
0.00010633953206706792
0.00010688979818951339
0.00010847182420548052
0.00010826547804754227
0.00010915966413449496
0.00010874695726670325
0.00010826547804754227
0.00010874695726670325
0.00010633953206706792
0.00010688979818951339
0.00010551412560744211
0.00010688979818951339
0.00010537655907683074
0.00010572047904133797
0.00010633953206706792
0.00010592683247523382
0.00010750885121524334
0.00010778399155242369
0.00011032898328267038
0.00011163587623741478
0.00011335546878399327
0.00011555654054973274
0.00011720735346898437
0.00012057775165885687
0.0001183078857138753
0.00012188463733764365
0.0001238105760421604
0.00012566773511935025
0.0001276624680031091
0.00012938205327372998
0.00013117042544763535
0.00013254610530566424
0.0001344032643828541
0.00013481597125064582
0.00013701703574042767
0.00013687947648577392
0.00013832392869517207
0.00013763608876615763
0.00013681068958248943
0.0001369482633890584
0.00013075773313175887
0.00013213339843787253
0.0001310328661929816
0.00013137678615748882
0.00012621801579371095
0.00012690584117081016
0.000122159777674824
0.00012099045125069097
0.00011810153955593705
0.00011569410708034411
0.00011493748752400279
0.00011197978892596439
0.00011184222239535302
0.00010860939073609188
0.00011142952280351892
0.00010929723066510633
0.00010778399155242369
0.00010633953206706792
9.959873568732291e-05
9.863576269708574e-05
9.849819616647437e-05
9.849819616647437e-05
9.911724919220433e-05
0.00010001143527915701
0.0001026252139126882
9.003780724015087e-05
9.36833384912461e-05
9.629711712477729e-05
0.00010021778871305287
0.00010235008085146546
0.00010578926594462246
0.0001073025050573051
0.00010984749678755179
0.00011074168287450448
0.00011232370889047161
0.0001123924957937561
0.00011342424841132015
0.00011177344276802614
0.00011493748752400279
0.00011246127542108297
0.00011005385022144765
0.0001089533107005991
0.00010523899254621938
0.00010379454033682123
0.00010014900180976838
9.8360629635863e-05
9.595319716027007e-05
9.272036550100893e-05
9.217009937856346e-05
9.07256398932077e-05
9.045050683198497e-05
8.99002407095395e-05
8.99002407095395e-05
9.003780724015087e-05
9.113834676099941e-05
9.113834676099941e-05
9.416482498636469e-05
9.512779797660187e-05
9.602198406355456e-05
9.760401007952169e-05
9.946116915671155e-05
0.00010118076170329005
0.00010627074516378343
0.00010737128468463197
0.00011211736273253337
0.00011273641575826332
0.00011590046051423997
0.00011803275265265256
0.0001192020790767856
0.00012092166434740648
0.00012140315084252506
0.00012243491073604673
0.00012195342424092814
0.00012436085671652108
0.00012367301678750664
0.00012009626516373828
0.0001178951861220412
0.00011658830044325441
0.0001132178949774243
0.00011053533671656623
0.00010819669114425778
0.0001030379135045223
0.0001026252139126882
9.58156306296587e-05
9.650347055867314e-05
9.100078023038805e-05
9.155104635283351e-05
8.790551510173827e-05
9.045050683198497e-05
7.999539229786023e-05
8.240281749749556e-05
8.336579048773274e-05
8.336579048773274e-05
8.501659613102674e-05
8.604835602454841e-05
8.85933477547951e-05
9.024415339808911e-05
9.382090502185747e-05
9.615955059416592e-05
0.00010104318789672107
0.0001077152046491392
0.00010957236372632906
0.00011156708933413029
0.00011479992099339142
0.000113630601845216
0.00011493748752400279
0.00011562532745301723
0.00011624438047874719
0.00011651951353996992
0.00011638194700935856
0.00011651951353996992
0.00011610681394813582
0.00011638194700935856
0.00011479992099339142
0.00011569410708034411
0.00011005385022144765
0.00010970993025694042
0.00010970993025694042
0.00010964115062961355
0.00010977871716022491
0.00010984749678755179
0.00010929723066510633
0.00010888453107327223
0.00010840304457815364
0.00010826547804754227
0.0001073025050573051
0.00010750885121524334
0.00010709615162340924
0.00011101682321168482
0.00010805912461364642
0.00011074168287450448
0.00010627074516378343
0.00010778399155242369
0.00010805912461364642
0.00011486870789667591
0.00011514384095789865
0.00011624438047874719
0.00011328668188070878
0.00011101682321168482
0.0001141120883403346
0.00011493748752400279
0.00011301154881948605
0.00011349303531460464
0.0001123924957937561
0.00011101682321168482
0.00010922844376182184
0.00010778399155242369
0.00010331305384170264
0.00010076805483549833
9.75352231762372e-05
9.505901107331738e-05
9.155104635283351e-05
8.886848081601784e-05
8.604835602454841e-05
8.254038402810693e-05
8.082079875748605e-05
7.84821531851776e-05
7.745039329165593e-05
7.586837455164641e-05
7.538688805652782e-05
7.531810115324333e-05
7.511175499530509e-05
7.71752602304332e-05
7.793187978677452e-05
7.944512617541477e-05
8.102714491542429e-05
8.439754310529679e-05
8.6529842519667e-05
9.03129403013736e-05
9.196374594466761e-05
9.595319716027007e-05
9.91860288195312e-05
0.00010138710786122829
0.00010578926594462246
0.00010654588550096378
0.00011149830970680341
0.00010957236372632906
0.00011156708933413029
0.00011115438974229619
0.00010633953206706792
0.00010413845302537084
0.0001009056213661097
9.870454960037023e-05
9.567806409904733e-05
9.155104635283351e-05
9.24452324397862e-05
8.69425421115011e-05
8.322822395712137e-05
7.930755236884579e-05
7.662499410798773e-05
7.352972897933796e-05
7.16725699021481e-05
7.043446385068819e-05
6.623865920118988e-05
6.623865920118988e-05
6.596352613996714e-05
6.561960617545992e-05
6.78894721204415e-05
6.630744610447437e-05
6.919635779922828e-05
7.16725699021481e-05
7.407999510178342e-05
7.889485277701169e-05
8.494781650369987e-05
8.8180648162961e-05
9.210131247527897e-05
9.361455886391923e-05
9.760401007952169e-05
9.973630221793428e-05
0.00010461993952048942
0.00010627074516378343
0.00011019141675205901
0.00011039777018595487
0.00011342424841132015
0.00011136073590023443
0.00011149830970680341
0.00011019141675205901
0.00010922844376182184
0.00010750885121524334
0.00010702737199608237
0.00010365696653025225
0.00010186859435634688
9.774157661013305e-05
9.49902314459905e-05
9.100078023038805e-05
8.776794857112691e-05
8.425997657468542e-05
8.130227797664702e-05
7.84821531851776e-05
7.593715417897329e-05
7.579958764836192e-05
7.401121547445655e-05
7.352972897933796e-05
6.561960617545992e-05
6.561960617545992e-05
6.740798562532291e-05
7.070959691191092e-05
7.153500337153673e-05
7.435513543896377e-05
7.33921624487266e-05
7.84133662818931e-05
8.040809188969433e-05
7.855093281250447e-05
8.040809188969433e-05
7.999539229786023e-05
8.137106487993151e-05
8.494781650369987e-05
8.508538303431123e-05
8.666740905027837e-05
8.721767517272383e-05
8.811186125967652e-05
8.756159513723105e-05
8.577321568736807e-05
9.423361188964918e-05
8.928118768380955e-05
8.804308163234964e-05
8.336579048773274e-05
8.199011790566146e-05
7.903241930762306e-05
7.793187978677452e-05
7.483661465812474e-05
7.428634853567928e-05
7.249797636177391e-05
7.236040983116254e-05
7.112230377970263e-05
7.229162292787805e-05
7.1259870310314e-05
7.242918945848942e-05
7.249797636177391e-05
7.270432251971215e-05
7.394242857117206e-05
7.566202111775056e-05
7.765674672555178e-05
7.916998583823442e-05
7.999539229786023e-05
8.102714491542429e-05
8.240281749749556e-05
8.336579048773274e-05
8.453511691186577e-05
8.556686952942982e-05
8.632348908577114e-05
8.749280823394656e-05
8.776794857112691e-05
8.804308163234964e-05
8.73552417033352e-05
8.69425421115011e-05
8.804308163234964e-05
8.941875421442091e-05
8.85933477547951e-05
8.983145380625501e-05
8.86621346580796e-05
8.914362115319818e-05
8.776794857112691e-05
8.763037476455793e-05
8.666740905027837e-05
8.632348908577114e-05
8.584200259065256e-05
8.384727698285133e-05
8.412241004407406e-05
8.199011790566146e-05
8.240281749749556e-05
8.18525513750501e-05
8.425997657468542e-05
8.267795783467591e-05
8.52229495649226e-05
8.529173646820709e-05
8.701132173882797e-05
8.542930299881846e-05
8.708010864211246e-05
8.831821469357237e-05
9.36833384912461e-05
9.622833749745041e-05
9.622833749745041e-05
0.00010166224092245102
0.00010083684173878282
0.00011129195627290756
0.00011074168287450448
0.00011081046977778897
0.00011136073590023443
0.00011129195627290756
0.00011170465586474165
0.00011115438974229619
0.00011142952280351892
0.00011032898328267038
0.00011046654981328174
0.00010950358409900218
0.0001090220976038836
0.00010805912461364642
0.00010744007158791646
0.00010647709859767929
0.00010544534598011523
0.0001051702129188925
0.00010324426693841815
0.00010365696653025225
0.00010159346129512414
0.00010193738125963137
0.00010186859435634688
0.00010097440826939419
9.904846228891984e-05
9.932360262610018e-05
9.732887701829895e-05
9.615955059416592e-05
9.450874495087191e-05
9.340820543002337e-05
9.175739978672937e-05
9.086320642381907e-05
8.955632074503228e-05
8.886848081601784e-05
8.845578122418374e-05
8.928118768380955e-05
7.33921624487266e-05
7.655620720470324e-05
7.84821531851776e-05
8.040809188969433e-05
8.171498484443873e-05
8.267795783467591e-05
8.315943705383688e-05
8.322822395712137e-05
8.295309089589864e-05
8.247160440078005e-05
8.157741831382737e-05
8.1439851783216e-05
7.889485277701169e-05
7.690012716921046e-05
7.573080802103505e-05
7.201648986665532e-05
7.648742757737637e-05
7.20852694939822e-05
7.304824248421937e-05
6.7820685217157e-05
6.733919872203842e-05
6.534447311423719e-05
6.266190757742152e-05
6.252434104681015e-05
6.059840234229341e-05
6.183650839375332e-05
6.169894186314195e-05
6.169894186314195e-05
6.31433940725401e-05
6.48629866191186e-05
6.575717270607129e-05
6.857730477349833e-05
6.960905739106238e-05
7.215405639726669e-05
7.407999510178342e-05
7.593715417897329e-05
7.827579975128174e-05
7.985782576724887e-05
8.088957838481292e-05
8.240281749749556e-05
8.18525513750501e-05
8.398484351346269e-05
8.075201185420156e-05
8.322822395712137e-05
8.075201185420156e-05
7.97202592366375e-05
7.937633927213028e-05
7.497418846469373e-05
7.46302685001865e-05
7.318580901483074e-05
7.33921624487266e-05
7.229162292787805e-05
7.201648986665532e-05
7.160378299886361e-05
7.105351687641814e-05
7.242918945848942e-05
7.091595034580678e-05
7.270432251971215e-05
7.270432251971215e-05
7.33921624487266e-05
7.449270196957514e-05
7.820702012395486e-05
8.061444532359019e-05
8.212768443627283e-05
9.574685100233182e-05
9.471509110881016e-05
9.636590402806178e-05
9.636590402806178e-05
9.760401007952169e-05
9.75352231762372e-05
9.822306310525164e-05
9.787914314074442e-05
9.808549657464027e-05
9.677860361989588e-05
9.732887701829895e-05
9.223888628184795e-05
9.127591329161078e-05
9.086320642381907e-05
8.955632074503228e-05
8.8180648162961e-05
8.680497558088973e-05
8.515416266163811e-05
8.439754310529679e-05
8.130227797664702e-05
8.075201185420156e-05
7.820702012395486e-05
7.731282676104456e-05
8.130227797664702e-05
7.875728624640033e-05
7.820702012395486e-05
7.518053462263197e-05
7.607472070958465e-05
7.511175499530509e-05
7.621229451615363e-05
7.71752602304332e-05
7.903241930762306e-05
8.040809188969433e-05
8.233403787016869e-05
8.56356491567567e-05
8.783672819845378e-05
8.969388727564365e-05
9.196374594466761e-05
9.423361188964918e-05
9.622833749745041e-05
9.822306310525164e-05
9.973630221793428e-05
0.00010290034697391093
0.00010413845302537084
0.00010757763811852783
0.00010833425767486915
0.00010888453107327223
0.00010688979818951339
0.0001077152046491392
9.870454960037023e-05
9.822306310525164e-05
9.781035623745993e-05
9.382090502185747e-05
9.395847155246884e-05
9.210131247527897e-05
9.664103708928451e-05
9.24452324397862e-05
9.512779797660187e-05
9.258279897039756e-05
9.093199332710356e-05
8.948753384174779e-05
8.838700159685686e-05
8.804308163234964e-05
8.632348908577114e-05
8.763037476455793e-05
8.254038402810693e-05
8.446633000858128e-05
8.446633000858128e-05
8.412241004407406e-05
8.494781650369987e-05
8.439754310529679e-05
8.56356491567567e-05
8.48102499730885e-05
8.666740905027837e-05
8.646105561638251e-05
9.141347982222214e-05
9.03129403013736e-05
9.045050683198497e-05
8.425997657468542e-05
8.377849007956684e-05
8.267795783467591e-05
8.1439851783216e-05
8.102714491542429e-05
7.552445458713919e-05
7.435513543896377e-05
7.311702938750386e-05
7.160378299886361e-05
7.153500337153673e-05
6.795825174776837e-05
6.837095133960247e-05
6.596352613996714e-05
6.568839307874441e-05
6.307461444521323e-05
6.286826101131737e-05
6.300582754192874e-05
6.328096060315147e-05
6.424393359338865e-05
6.493177352240309e-05
6.665136606898159e-05
6.78894721204415e-05
6.974662392167374e-05
7.043446385068819e-05
7.284188905032352e-05
7.229162292787805e-05
7.483661465812474e-05
7.579958764836192e-05
7.573080802103505e-05
7.641864067409188e-05
8.061444532359019e-05
8.267795783467591e-05
8.302187052322552e-05
8.515416266163811e-05
8.666740905027837e-05
8.776794857112691e-05
8.811186125967652e-05
8.824942779028788e-05
8.921240078052506e-05
8.804308163234964e-05
8.928118768380955e-05
8.873091428540647e-05
9.010658686747774e-05
8.804308163234964e-05
8.852456812746823e-05
8.838700159685686e-05
8.845578122418374e-05
7.586837455164641e-05
7.806944631738588e-05
8.027052535908297e-05
8.22652509668842e-05
8.419119694735855e-05
8.577321568736807e-05
8.728646207600832e-05
8.852456812746823e-05
8.962510037235916e-05
9.051929373526946e-05
9.127591329161078e-05
9.182617941405624e-05
9.24452324397862e-05
9.299550583818927e-05
9.272036550100893e-05
9.382090502185747e-05
9.354577196063474e-05
9.36833384912461e-05
9.354577196063474e-05
9.251401934307069e-05
9.40960380830802e-05
9.354577196063474e-05
9.175739978672937e-05
9.100078023038805e-05
8.900605462258682e-05
8.85933477547951e-05
8.708010864211246e-05
8.69425421115011e-05
8.529173646820709e-05
8.570443606004119e-05
8.508538303431123e-05
8.536051609553397e-05
8.536051609553397e-05
8.831821469357237e-05
8.556686952942982e-05
8.962510037235916e-05
9.003780724015087e-05
9.650347055867314e-05
9.781035623745993e-05
9.512779797660187e-05
9.774157661013305e-05
9.657225018600002e-05
9.760401007952169e-05
9.849819616647437e-05
0.00010069927520817146
0.00010063048830488697
0.00010145589476451278
0.00010131832823390141
0.00010145589476451278
0.00010138710786122829
0.00010014900180976838
9.891089575830847e-05
9.87733292276971e-05
9.739765664562583e-05
9.781035623745993e-05
9.423361188964918e-05
9.3270638899412e-05
9.058807336259633e-05
8.962510037235916e-05
8.6529842519667e-05
8.446633000858128e-05
8.288430399261415e-05
8.164619794115424e-05
7.779431325616315e-05
7.628107414348051e-05
7.607472070958465e-05
7.593715417897329e-05
7.593715417897329e-05
7.690012716921046e-05
7.67625606385991e-05
7.84821531851776e-05
7.944512617541477e-05
8.082079875748605e-05
8.171498484443873e-05
8.364092354895547e-05
8.405363041674718e-05
8.577321568736807e-05
8.728646207600832e-05
8.708010864211246e-05
8.845578122418374e-05
8.900605462258682e-05
9.24452324397862e-05
9.340820543002337e-05
