0.5123137831687927
10.86941909790039
6.956961631774902
4.450520038604736
2.8457677364349365
1.8192709684371948
1.1629263162612915
0.7434978485107422
0.4750686585903168
0.30364853143692017
0.1939057558774948
0.1239159107208252
0.07905660569667816
0.0501784086227417
0.031821589916944504
0.020077235996723175
0.012562780641019344
0.007858882658183575
0.004677327815443277
0.002736933995038271
0.0014991627540439367
0.0006405421299859881
0.00012383080320432782
-9.078587754629552e-05
-0.00029828009428456426
-0.0004741816082969308
-0.0005957206012681127
-0.0006768477614969015
-0.0007274947711266577
-0.0007575451745651662
-0.0007741616573184729
-0.0007843194762244821
-0.0007911428692750633
-0.0007958390633575618
-0.0007991855381987989
-0.0008016882929950953
-0.000803678180091083
-0.0008044670103117824
-0.0007964258547872305
-0.0007732728845439851
-0.0007350913947448134
-0.0006914212135598063
-0.0006596706225536764
-0.0006552797858603299
-0.0006946269422769547
-0.0008125809254124761
-0.0008236226276494563
-0.0008212738903239369
-0.0008586056646890938
-0.0008156007388606668
-0.0007920035859569907
-0.0009327931329607964
-0.0009859463898465037
-0.0008768541738390923
-0.0011412680614739656
-0.0012739025987684727
-0.001436643535271287
-0.0017202880699187517
-0.0020996909588575363
-0.0026638121344149113
-0.0034460830502212048
-0.004765146411955357
-0.006989071145653725
-0.010654851794242859
-0.015754714608192444
-0.019820895045995712
-0.023291900753974915
-0.028142787516117096
-0.034753426909446716
-0.04214029759168625
-0.05123052000999451
-0.06245587021112442
-0.07633879780769348
-0.08943324536085129
-0.1017584502696991
-0.11118178069591522
-0.11762938648462296
-0.12187293916940689
-0.12464164197444916
-0.12645795941352844
-0.12764665484428406
-0.1284170001745224
-0.12894132733345032
-0.1293030083179474
-0.12956322729587555
-0.12969408929347992
-0.12976936995983124
-0.12984031438827515
-0.12988121807575226
-0.12990742921829224
-0.12992891669273376
-0.1299431025981903
-0.1299654096364975
-0.12997159361839294
-0.1299847513437271
-0.12998872995376587
-0.12999752163887024
-0.1300099492073059
-0.1300451010465622
-0.13007262349128723
-0.1302853226661682
-0.13031946122646332
-0.13036704063415527
-0.13042046129703522
-0.13047730922698975
-0.13056549429893494
-0.1305941492319107
-0.1306173950433731
-0.1306285411119461
-0.1306309998035431
-0.1306324601173401
-0.1306343525648117
-0.1306416392326355
-0.13065703213214874
-0.13068483769893646
-0.13069036602973938
-0.13069434463977814
-0.13069754838943481
-0.1306985318660736
-0.13069264590740204
-0.13068148493766785
-0.13074593245983124
-0.1307893544435501
-0.1308198869228363
-0.13087134063243866
-0.130923330783844
-0.1310175061225891
-0.13112051784992218
-0.13131508231163025
-0.1313377171754837
-0.13176020979881287
-0.13212703168392181
-0.13275417685508728
-0.13399390876293182
-0.1364169865846634
-0.1391698122024536
-0.13996079564094543
-0.1417500376701355
-0.14507630467414856
-0.150094136595726
-0.15501722693443298
-0.16179302334785461
-0.17011061310768127
-0.17891216278076172
-0.18690253794193268
-0.19350679218769073
-0.19896146655082703
-0.2040356546640396
-0.20654577016830444
-0.20841681957244873
-0.20999108254909515
-0.2111869752407074
-0.212376207113266
-0.21324852108955383
-0.21396586298942566
-0.21464833617210388
-0.21537330746650696
-0.21613769233226776
-0.21684563159942627
-0.2176116704940796
-0.2184094488620758
-0.21929439902305603
-0.2201726734638214
-0.22082772850990295
-0.22154030203819275
-0.22211983799934387
-0.2226623296737671
-0.22297662496566772
-0.2234201729297638
-0.22381591796875
-0.22437146306037903
-0.224751278758049
-0.2253037542104721
-0.2258075624704361
-0.22620585560798645
-0.2265920490026474
-0.2267889529466629
-0.2271277904510498
-0.2272493541240692
-0.22738052904605865
-0.22764523327350616
-0.22778144478797913
-0.22803819179534912
-0.22838133573532104
-0.2287161946296692
-0.22921860218048096
-0.229805588722229
-0.2304876148700714
-0.23138833045959473
-0.23247936367988586
-0.23387783765792847
-0.2356056272983551
-0.2376045286655426
-0.239851176738739
-0.24204784631729126
-0.2445942759513855
-0.24764090776443481
-0.25023573637008667
-0.25405552983283997
-0.26015329360961914
-0.26478466391563416
-0.27271074056625366
-0.2823972702026367
-0.2925121784210205
-0.30151647329330444
-0.3185163140296936
-0.3343617618083954
-0.345956027507782
-0.3590020537376404
-0.3749712109565735
-0.39137011766433716
-0.40365317463874817
-0.41767027974128723
-0.42455196380615234
-0.4316219985485077
-0.43935608863830566
-0.44954895973205566
-0.4596497118473053
-0.46866148710250854
-0.4824800491333008
-0.500034749507904
-0.5144307613372803
-0.5271905660629272
-0.5434909462928772
-0.5499066114425659
-0.5563259124755859
-0.5647115707397461
-0.5746424198150635
-0.5826921463012695
-0.590818464756012
-0.5995354652404785
-0.6083134412765503
-0.6168010830879211
-0.6250901222229004
-0.632976770401001
-0.6405530571937561
-0.6481592655181885
-0.6554974913597107
-0.6622667908668518
-0.6684831380844116
-0.6739853024482727
-0.6797842383384705
-0.6868048310279846
-0.6940799951553345
-0.7043822407722473
-0.7157840132713318
-0.7281805276870728
-0.7388172149658203
-0.7490037083625793
-0.7612446546554565
-0.7740231156349182
-0.7859188914299011
-0.7963955402374268
-0.8052678108215332
-0.8122977018356323
-0.817903995513916
-0.8227686882019043
-0.8284685015678406
-0.8364424109458923
-0.8466925024986267
-0.8593201637268066
-0.8731942176818848
-0.8869404792785645
-0.903828501701355
-0.9220561385154724
-0.9420322179794312
-0.9594959020614624
-0.9780226349830627
-0.9937878251075745
-1.0102726221084595
-1.0229768753051758
-1.0351063013076782
-1.045232892036438
-1.055159568786621
-1.064393401145935
-1.0718952417373657
-1.0778230428695679
-1.0829920768737793
-1.087428092956543
-1.0927610397338867
-1.0996822118759155
-1.1083282232284546
-1.1201081275939941
-1.1327794790267944
-1.1484169960021973
-1.1659467220306396
-1.1888870000839233
-1.2153465747833252
-1.2478996515274048
-1.2860870361328125
-1.33699631690979
-1.3735545873641968
-1.418250322341919
-1.4527409076690674
-1.4761658906936646
-1.4938092231750488
-1.509284257888794
-1.522064208984375
-1.5336196422576904
-1.5452485084533691
-1.5574562549591064
-1.57039475440979
-1.5841796398162842
-1.5987217426300049
-1.61414635181427
-1.6300575733184814
-1.6467407941818237
-1.6635361909866333
-1.6796425580978394
-1.695928931236267
-1.7101467847824097
-1.723232388496399
-1.7349730730056763
-1.7486993074417114
-1.7645655870437622
-1.781388759613037
-1.8001995086669922
-1.821485161781311
-1.8457669019699097
-1.8715888261795044
-1.9017332792282104
-1.9264503717422485
-1.9544435739517212
-1.9765807390213013
-1.999570369720459
-2.0172176361083984
-2.0356736183166504
-2.048981189727783
-2.058671712875366
-2.0676653385162354
-2.0732967853546143
-2.07676362991333
-2.0798537731170654
-2.0829977989196777
-2.086237907409668
-2.0897858142852783
-2.094221830368042
-2.099954843521118
-2.1073336601257324
-2.116039276123047
-2.124906301498413
-2.1334221363067627
-2.1418542861938477
-2.1510162353515625
-2.1589107513427734
-2.1657416820526123
-2.1719915866851807
-2.177395820617676
-2.1820456981658936
-2.1858949661254883
-2.1891276836395264
-2.191972017288208
-2.1946122646331787
-2.1972427368164062
-2.1997554302215576
-2.202427387237549
-2.205155372619629
-2.2083356380462646
-2.212045192718506
-2.2164857387542725
-2.2214348316192627
-2.2263355255126953
-2.231717109680176
-2.237326145172119
-2.243103504180908
-2.248338222503662
-2.2533414363861084
-2.257366418838501
-2.2613065242767334
-2.265216588973999
-2.2698423862457275
-2.275237560272217
-2.280877113342285
-2.2864365577697754
-2.2916696071624756
-2.2967822551727295
-2.301347255706787
-2.305570363998413
-2.3092098236083984
-2.3125548362731934
-2.315523147583008
-2.3180623054504395
-2.3200299739837646
-2.321868419647217
-2.3240084648132324
-2.3264529705047607
-2.3289833068847656
-2.331813097000122
-2.334699869155884
-2.3377366065979004
-2.340721368789673
-2.343822479248047
-2.346867799758911
-2.3496782779693604
-2.3524556159973145
-2.355105400085449
-2.357407569885254
-2.359393835067749
-2.361201286315918
-2.3630244731903076
-2.3647096157073975
-2.3666186332702637
-2.368882656097412
-2.371274948120117
-2.3738582134246826
-2.3764896392822266
-2.379035234451294
-2.381646156311035
-2.3843495845794678
-2.3872597217559814
-2.390272617340088
-2.3934402465820312
-2.3964836597442627
-2.399472951889038
-2.4027066230773926
-2.4058878421783447
-2.4091076850891113
-2.4128293991088867
-2.4162232875823975
-2.420041084289551
-2.423903226852417
-2.4278109073638916
-2.431661605834961
-2.4351227283477783
-2.4380011558532715
-2.440281867980957
-2.4420807361602783
-2.4435863494873047
-2.444999933242798
-2.446256399154663
-2.4473462104797363
-2.4483048915863037
-2.449192523956299
-2.450047492980957
-2.4506947994232178
-2.451446294784546
-2.452375650405884
-2.453287363052368
-2.454540491104126
-2.455726146697998
-2.4569575786590576
-2.4581010341644287
-2.4590015411376953
-2.4597833156585693
-2.46042537689209
-2.4609923362731934
-2.4615087509155273
-2.461998701095581
-2.462491035461426
-2.4629600048065186
-2.4634459018707275
-2.4639434814453125
-2.46441912651062
-2.464970827102661
-2.4654760360717773
-2.466064214706421
-2.4666712284088135
-2.4672739505767822
-2.467836380004883
-2.468418598175049
-2.469041347503662
-2.4696669578552246
-2.470141649246216
-2.4706270694732666
-2.4711403846740723
-2.471660614013672
-2.4721903800964355
-2.472771167755127
-2.473402976989746
-2.4741129875183105
-2.474897861480713
-2.47582745552063
-2.4768693447113037
-2.478043556213379
-2.479283571243286
-2.4805800914764404
-2.4816789627075195
-2.482700824737549
-2.4834656715393066
-2.4841349124908447
-2.484666347503662
-2.485121726989746
-2.4855077266693115
-2.485852003097534
-2.486154794692993
-2.48645281791687
-2.486752986907959
-2.486982583999634
-2.4872567653656006
-2.4875805377960205
-2.4879963397979736
-2.488574266433716
-2.4891722202301025
-2.4897849559783936
-2.4903388023376465
-2.490858793258667
-2.491293430328369
-2.491680860519409
-2.492032527923584
-2.4924042224884033
-2.492722988128662
-2.4930355548858643
-2.4933745861053467
-2.4937193393707275
-2.4940669536590576
-2.4944519996643066
-2.4948794841766357
-2.495328903198242
-2.495806932449341
-2.496281147003174
-2.4967434406280518
-2.497164487838745
-2.4975426197052
-2.497870445251465
-2.4981930255889893
-2.4985194206237793
-2.4988842010498047
-2.4993300437927246
-2.49985933303833
-2.5004637241363525
-2.5009517669677734
-2.5014989376068115
-2.502207040786743
-2.5030999183654785
-2.5041019916534424
-2.505230665206909
-2.5063669681549072
-2.5075907707214355
-2.5087366104125977
-2.509894371032715
-2.5109095573425293
-2.511845111846924
-2.5126068592071533
-2.5132617950439453
-2.5137858390808105
-2.5142297744750977
-2.5146148204803467
-2.5149588584899902
-2.515265941619873
-2.515514850616455
-2.515753984451294
-2.515984535217285
-2.5161969661712646
-2.5164096355438232
-2.5166380405426025
-2.516897201538086
-2.5171408653259277
-2.5174190998077393
-2.517712354660034
-2.518030881881714
-2.51839017868042
-2.518820285797119
-2.5193543434143066
-2.51999831199646
-2.5206499099731445
-2.521334171295166
-2.522085428237915
-2.5227506160736084
-2.5234575271606445
-2.5241096019744873
-2.524686813354492
-2.525163173675537
-2.525663137435913
-2.5261855125427246
-2.5266594886779785
-2.527050495147705
-2.5274412631988525
-2.527836799621582
-2.5282058715820312
-2.5285444259643555
-2.5288500785827637
-2.5291481018066406
-2.5294346809387207
-2.5297114849090576
-2.529979944229126
-2.530226945877075
-2.5304601192474365
-2.530682325363159
-2.530970335006714
-2.5313031673431396
-2.531679153442383
-2.532116413116455
-2.5326311588287354
-2.5331223011016846
-2.533771514892578
-2.534712791442871
-2.5357820987701416
-2.537076950073242
-2.538517951965332
-2.540177583694458
-2.541834831237793
-2.543562650680542
-2.544950008392334
-2.5464842319488525
-2.5481486320495605
-2.549978256225586
-2.551861047744751
-2.553556203842163
-2.5551233291625977
-2.5565333366394043
-2.5577290058135986
-2.5588088035583496
-2.5595266819000244
-2.5600697994232178
-2.560579538345337
-2.5610287189483643
-2.5613791942596436
-2.5616817474365234
-2.561933755874634
-2.5622048377990723
-2.5624454021453857
-2.562725067138672
-2.563077688217163
-2.563520908355713
-2.5640666484832764
-2.564725399017334
-2.565446615219116
-2.5662100315093994
-2.566957950592041
-2.5677194595336914
-2.568333148956299
-2.569089651107788
-2.569870948791504
-2.570556640625
-2.5711581707000732
-2.5716893672943115
-2.5721852779388428
-2.572648525238037
-2.5731303691864014
-2.5736513137817383
-2.5742640495300293
-2.5750274658203125
-2.5759809017181396
-2.577191114425659
-2.57858943939209
-2.580278158187866
-2.582017421722412
-2.5838210582733154
-2.585310697555542
-2.586728572845459
-2.5879907608032227
-2.589006185531616
-2.5898470878601074
-2.5905814170837402
-2.591200351715088
-2.591726779937744
-2.592165946960449
-2.5925381183624268
-2.5928642749786377
-2.593116044998169
-2.5933613777160645
-2.593600273132324
-2.593864679336548
-2.594269037246704
-2.594496965408325
-2.5947563648223877
-2.595095157623291
-2.5955123901367188
-2.596031665802002
-2.596508741378784
-2.5970633029937744
-2.5977330207824707
-2.5984160900115967
-2.599121570587158
-2.5998525619506836
-2.600525379180908
-2.6011605262756348
-2.6017303466796875
-2.6022305488586426
-2.6026697158813477
-2.6030776500701904
-2.60343599319458
-2.603759765625
-2.6040549278259277
-2.6043295860290527
-2.6045897006988525
-2.6048569679260254
-2.6050853729248047
-2.6053249835968018
-2.6056060791015625
-2.605909824371338
-2.6062018871307373
-2.6064698696136475
-2.60671329498291
-2.6069462299346924
-2.607159376144409
-2.6073758602142334
-2.6075525283813477
-2.6077284812927246
-2.607919216156006
-2.608099937438965
-2.608271837234497
-2.6084141731262207
-2.6085455417633057
-2.6086487770080566
-2.60876202583313
-2.6088831424713135
-2.6089978218078613
-2.6091103553771973
-2.609192132949829
-2.609283208847046
-2.609376907348633
-2.60947322845459
-2.609548330307007
-2.609616756439209
-2.60968279838562
-2.6097500324249268
-2.609818696975708
-2.609894037246704
-2.609978199005127
-2.6100692749023438
-2.610180377960205
-2.6102993488311768
-2.6104519367218018
-2.6106810569763184
-2.610980272293091
-2.6112706661224365
-2.6116058826446533
-2.612044334411621
-2.612452983856201
-2.6129209995269775
-2.613471031188965
-2.613922357559204
-2.6143577098846436
-2.614741086959839
-2.61507248878479
-2.615360736846924
-2.615617513656616
-2.615809917449951
-2.6159610748291016
-2.616091728210449
-2.6161997318267822
-2.616297483444214
-2.616384983062744
-2.6164839267730713
-2.616609811782837
-2.6167449951171875
-2.616891622543335
-2.6170318126678467
-2.6171982288360596
-2.6173095703125
-2.617452383041382
-2.6176345348358154
-2.617841958999634
-2.618029832839966
-2.618239402770996
-2.618457555770874
-2.6186821460723877
-2.618924379348755
-2.6192078590393066
-2.619502305984497
-2.6198365688323975
-2.6201977729797363
-2.6205942630767822
-2.621009349822998
-2.6214914321899414
-2.6219301223754883
-2.622425079345703
-2.6229910850524902
-2.62357759475708
-2.6241400241851807
-2.6246910095214844
-2.6252427101135254
-2.6257243156433105
-2.6262001991271973
-2.626661539077759
-2.6270999908447266
-2.6274189949035645
-2.627688407897949
-2.6279165744781494
-2.6281349658966064
-2.6283063888549805
-2.62845778465271
-2.628586769104004
-2.6287059783935547
-2.6288256645202637
-2.6289377212524414
-2.6290531158447266
-2.629152536392212
-2.629237174987793
-2.629314422607422
-2.629408359527588
-2.6295056343078613
-2.629648447036743
-2.629798650741577
-2.630009889602661
-2.6302285194396973
-2.6304469108581543
-2.630737066268921
-2.63106369972229
-2.6313328742980957
-2.6316282749176025
-2.6320018768310547
-2.6323742866516113
-2.6327097415924072
-2.6329944133758545
-2.633249282836914
-2.6334781646728516
-2.6336984634399414
-2.633922576904297
-2.6341843605041504
-2.6344618797302246
-2.634772777557373
-2.6350815296173096
-2.6353676319122314
-2.6355392932891846
-2.635695457458496
-2.6358470916748047
-2.6359872817993164
-2.6361193656921387
-2.6362478733062744
-2.636368751525879
-2.6364827156066895
-2.6365966796875
-2.636683464050293
-2.636765480041504
-2.636831521987915
-2.6368889808654785
-2.636944532394409
-2.636995553970337
-2.63704514503479
-2.637094736099243
-2.6371448040008545
-2.6371970176696777
-2.637254476547241
-2.6373116970062256
-2.637364149093628
-2.637411117553711
-2.6374645233154297
-2.637518882751465
-2.6375763416290283
-2.6376290321350098
-2.637685775756836
-2.6377487182617188
-2.637816905975342
-2.637880802154541
-2.637955665588379
-2.638026237487793
-2.638108968734741
-2.638179302215576
-2.638267993927002
-2.6383907794952393
-2.6384761333465576
-2.638564348220825
-2.638684034347534
-2.6388280391693115
-2.6389927864074707
-2.6391704082489014
-2.6393661499023438
-2.639556884765625
-2.6397359371185303
-2.6398990154266357
-2.640029191970825
-2.6401474475860596
-2.6402523517608643
-2.6403443813323975
-2.6404261589050293
-2.640500783920288
-2.640562057495117
-2.6406166553497314
-2.640666961669922
-2.6407089233398438
-2.6407525539398193
-2.6407968997955322
-2.640850782394409
-2.64089035987854
-2.6409547328948975
-2.641014575958252
-2.6410958766937256
-2.641169309616089
-2.6412606239318848
-2.641366958618164
-2.641481399536133
-2.641592502593994
-2.641688108444214
-2.6417694091796875
-2.641843318939209
-2.6419076919555664
-2.6419763565063477
-2.6420207023620605
-2.6420698165893555
-2.642122268676758
-2.642179250717163
-2.642232656478882
-2.6422924995422363
-2.6423654556274414
-2.6424319744110107
-2.6425044536590576
-2.642570734024048
-2.6426587104797363
-2.6427574157714844
-2.642866849899292
-2.6429905891418457
-2.6431586742401123
-2.64324688911438
-2.6433420181274414
-2.643450975418091
-2.643568277359009
-2.643695831298828
-2.6438114643096924
-2.643909454345703
-2.6440038681030273
-2.6441123485565186
-2.6442222595214844
-2.64434814453125
-2.644481658935547
-2.644604206085205
-2.64471697807312
-2.6448264122009277
-2.644928216934204
-2.6450347900390625
-2.6451499462127686
-2.6452138423919678
-2.645303726196289
-2.645395278930664
-2.6454813480377197
-2.6455652713775635
-2.6456310749053955
-2.6457061767578125
-2.6457667350769043
-2.6458189487457275
-2.6458632946014404
-2.645899772644043
-2.6459317207336426
-2.645968437194824
-2.6460070610046387
-2.6460466384887695
-2.6460843086242676
-2.646141290664673
-2.646228551864624
-2.646331787109375
-2.646479845046997
-2.6466400623321533
-2.6467788219451904
-2.6469547748565674
-2.64715313911438
-2.6473429203033447
-2.6475307941436768
-2.6476948261260986
-2.647834062576294
-2.647963047027588
-2.648059606552124
-2.648148536682129
-2.6482365131378174
-2.6483073234558105
-2.6483888626098633
-2.6484615802764893
-2.648543357849121
-2.6486432552337646
-2.6487619876861572
-2.6489057540893555
-2.6490578651428223
-2.649207353591919
-2.6493680477142334
-2.649541139602661
-2.649700403213501
-2.64985990524292
-2.6500227451324463
-2.6501810550689697
-2.6503312587738037
-2.650449275970459
-2.6505651473999023
-2.6506803035736084
-2.65073299407959
-2.650820732116699
-2.6509082317352295
-2.6509909629821777
-2.6510753631591797
-2.65116286277771
-2.6512417793273926
-2.651318073272705
-2.6514105796813965
-2.651512861251831
-2.651637077331543
-2.651782751083374
-2.6519534587860107
-2.652155637741089
-2.6523313522338867
-2.6525349617004395
-2.6527767181396484
-2.6530590057373047
-2.653331995010376
-2.653599500656128
-2.653855800628662
-2.654115676879883
-2.6543655395507812
-2.6546037197113037
-2.654791831970215
-2.654975175857544
-2.655165672302246
-2.655313730239868
-2.655428409576416
-2.655543565750122
-2.655670404434204
-2.6557915210723877
-2.655904769897461
-2.6560139656066895
-2.6561200618743896
-2.6562254428863525
-2.6563520431518555
-2.656482458114624
-2.6566014289855957
-2.656693458557129
-2.656789779663086
-2.6568796634674072
-2.6569712162017822
-2.657067060470581
-2.6571555137634277
-2.6572508811950684
-2.6573326587677
-2.657407283782959
-2.6574840545654297
-2.6575539112091064
-2.657616138458252
-2.6576783657073975
-2.657738447189331
-2.6577963829040527
-2.657850980758667
-2.6579012870788574
-2.657942295074463
-2.657998561859131
-2.658046007156372
-2.658113956451416
-2.658177137374878
-2.6582565307617188
-2.658355951309204
-2.658478260040283
-2.658623456954956
-2.6587815284729004
-2.65895938873291
-2.659170627593994
-2.659377336502075
-2.6595757007598877
-2.6597471237182617
-2.659947633743286
-2.6601502895355225
-2.660358428955078
-2.660541296005249
-2.6607017517089844
-2.660839319229126
-2.660965919494629
-2.661106586456299
-2.6612370014190674
-2.661362409591675
-2.6614811420440674
-2.6615970134735107
-2.661731004714966
-2.6619009971618652
-2.6620407104492188
-2.6621742248535156
-2.662280321121216
-2.662414073944092
-2.6625730991363525
-2.6627449989318848
-2.662900447845459
-2.66304874420166
-2.663184642791748
-2.6633217334747314
-2.663424491882324
-2.6635260581970215
-2.663606643676758
-2.6637001037597656
-2.6637825965881348
-2.6638498306274414
-2.663912773132324
-2.663977861404419
-2.664050340652466
-2.6641242504119873
-2.6641883850097656
-2.6642630100250244
-2.664330244064331
-2.6643950939178467
-2.6644811630249023
-2.664564609527588
-2.6646671295166016
-2.6647725105285645
-2.6648809909820557
-2.6649956703186035
-2.665074586868286
-2.665139675140381
-2.6652181148529053
-2.6652939319610596
-2.665377378463745
-2.665463447570801
-2.6655497550964355
-2.6656486988067627
-2.6657562255859375
-2.6658732891082764
-2.6659934520721436
-2.6661102771759033
-2.6662206649780273
-2.6662917137145996
-2.666396141052246
-2.66650652885437
-2.666635751724243
-2.666775941848755
-2.666921615600586
-2.6670584678649902
-2.667198657989502
-2.66733717918396
-2.667471170425415
-2.667593240737915
-2.6677019596099854
-2.66780424118042
-2.6678988933563232
-2.667994737625122
-2.668097496032715
-2.668198347091675
-2.6683597564697266
-2.6684772968292236
-2.668621063232422
-2.6687824726104736
-2.668951988220215
-2.669121265411377
-2.669283866882324
-2.6694347858428955
-2.66957950592041
-2.6697194576263428
-2.6698508262634277
-2.6699838638305664
-2.6701269149780273
-2.670315742492676
-2.6705050468444824
-2.67069935798645
-2.670905113220215
-2.6711108684539795
-2.6713297367095947
-2.6715474128723145
-2.6717679500579834
-2.671968936920166
-2.6721575260162354
-2.672353744506836
-2.6725330352783203
-2.6726901531219482
-2.6728456020355225
-2.6729655265808105
-2.6731021404266357
-2.673194408416748
-2.6732912063598633
-2.673391580581665
-2.6734910011291504
-2.673598527908325
-2.67370867729187
-2.673823118209839
-2.673940896987915
-2.674070119857788
-2.674185037612915
-2.674300193786621
-2.6744275093078613
-2.674574136734009
-2.6747162342071533
-2.6748743057250977
-2.6750433444976807
-2.6752352714538574
-2.675462245941162
-2.6756057739257812
-2.6757991313934326
-2.6760201454162598
-2.676241159439087
-2.676453113555908
-2.6766347885131836
-2.676793098449707
-2.6769278049468994
-2.6770522594451904
-2.6771769523620605
-2.6772983074188232
-2.6773829460144043
-2.677476167678833
-2.677588939666748
-2.6776983737945557
-2.677814245223999
-2.677948474884033
-2.678096294403076
-2.6781885623931885
-2.678280830383301
-2.6783902645111084
-2.678506374359131
-2.6786506175994873
-2.678786277770996
-2.6789212226867676
-2.6788010597229004
-2.6789984703063965
-2.6791555881500244
-2.679302215576172
-2.6794300079345703
-2.6795430183410645
-2.6796486377716064
-2.679743766784668
-2.679837465286255
-2.6799261569976807
-2.6800079345703125
-2.6800904273986816
-2.680178642272949
-2.6802611351013184
-2.6803505420684814
-2.6804070472717285
-2.6804659366607666
-2.680532932281494
-2.6806089878082275
-2.6806812286376953
-2.680755376815796
-2.6808276176452637
-2.680894136428833
-2.6809535026550293
-2.6810243129730225
-2.68108868598938
-2.6811580657958984
-2.6812305450439453
-2.6813087463378906
-2.6814188957214355
-2.681508779525757
-2.6816108226776123
-2.6817469596862793
-2.6818976402282715
-2.6820578575134277
-2.6822047233581543
-2.6823391914367676
-2.6824557781219482
-2.682563543319702
-2.682666540145874
-2.682760238647461
-2.682852268218994
-2.6829302310943604
-2.682999849319458
-2.683074712753296
-2.683142900466919
-2.6832122802734375
-2.6832852363586426
-2.683356761932373
-2.6834232807159424
-2.6834962368011475
-2.6835525035858154
-2.683609962463379
-2.6836767196655273
-2.683744192123413
-2.6838126182556152
-2.6838736534118652
-2.6839284896850586
-2.6839704513549805
-2.6840131282806396
-2.684061050415039
-2.684098243713379
-2.684134006500244
-2.684176206588745
-2.684230327606201
-2.684295415878296
-2.6843881607055664
-2.6845083236694336
-2.684643507003784
-2.684791326522827
-2.684908628463745
-2.685072183609009
-2.685267686843872
-2.6854724884033203
-2.6856467723846436
-2.6858291625976562
-2.686018466949463
-2.686173439025879
-2.6862854957580566
-2.6864166259765625
-2.6864943504333496
-2.686574697494507
-2.6866612434387207
-2.686750888824463
-2.6868386268615723
-2.6869258880615234
-2.6870105266571045
-2.687096118927002
-2.687195062637329
-2.6872730255126953
-2.6873648166656494
-2.687464952468872
-2.6875698566436768
-2.6876888275146484
-2.6877951622009277
-2.687911033630371
-2.688018321990967
-2.688122272491455
-2.688215732574463
-2.688300848007202
-2.688375473022461
-2.688446044921875
-2.688523769378662
-2.6886181831359863
-2.688734769821167
-2.6887998580932617
-2.6888740062713623
-2.688971519470215
-2.6890933513641357
-2.6892004013061523
-2.6893277168273926
-2.689455509185791
-2.6895716190338135
-2.6896655559539795
-2.689789295196533
-2.689950704574585
-2.690096855163574
-2.690246343612671
-2.690408706665039
-2.690582036972046
-2.690739393234253
-2.690903663635254
-2.691070079803467
-2.691230297088623
-2.6913845539093018
-2.69153094291687
-2.6916680335998535
-2.6917927265167236
-2.691924810409546
-2.692047595977783
-2.692183494567871
-2.6922945976257324
-2.692397356033325
-2.692509889602661
-2.692629814147949
-2.692748785018921
-2.6928820610046387
-2.6930055618286133
-2.693113088607788
-2.6932172775268555
-2.6933131217956543
-2.6934237480163574
-2.693528413772583
-2.693631887435913
-2.6937649250030518
-2.6938893795013428
-2.694014072418213
-2.694114923477173
-2.6942460536956787
-2.694385528564453
-2.6945202350616455
-2.694657325744629
-2.694789171218872
-2.694901466369629
-2.694995164871216
-2.695103406906128
-2.6952311992645264
-2.695359706878662
-2.6954939365386963
-2.6956186294555664
-2.695737838745117
-2.6958446502685547
-2.6959426403045654
-2.696028709411621
-2.69610857963562
-2.696190118789673
-2.6962573528289795
-2.6963109970092773
-2.6963725090026855
-2.6964480876922607
-2.6965298652648926
-2.6966116428375244
-2.6966612339019775
-2.6967344284057617
-2.6968181133270264
-2.6969077587127686
-2.6970067024230957
-2.697100877761841
-2.697201728820801
-2.6972997188568115
-2.697411060333252
-2.6975314617156982
-2.6976609230041504
-2.697774648666382
-2.6978871822357178
-2.6980059146881104
-2.698151111602783
-2.698298931121826
-2.6984500885009766
-2.6986045837402344
-2.6987593173980713
-2.6989059448242188
-2.6990647315979004
-2.699207305908203
-2.6993532180786133
-2.699472665786743
-2.699583053588867
-2.699706554412842
-2.699857234954834
-2.7000184059143066
-2.700164556503296
-2.700293779373169
-2.7004506587982178
-2.7006146907806396
-2.700784921646118
-2.700956344604492
-2.7011420726776123
-2.7013256549835205
-2.701503038406372
-2.701690196990967
-2.7018566131591797
-2.702024459838867
-2.7021913528442383
-2.7023465633392334
-2.702481746673584
-2.7025911808013916
-2.7026891708374023
-2.7027828693389893
-2.702887535095215
-2.7030112743377686
-2.7030904293060303
-2.7032175064086914
-2.7033867835998535
-2.7035906314849854
-2.7038087844848633
-2.7040438652038574
-2.704296588897705
-2.7045490741729736
-2.704772472381592
-2.7049753665924072
-2.70515775680542
-2.7053322792053223
-2.7054789066314697
-2.7056055068969727
-2.705705404281616
-2.7057931423187256
-2.7058920860290527
-2.7060203552246094
-2.706169605255127
-2.7062675952911377
-2.7063956260681152
-2.7065603733062744
-2.706721544265747
-2.706882953643799
-2.7070353031158447
-2.7071762084960938
-2.707347869873047
-2.707479238510132
-2.7076032161712646
-2.707733392715454
-2.7078707218170166
-2.708010673522949
-2.708125352859497
-2.7082412242889404
-2.708371877670288
-2.7084977626800537
-2.7086005210876465
-2.7086923122406006
-2.7087974548339844
-2.7088966369628906
-2.708988904953003
-2.7090766429901123
-2.709156036376953
-2.709230899810791
-2.709294319152832
-2.7093591690063477
-2.7094082832336426
-2.709458827972412
-2.709507703781128
-2.709548234939575
-2.7095930576324463
-2.709635019302368
-2.709686756134033
-2.709650754928589
-2.709717035293579
-2.709786891937256
-2.7098615169525146
-2.709923505783081
-2.709991455078125
-2.7100648880004883
-2.7101449966430664
-2.710221767425537
-2.710301637649536
-2.710376262664795
-2.71045184135437
-2.7105181217193604
-2.7105953693389893
-2.710683584213257
-2.710789918899536
-2.710878610610962
-2.710972309112549
-2.7110607624053955
-2.7111599445343018
-2.711254835128784
-2.711352825164795
-2.7114577293395996
-2.711559534072876
-2.7116589546203613
-2.7117507457733154
-2.7118401527404785
-2.711923360824585
-2.712007522583008
-2.7120909690856934
-2.712188959121704
-2.7122719287872314
-2.7123520374298096
-2.712451219558716
-2.7125580310821533
-2.7126777172088623
-2.7127981185913086
-2.712923765182495
-2.713047981262207
-2.7131617069244385
-2.71327805519104
-2.7133848667144775
-2.7134928703308105
-2.71358323097229
-2.7136666774749756
-2.713736057281494
-2.7138009071350098
-2.713853597640991
-2.7139179706573486
-2.7139761447906494
-2.7140350341796875
-2.7140777111053467
-2.714120626449585
-2.7141714096069336
-2.714221239089966
-2.7142672538757324
-2.714320421218872
-2.714378595352173
-2.714414596557617
-2.714456558227539
-2.714498519897461
-2.714540481567383
-2.714585304260254
-2.714629888534546
-2.71468448638916
-2.7147343158721924
-2.7147979736328125
-2.714871644973755
-2.714949369430542
-2.715017318725586
-2.7151005268096924
-2.7151927947998047
-2.715283155441284
-2.7153615951538086
-2.7154393196105957
-2.715496778488159
-2.71555233001709
-2.715602397918701
-2.7156357765197754
-2.7156732082366943
-2.715707302093506
-2.7157421112060547
-2.7157816886901855
-2.715822458267212
-2.7158689498901367
-2.715918779373169
-2.7159583568573
-2.716008424758911
-2.716066360473633
-2.7161474227905273
-2.716238021850586
-2.716341495513916
-2.7164535522460938
-2.7165749073028564
-2.7167000770568848
-2.716825246810913
-2.716956615447998
-2.7170798778533936
-2.7172038555145264
-2.717339515686035
-2.7174575328826904
-2.7175960540771484
-2.7177469730377197
-2.7178502082824707
-2.717963457107544
-2.718101978302002
-2.7182154655456543
-2.7183237075805664
-2.718432903289795
-2.7185511589050293
-2.7186825275421143
-2.7188236713409424
-2.7189712524414062
-2.719130754470825
-2.719297170639038
-2.719461679458618
-2.7196333408355713
-2.7197680473327637
-2.719895839691162
-2.720017671585083
-2.720137596130371
-2.720237970352173
-2.720355749130249
-2.7204341888427734
-2.7204995155334473
-2.7205705642700195
-2.720639705657959
-2.720714807510376
-2.720771312713623
-2.720829725265503
-2.7208950519561768
-2.7209622859954834
-2.721040964126587
-2.721086263656616
-2.7211451530456543
-2.7212226390838623
-2.7213172912597656
-2.7214202880859375
-2.7215170860290527
-2.7216105461120605
-2.721707344055176
-2.721797227859497
-2.721895217895508
-2.7219972610473633
-2.7220876216888428
-2.7221615314483643
-2.722231864929199
-2.722308397293091
-2.7223758697509766
-2.7224361896514893
-2.722494602203369
-2.7225449085235596
-2.722583770751953
-2.7226338386535645
-2.7226572036743164
-2.7226877212524414
-2.722714424133301
-2.7227461338043213
-2.722778558731079
-2.722813367843628
-2.722846746444702
-2.7228803634643555
-2.722914218902588
-2.7229490280151367
-2.7229809761047363
-2.7230145931243896
-2.723043918609619
-2.7230772972106934
-2.723119020462036
-2.723158359527588
-2.723196029663086
-2.7232487201690674
-2.7233035564422607
-2.7233729362487793
-2.7234389781951904
-2.723515033721924
-2.723586082458496
-2.7236623764038086
-2.72373366355896
-2.7238099575042725
-2.7238919734954834
-2.7239670753479004
-2.724043607711792
-2.724132537841797
-2.724219799041748
-2.7243096828460693
-2.7244033813476562
-2.7244930267333984
-2.7245779037475586
-2.724653482437134
-2.7247259616851807
-2.724810838699341
-2.7248854637145996
-2.724942922592163
-2.724997043609619
-2.725046157836914
-2.7250919342041016
-2.7251334190368652
-2.7251760959625244
-2.725205421447754
-2.7252326011657715
-2.7252674102783203
-2.7253098487854004
-2.725346565246582
-2.725379228591919
-2.725421190261841
-2.7254669666290283
-2.725517988204956
-2.725555419921875
-2.7255985736846924
-2.725654125213623
-2.725696563720703
-2.725738763809204
-2.7257769107818604
-2.7258105278015137
-2.7258412837982178
-2.7258684635162354
-2.725898265838623
-2.725933313369751
-2.725966453552246
-2.72601056098938
-2.726060390472412
-2.7261078357696533
-2.726167917251587
-2.7262513637542725
-2.72631573677063
-2.7263989448547363
-2.7264935970306396
-2.7266016006469727
-2.726693868637085
-2.7267966270446777
-2.7268729209899902
-2.7269585132598877
-2.7270545959472656
-2.727142810821533
-2.7272040843963623
-2.727283477783203
-2.7273807525634766
-2.7274913787841797
-2.7276055812835693
-2.727712631225586
-2.7278239727020264
-2.727952241897583
-2.7280237674713135
-2.728123903274536
-2.7282352447509766
-2.7283506393432617
-2.7284698486328125
-2.728581428527832
-2.7286882400512695
-2.728794813156128
-2.728890895843506
-2.7289881706237793
-2.7290797233581543
-2.7291648387908936
-2.729238748550415
-2.7293143272399902
-2.729370594024658
-2.7294228076934814
-2.7294745445251465
-2.729517936706543
-2.729557752609253
-2.72959566116333
-2.72963547706604
-2.7296645641326904
-2.7297043800354004
-2.7297356128692627
-2.729774236679077
-2.7298104763031006
-2.7298521995544434
-2.7298898696899414
-2.729947090148926
-2.730013370513916
-2.730050802230835
-2.7300913333892822
-2.730161666870117
-2.730220317840576
-2.730313539505005
-2.7304317951202393
-2.7305538654327393
-2.7306833267211914
-2.7307729721069336
-2.730869770050049
-2.7309536933898926
-2.7310192584991455
-2.7310855388641357
-2.7311391830444336
-2.731182336807251
-2.731215000152588
-2.731243848800659
-2.731262683868408
-2.7312912940979004
-2.7313168048858643
-2.731353282928467
-2.7313852310180664
-2.7314329147338867
-2.731494188308716
-2.731557846069336
-2.7316126823425293
-2.7316832542419434
-2.7317466735839844
-2.731809616088867
-2.731879711151123
-2.731947422027588
-2.732004165649414
-2.7320570945739746
-2.7320947647094727
-2.7321290969848633
-2.732159376144409
-2.7321953773498535
-2.7322325706481934
-2.7322635650634766
-2.7323060035705566
-2.7323412895202637
-2.7323739528656006
-2.7324132919311523
-2.732456684112549
-2.732511520385742
-2.7325570583343506
-2.732618808746338
-2.7326862812042236
-2.732757091522217
-2.732837677001953
-2.7329132556915283
-2.7329816818237305
-2.7330572605133057
-2.7331395149230957
-2.7332186698913574
-2.7332963943481445
-2.7333672046661377
-2.73344087600708
-2.733501434326172
-2.733567953109741
-2.733609199523926
-2.7336554527282715
-2.733717203140259
-2.73378324508667
-2.7338428497314453
-2.7339096069335938
-2.7339656352996826
-2.7340214252471924
-2.7340595722198486
-2.7340965270996094
-2.7341418266296387
-2.7341787815093994
-2.73421573638916
-2.734248161315918
-2.7342703342437744
-2.734295129776001
-2.7343194484710693
-2.7343475818634033
-2.734376907348633
-2.7344143390655518
-2.7344672679901123
-2.734510898590088
-2.734572410583496
-2.734639883041382
-2.7347218990325928
-2.734774589538574
-2.7348484992980957
-2.73492431640625
-2.735004186630249
-2.7350821495056152
-2.7351620197296143
-2.735234260559082
-2.735292911529541
-2.735349416732788
-2.7354023456573486
-2.735448122024536
-2.735487937927246
-2.735522508621216
-2.735550880432129
-2.7355754375457764
-2.7356090545654297
-2.7356491088867188
-2.735666036605835
-2.7356956005096436
-2.735748767852783
-2.7357985973358154
-2.7358574867248535
-2.735926866531372
-2.7360024452209473
-2.7360832691192627
-2.736163377761841
-2.7362446784973145
-2.7363412380218506
-2.7364447116851807
-2.7365031242370605
-2.7365574836730957
-2.736614942550659
-2.7366762161254883
-2.736727476119995
-2.7367734909057617
-2.736818552017212
-2.736860513687134
-2.7368898391723633
-2.7369208335876465
-2.736955404281616
-2.7369892597198486
-2.737032413482666
-2.737072467803955
-2.7371158599853516
-2.7371602058410645
-2.737208366394043
-2.737257480621338
-2.737293243408203
-2.7373251914978027
-2.7373735904693604
-2.7373974323272705
-2.7374343872070312
-2.737452507019043
-2.7374773025512695
-2.737504243850708
-2.7375247478485107
-2.7375402450561523
-2.7375550270080566
-2.7375738620758057
-2.7375857830047607
-2.7376039028167725
-2.737621545791626
-2.7376365661621094
-2.73764967918396
-2.737664222717285
-2.737673282623291
-2.7376837730407715
-2.7376983165740967
-2.73771071434021
-2.7377259731292725
-2.7377448081970215
-2.737750768661499
-2.73777437210083
-2.737791061401367
-2.737821578979492
-2.737860918045044
-2.7379045486450195
-2.73793363571167
-2.7379753589630127
-2.738022565841675
-2.738074541091919
-2.7381343841552734
-2.7381927967071533
-2.7382452487945557
-2.738313913345337
-2.7383599281311035
-2.738399028778076
-2.7384519577026367
-2.738515853881836
-2.7385973930358887
-2.7386653423309326
-2.738741159439087
-2.7388484477996826
-2.738921642303467
-2.7390124797821045
-2.739108085632324
-2.7391910552978516
-2.739271640777588
-2.7393405437469482
-2.739405870437622
-2.7394509315490723
-2.7395029067993164
-2.73954701423645
-2.739583730697632
-2.7396252155303955
-2.7396669387817383
-2.739712953567505
-2.7397520542144775
-2.739797353744507
-2.7398431301116943
-2.7398931980133057
-2.7399466037750244
-2.739999771118164
-2.740060806274414
-2.7401254177093506
-2.7401885986328125
-2.7402520179748535
-2.740316390991211
-2.74038028717041
-2.7404356002807617
-2.7404849529266357
-2.7405309677124023
-2.7405686378479004
-2.7406110763549805
-2.740642547607422
-2.7406725883483887
-2.7407047748565674
-2.7407305240631104
-2.740774393081665
-2.7408227920532227
-2.7408652305603027
-2.740908622741699
-2.7409558296203613
-2.7410168647766113
-2.741069793701172
-2.741135835647583
-2.741196393966675
-2.7412538528442383
-2.7413079738616943
-2.741354465484619
-2.7413995265960693
-2.741445779800415
-2.741483688354492
-2.7415125370025635
-2.741550922393799
-2.741597890853882
-2.7416586875915527
-2.7417049407958984
-2.7417588233947754
-2.741820812225342
-2.7418785095214844
-2.7419135570526123
-2.741957187652588
-2.7419891357421875
-2.7420127391815186
-2.742039442062378
-2.7420647144317627
-2.742091655731201
-2.7421154975891113
-2.742150068283081
-2.742184638977051
-2.7422196865081787
-2.742252826690674
-2.7422964572906494
-2.742342233657837
-2.742398500442505
-2.7424657344818115
-2.742515802383423
-2.7425739765167236
-2.742638111114502
-2.74271821975708
-2.7427873611450195
-2.742840051651001
-2.7428805828094482
-2.7429161071777344
-2.7429518699645996
-2.7429914474487305
-2.7430293560028076
-2.743068218231201
-2.7431039810180664
-2.743138313293457
-2.743187665939331
-2.743252992630005
-2.743324041366577
-2.7433922290802
-2.743462562561035
-2.743539810180664
-2.743591070175171
-2.7436492443084717
-2.743713855743408
-2.7437782287597656
-2.743826389312744
-2.743870973587036
-2.743920087814331
-2.7439675331115723
-2.7440080642700195
-2.744049310684204
-2.744086265563965
-2.7441205978393555
-2.7441489696502686
-2.744178056716919
-2.7442147731781006
-2.7442402839660645
-2.7442703247070312
-2.74429988861084
-2.744331121444702
-2.7443625926971436
-2.7443909645080566
-2.744420289993286
-2.7444570064544678
-2.7445015907287598
-2.7445387840270996
-2.7445826530456543
-2.7446188926696777
-2.7446579933166504
-2.7446932792663574
-2.7447237968444824
-2.7447574138641357
-2.7447783946990967
-2.7448043823242188
-2.7448270320892334
-2.7448461055755615
-2.7448627948760986
-2.7448768615722656
-2.7448904514312744
-2.7449052333831787
-2.7449193000793457
-2.7449302673339844
-2.744943380355835
-2.7449679374694824
-2.7449870109558105
-2.7450098991394043
-2.7450430393218994
-2.7450695037841797
-2.745105028152466
-2.7451510429382324
-2.745206356048584
-2.7452585697174072
-2.7453150749206543
-2.7453761100769043
-2.7454185485839844
-2.7454657554626465
-2.745506763458252
-2.7455408573150635
-2.7455708980560303
-2.7455973625183105
-2.745617389678955
-2.7456400394439697
-2.745666265487671
-2.7456865310668945
-2.7457215785980225
-2.7457573413848877
-2.745805025100708
-2.7458486557006836
-2.745896100997925
-2.745946168899536
-2.745995044708252
-2.746034622192383
-2.7460787296295166
-2.7461090087890625
-2.7461421489715576
-2.746163845062256
-2.7461843490600586
-2.746204376220703
-2.746222496032715
-2.7462270259857178
-2.7462403774261475
-2.7462587356567383
-2.746267795562744
-2.746297836303711
-2.7463202476501465
-2.746350049972534
-2.7463788986206055
-2.746415376663208
-2.746460199356079
-2.74649715423584
-2.746537208557129
-2.7465732097625732
-2.74662446975708
-2.746671676635742
-2.7467246055603027
-2.7467715740203857
-2.746807813644409
-2.7468416690826416
-2.7468743324279785
-2.7468996047973633
-2.746931314468384
-2.746953248977661
-2.7469749450683594
-2.746988296508789
-2.747011184692383
-2.747047185897827
-2.7470650672912598
-2.74709153175354
-2.747116804122925
-2.7471442222595215
-2.747166395187378
-2.7471978664398193
-2.747223138809204
-2.7472517490386963
-2.747274398803711
-2.7472891807556152
-2.7473063468933105
-2.7473185062408447
-2.747343063354492
-2.7473654747009277
-2.747398853302002
-2.7474169731140137
-2.7474396228790283
-2.7474656105041504
-2.7474846839904785
-2.7475125789642334
-2.7475337982177734
-2.747561454772949
-2.747588634490967
-2.7476089000701904
-2.747628927230835
-2.747652292251587
-2.7476744651794434
-2.747694253921509
-2.747715711593628
-2.7477264404296875
-2.747743844985962
-2.747763156890869
-2.7477853298187256
-2.7478017807006836
-2.747816801071167
-2.747838020324707
-2.7478573322296143
-2.747884750366211
-2.7479095458984375
-2.747934341430664
-2.7479631900787354
-2.747987747192383
-2.7480223178863525
-2.7480554580688477
-2.7480807304382324
-2.748114585876465
-2.7481651306152344
-2.748206615447998
-2.748262405395508
-2.7483222484588623
-2.748380661010742
-2.7484564781188965
-2.7485289573669434
-2.7486071586608887
-2.74867844581604
-2.748732805252075
-2.748793363571167
-2.748850107192993
-2.7489027976989746
-2.748944044113159
-2.7489736080169678
-2.749006748199463
-2.7490410804748535
-2.7490689754486084
-2.7490897178649902
-2.749113082885742
-2.749131441116333
-2.7491531372070312
-2.7491703033447266
-2.7491884231567383
-2.7492125034332275
-2.7492289543151855
-2.7492456436157227
-2.749262809753418
-2.7492847442626953
-2.7493057250976562
-2.7493271827697754
-2.7493574619293213
-2.7493722438812256
-2.749403238296509
-2.7494406700134277
-2.7494726181030273
-2.749504566192627
-2.7495415210723877
-2.749574661254883
-2.749603509902954
-2.749631404876709
-2.749654531478882
-2.7496836185455322
-2.7497103214263916
-2.7497472763061523
-2.749781370162964
-2.749814033508301
-2.749858856201172
-2.7498927116394043
-2.7499337196350098
-2.749969244003296
-2.750002861022949
-2.750026226043701
-2.7500531673431396
-2.750075101852417
-2.750096082687378
-2.750114679336548
-2.750135660171509
-2.7501487731933594
-2.750152349472046
-2.750166416168213
-2.7501745223999023
-2.7501840591430664
-2.750199317932129
-2.7502145767211914
-2.7502341270446777
-2.7502479553222656
-2.7502665519714355
-2.7502918243408203
-2.750317096710205
-2.7503530979156494
-2.7503886222839355
-2.75042462348938
-2.7504570484161377
-2.750499725341797
-2.7505249977111816
-2.7505486011505127
-2.7505815029144287
-2.7506144046783447
-2.750657796859741
-2.7507083415985107
-2.7507455348968506
-2.7507896423339844
-2.750840663909912
-2.7509067058563232
-2.7509663105010986
-2.7510623931884766
-2.751086711883545
-2.7511298656463623
-2.7511789798736572
-2.751218318939209
-2.7512598037719727
-2.7512943744659424
-2.751328945159912
-2.7513530254364014
-2.7513809204101562
-2.7514097690582275
-2.7514467239379883
-2.7514891624450684
-2.7515361309051514
-2.7515876293182373
-2.7516419887542725
-2.751694440841675
-2.751751661300659
-2.7517971992492676
-2.751847743988037
-2.751901626586914
-2.751950740814209
-2.7519986629486084
-2.7520477771759033
-2.7521047592163086
-2.7521414756774902
-2.752181053161621
-2.7522149085998535
-2.752251148223877
-2.7522788047790527
-2.752295970916748
-2.752324342727661
-2.7523486614227295
-2.7523691654205322
-2.7523913383483887
-2.7524161338806152
-2.7524471282958984
-2.7524895668029785
-2.752530336380005
-2.752577066421509
-2.7526168823242188
-2.7526679039001465
-2.7527120113372803
-2.752760648727417
-2.7528042793273926
-2.7528491020202637
-2.752885103225708
-2.752918243408203
-2.7529449462890625
-2.7529759407043457
-2.7530019283294678
-2.7530181407928467
-2.7530410289764404
-2.753056049346924
-2.753070592880249
-2.7530834674835205
-2.753096580505371
-2.753114700317383
-2.753131151199341
-2.7531538009643555
-2.7531847953796387
-2.7532052993774414
-2.753230571746826
-2.753255844116211
-2.7532734870910645
-2.7532973289489746
-2.7533161640167236
-2.7533392906188965
-2.753361463546753
-2.7533888816833496
-2.753411054611206
-2.753443956375122
-2.7534701824188232
-2.753509283065796
-2.7535314559936523
-2.7535669803619385
-2.7535970211029053
-2.7536373138427734
-2.7536754608154297
-2.7537293434143066
-2.7537858486175537
-2.753838539123535
-2.753885269165039
-2.7539360523223877
-2.7539708614349365
-2.7540078163146973
-2.754045009613037
-2.754082202911377
-2.754119634628296
-2.754152297973633
-2.7541825771331787
-2.7542130947113037
-2.754244089126587
-2.7542808055877686
-2.7543132305145264
-2.754348039627075
-2.754385232925415
-2.754422426223755
-2.7544682025909424
-2.7545156478881836
-2.7545716762542725
-2.75464129447937
-2.754709005355835
-2.754781723022461
-2.754857063293457
-2.7549116611480713
-2.75496768951416
-2.7550244331359863
-2.7550692558288574
-2.755107879638672
-2.7551541328430176
-2.7552146911621094
-2.755288600921631
-2.7553207874298096
-2.755361318588257
-2.7554104328155518
-2.755460739135742
-2.7555103302001953
-2.755560874938965
-2.755608558654785
-2.755654811859131
-2.755690813064575
-2.7557320594787598
-2.7557690143585205
-2.75580096244812
-2.755842924118042
-2.755868911743164
-2.7558975219726562
-2.755932569503784
-2.755957841873169
-2.755983591079712
-2.756026029586792
-2.7560534477233887
-2.7561070919036865
-2.7561635971069336
-2.7562129497528076
-2.756256580352783
-2.7563159465789795
-2.7563693523406982
-2.756422281265259
-2.7564823627471924
-2.756530523300171
-2.7565829753875732
-2.756621837615967
-2.7566542625427246
-2.756683588027954
-2.7567105293273926
-2.7567431926727295
-2.756765604019165
-2.756786346435547
-2.7568061351776123
-2.7568209171295166
-2.756834030151367
-2.7568538188934326
-2.756864070892334
-2.7568821907043457
-2.756891965866089
-2.7569007873535156
-2.756911277770996
-2.756924867630005
-2.75693416595459
-2.7569401264190674
-2.756957530975342
-2.75697660446167
-2.757000684738159
