0.3139957785606384
10.586658477783203
6.77577018737793
4.334568500518799
2.771660804748535
1.771893858909607
1.1326494216918945
0.7239311337471008
0.4626501798629761
0.2955354154109955
0.18884985148906708
0.12039341032505035
0.07668883353471756
0.04875006899237633
0.030998021364212036
0.01948324218392372
0.012190177105367184
0.007427063304930925
0.004533865489065647
0.0025825519114732742
0.0013344483450055122
0.0005320976488292217
5.551823414862156e-05
-0.00023179687559604645
-0.00041188171599060297
-0.0006263081450015306
-0.0007620046380907297
-0.0007829279638826847
-0.0008397700148634613
-0.000829466967843473
-0.0007870950503274798
-0.0007963616517372429
-0.0007809694507159293
-0.0007859583711251616
-0.000813645834568888
-0.0008951332420110703
-0.0009172098943963647
-0.0008388849091716111
-0.0008206167258322239
-0.0008004073170013726
-0.0008925202419050038
-0.0008675878052599728
-0.0008075356599874794
-0.000849586387630552
-0.000949475506786257
-0.0008592915837652981
-0.00087781623005867
-0.0009689858998171985
-0.0009717502980493009
-0.0009817401878535748
-0.001015295390971005
-0.0010704670567065477
-0.0011514124926179647
-0.0012011744547635317
-0.0012784937862306833
-0.0015522902831435204
-0.001749418443068862
-0.0020941535476595163
-0.0026354175060987473
-0.003402283415198326
-0.004432225599884987
-0.006087922491133213
-0.008565542288124561
-0.012493700720369816
-0.01763337291777134
-0.022607140243053436
-0.02712675929069519
-0.03255976364016533
-0.03970717266201973
-0.048497557640075684
-0.058713335543870926
-0.07050241529941559
-0.0793403685092926
-0.08679848164319992
-0.09589815884828568
-0.104073666036129
-0.11017969250679016
-0.11447620391845703
-0.11748453974723816
-0.11956620961427689
-0.12101833522319794
-0.12207994610071182
-0.1228337436914444
-0.12341010570526123
-0.12386585772037506
-0.12420505285263062
-0.1245354413986206
-0.12486347556114197
-0.12513582408428192
-0.12540191411972046
-0.12570127844810486
-0.1260872334241867
-0.12651941180229187
-0.12688685953617096
-0.1272115856409073
-0.12743636965751648
-0.12760630249977112
-0.12780869007110596
-0.12791834771633148
-0.12801344692707062
-0.12814809381961823
-0.12827186286449432
-0.12839099764823914
-0.12851490080356598
-0.1286693811416626
-0.1287524402141571
-0.1289737969636917
-0.12929153442382812
-0.12971438467502594
-0.1302189826965332
-0.13091722130775452
-0.13185690343379974
-0.13317754864692688
-0.13422004878520966
-0.13506342470645905
-0.13663890957832336
-0.13884027302265167
-0.14195911586284637
-0.14639772474765778
-0.152495339512825
-0.15978014469146729
-0.1672639548778534
-0.10854380577802658
-0.14321963489055634
-0.16016003489494324
-0.1709587275981903
-0.17875728011131287
-0.18498390913009644
-0.18992595374584198
-0.19374409317970276
-0.1966240257024765
-0.1988745927810669
-0.20063963532447815
-0.20203232765197754
-0.20319077372550964
-0.20418396592140198
-0.20509395003318787
-0.20600776374340057
-0.20696116983890533
-0.2079644501209259
-0.2090771645307541
-0.2103840410709381
-0.21188217401504517
-0.21370473504066467
-0.21586979925632477
-0.2186860740184784
-0.22121824324131012
-0.2229725867509842
-0.22419777512550354
-0.22515450417995453
-0.22588004171848297
-0.22640293836593628
-0.22680555284023285
-0.22708344459533691
-0.2272792011499405
-0.2274688482284546
-0.2275826632976532
-0.22767312824726105
-0.22790755331516266
-0.22798480093479156
-0.22799044847488403
-0.22795499861240387
-0.22800345718860626
-0.2280925214290619
-0.22816291451454163
-0.22822439670562744
-0.22831550240516663
-0.22836977243423462
-0.22839400172233582
-0.228407084941864
-0.22840747237205505
-0.22839556634426117
-0.2283826768398285
-0.22836682200431824
-0.22836051881313324
-0.22836953401565552
-0.228371262550354
-0.22837205231189728
-0.22837918996810913
-0.2283792644739151
-0.22838546335697174
-0.22839055955410004
-0.22839462757110596
-0.22840210795402527
-0.22841544449329376
-0.2284262478351593
-0.2284407615661621
-0.22845786809921265
-0.2284793257713318
-0.22850212454795837
-0.22853785753250122
-0.22857625782489777
-0.22862347960472107
-0.228648841381073
-0.22869807481765747
-0.2287680208683014
-0.22882771492004395
-0.22876670956611633
-0.22885531187057495
-0.22890731692314148
-0.2289779633283615
-0.229095458984375
-0.22917471826076508
-0.22923310101032257
-0.22914983332157135
-0.22924453020095825
-0.22933363914489746
-0.22943733632564545
-0.22960007190704346
-0.22967323660850525
-0.2299020141363144
-0.23006725311279297
-0.230306476354599
-0.23053398728370667
-0.23056909441947937
-0.23080572485923767
-0.23104315996170044
-0.23124270141124725
-0.2315368354320526
-0.23196403682231903
-0.23235741257667542
-0.23288094997406006
-0.23337160050868988
-0.23382478952407837
-0.23440878093242645
-0.23503461480140686
-0.2358909249305725
-0.23679092526435852
-0.23749595880508423
-0.238172709941864
-0.23896220326423645
-0.23959696292877197
-0.24032093584537506
-0.24084064364433289
-0.24145731329917908
-0.24202287197113037
-0.24263542890548706
-0.24323952198028564
-0.2439943104982376
-0.24478524923324585
-0.24612289667129517
-0.24743473529815674
-0.2487984150648117
-0.2503485679626465
-0.25134503841400146
-0.2525022029876709
-0.25300344824790955
-0.2536305785179138
-0.2540183663368225
-0.2543482780456543
-0.25479233264923096
-0.2550269663333893
-0.2552700638771057
-0.2554568946361542
-0.25563544034957886
-0.2558310031890869
-0.25613003969192505
-0.25650471448898315
-0.2570408880710602
-0.25786662101745605
-0.258833110332489
-0.2600036561489105
-0.26281237602233887
-0.2661513686180115
-0.2691691517829895
-0.2745245695114136
-0.2791936695575714
-0.2821778953075409
-0.28503090143203735
-0.289978563785553
-0.29348471760749817
-0.29816967248916626
-0.30326759815216064
-0.30592796206474304
-0.3087647557258606
-0.3117371201515198
-0.3147996962070465
-0.3179299533367157
-0.32104140520095825
-0.32424038648605347
-0.32766231894493103
-0.3315034806728363
-0.33599334955215454
-0.34106144309043884
-0.3468184173107147
-0.35275059938430786
-0.35949262976646423
-0.3672421872615814
-0.375857949256897
-0.3834136128425598
-0.3903803825378418
-0.3980722427368164
-0.4077877104282379
-0.41824808716773987
-0.42852991819381714
-0.4371081590652466
-0.4450349807739258
-0.45160847902297974
-0.4583244323730469
-0.465442419052124
-0.47301244735717773
-0.479719340801239
-0.48642295598983765
-0.4945183992385864
-0.5059787631034851
-0.5187032222747803
-0.5289850234985352
-0.54322350025177
-0.5629239082336426
-0.587103545665741
-0.6136428117752075
-0.6482487916946411
-0.6880652904510498
-0.7382692098617554
-0.7872834205627441
-0.8227782845497131
-0.8624054193496704
-0.9119712114334106
-0.9553935527801514
-0.9863666296005249
-1.007718801498413
-1.0249582529067993
-1.0362356901168823
-1.0447380542755127
-1.0561858415603638
-1.0725195407867432
-1.093001365661621
-1.116538166999817
-1.1412150859832764
-1.160110354423523
-1.17898428440094
-1.199148416519165
-1.2218629121780396
-1.2454274892807007
-1.2641701698303223
-1.2835346460342407
-1.305418848991394
-1.3274080753326416
-1.343794584274292
-1.3645187616348267
-1.3881807327270508
-1.4124128818511963
-1.4325579404830933
-1.4531714916229248
-1.4754186868667603
-1.500641107559204
-1.5234787464141846
-1.5463781356811523
-1.5621169805526733
-1.572640299797058
-1.5826665163040161
-1.5939801931381226
-1.6048372983932495
-1.6145707368850708
-1.6225148439407349
-1.6351115703582764
-1.6540045738220215
-1.6748448610305786
-1.6954623460769653
-1.7161917686462402
-1.7368141412734985
-1.7562251091003418
-1.7764348983764648
-1.7898815870285034
-1.799635887145996
-1.8086357116699219
-1.8169454336166382
-1.8240082263946533
-1.8302943706512451
-1.836370587348938
-1.8431596755981445
-1.8513232469558716
-1.860374093055725
-1.8661296367645264
-1.8727679252624512
-1.8815209865570068
-1.8918299674987793
-1.9042890071868896
-1.9189854860305786
-1.935306429862976
-1.9513287544250488
-1.9668567180633545
-1.9821288585662842
-1.9955575466156006
-2.006664514541626
-2.0155975818634033
-2.0231261253356934
-2.0285699367523193
-2.0327656269073486
-2.0370657444000244
-2.041438102722168
-2.0462236404418945
-2.051509380340576
-2.0582921504974365
-2.065429210662842
-2.075012445449829
-2.08740234375
-2.101613998413086
-2.1167571544647217
-2.132591724395752
-2.1475284099578857
-2.1612601280212402
-2.1726596355438232
-2.182560682296753
-2.190513849258423
-2.19707989692688
-2.2024474143981934
-2.2066617012023926
-2.210434675216675
-2.2145235538482666
-2.219890594482422
-2.2267627716064453
-2.2343969345092773
-2.242886781692505
-2.2521965503692627
-2.2640697956085205
-2.2740249633789062
-2.282766342163086
-2.2911760807037354
-2.2982983589172363
-2.304141044616699
-2.3088202476501465
-2.3128063678741455
-2.3163249492645264
-2.3195865154266357
-2.322843074798584
-2.325975179672241
-2.3292253017425537
-2.3323638439178467
-2.3355977535247803
-2.3388617038726807
-2.3418362140655518
-2.344754695892334
-2.3473856449127197
-2.349727153778076
-2.3518481254577637
-2.3536746501922607
-2.3551228046417236
-2.35622239112854
-2.3570945262908936
-2.357809543609619
-2.3583884239196777
-2.358872890472412
-2.3593180179595947
-2.3597471714019775
-2.3601808547973633
-2.360563278198242
-2.361011028289795
-2.361623764038086
-2.3625152111053467
-2.363894462585449
-2.3656277656555176
-2.3674967288970947
-2.369581937789917
-2.372164726257324
-2.3751800060272217
-2.378600835800171
-2.382204294204712
-2.386002779006958
-2.389700174331665
-2.393298625946045
-2.396286964416504
-2.3988687992095947
-2.400935649871826
-2.402527093887329
-2.4038312435150146
-2.404895544052124
-2.40586519241333
-2.4067702293395996
-2.4076733589172363
-2.4086055755615234
-2.40952730178833
-2.410473346710205
-2.411572217941284
-2.412954807281494
-2.414663076400757
-2.4167802333831787
-2.419210433959961
-2.4219777584075928
-2.4249515533447266
-2.4281067848205566
-2.4312007427215576
-2.43426775932312
-2.4371469020843506
-2.439704179763794
-2.4419095516204834
-2.4437334537506104
-2.4452009201049805
-2.4463682174682617
-2.4472696781158447
-2.4479851722717285
-2.448542833328247
-2.4489634037017822
-2.4492623805999756
-2.449477195739746
-2.449648141860962
-2.4498209953308105
-2.4500749111175537
-2.4504194259643555
-2.4508554935455322
-2.4513652324676514
-2.4520444869995117
-2.4528589248657227
-2.453768730163574
-2.4547905921936035
-2.4558169841766357
-2.4568305015563965
-2.4577839374542236
-2.4586844444274902
-2.459484577178955
-2.4601850509643555
-2.460794448852539
-2.461320638656616
-2.461775541305542
-2.462156295776367
-2.462456226348877
-2.4627320766448975
-2.4630115032196045
-2.4633750915527344
-2.463670492172241
-2.4640321731567383
-2.4645395278930664
-2.4651236534118652
-2.4658010005950928
-2.4665353298187256
-2.467315673828125
-2.4681077003479004
-2.4689064025878906
-2.4696907997131348
-2.4704720973968506
-2.471224546432495
-2.471966028213501
-2.472691059112549
-2.473377227783203
-2.4739787578582764
-2.4744691848754883
-2.475010871887207
-2.4756059646606445
-2.4762213230133057
-2.4767916202545166
-2.477282762527466
-2.4776968955993652
-2.4780781269073486
-2.478417158126831
-2.4787495136260986
-2.4790258407592773
-2.4793150424957275
-2.4795658588409424
-2.47982120513916
-2.480128288269043
-2.4804840087890625
-2.480832576751709
-2.4811577796936035
-2.481445789337158
-2.481762647628784
-2.482154369354248
-2.482666492462158
-2.483295440673828
-2.483980178833008
-2.4847140312194824
-2.485553741455078
-2.4864742755889893
-2.4874958992004395
-2.488593339920044
-2.489802360534668
-2.491109848022461
-2.492480993270874
-2.4940736293792725
-2.495391607284546
-2.496397018432617
-2.497380256652832
-2.4984383583068848
-2.499398708343506
-2.5002119541168213
-2.5009031295776367
-2.501504898071289
-2.5021350383758545
-2.502819061279297
-2.5035929679870605
-2.504674196243286
-2.5057718753814697
-2.50687837600708
-2.5081019401550293
-2.5091261863708496
-2.5101988315582275
-2.511310577392578
-2.5123653411865234
-2.5132462978363037
-2.5140774250030518
-2.5148539543151855
-2.515559196472168
-2.5160984992980957
-2.5165703296661377
-2.5169918537139893
-2.5173544883728027
-2.5176844596862793
-2.517962694168091
-2.518232822418213
-2.518531084060669
-2.5187716484069824
-2.518993854522705
-2.519291877746582
-2.5196125507354736
-2.5199575424194336
-2.5203611850738525
-2.5208420753479004
-2.5213160514831543
-2.521810293197632
-2.52236008644104
-2.523015260696411
-2.523669481277466
-2.5242831707000732
-2.5250000953674316
-2.5258049964904785
-2.5266716480255127
-2.5275275707244873
-2.5284981727600098
-2.5295920372009277
-2.5308797359466553
-2.532142162322998
-2.533508777618408
-2.534693717956543
-2.535881757736206
-2.5368852615356445
-2.53784441947937
-2.5386781692504883
-2.539461612701416
-2.540121078491211
-2.5406999588012695
-2.5412299633026123
-2.5417728424072266
-2.542343854904175
-2.5429189205169678
-2.5434985160827637
-2.5440900325775146
-2.54470157623291
-2.5453543663024902
-2.5460104942321777
-2.546674966812134
-2.5472304821014404
-2.5477280616760254
-2.5482044219970703
-2.5486643314361572
-2.549104690551758
-2.5495407581329346
-2.5499393939971924
-2.5503358840942383
-2.550741672515869
-2.5511221885681152
-2.5514822006225586
-2.551807165145874
-2.5521249771118164
-2.5524423122406006
-2.552741765975952
-2.553057909011841
-2.5533950328826904
-2.5537667274475098
-2.5541293621063232
-2.5545456409454346
-2.5549418926239014
-2.5554006099700928
-2.5558929443359375
-2.556427478790283
-2.5569937229156494
-2.557607889175415
-2.5582480430603027
-2.558925151824951
-2.559586524963379
-2.5602951049804688
-2.561084270477295
-2.5618627071380615
-2.562609910964966
-2.5633296966552734
-2.564178466796875
-2.5650131702423096
-2.5658679008483887
-2.5666396617889404
-2.5674562454223633
-2.568183422088623
-2.568887948989868
-2.5694923400878906
-2.570157766342163
-2.5708515644073486
-2.5716488361358643
-2.5725326538085938
-2.5733680725097656
-2.5741398334503174
-2.574911117553711
-2.575603485107422
-2.576234817504883
-2.5766918659210205
-2.5771021842956543
-2.577500343322754
-2.577897787094116
-2.578230619430542
-2.5785152912139893
-2.5787694454193115
-2.5790188312530518
-2.5792624950408936
-2.5795235633850098
-2.5797879695892334
-2.5800509452819824
-2.5803298950195312
-2.58060622215271
-2.5808706283569336
-2.5811445713043213
-2.5814292430877686
-2.581724166870117
-2.5819740295410156
-2.5821940898895264
-2.5824153423309326
-2.5826709270477295
-2.5828964710235596
-2.583137035369873
-2.583385944366455
-2.583634614944458
-2.5838918685913086
-2.584123134613037
-2.5843632221221924
-2.5846517086029053
-2.584970712661743
-2.5853145122528076
-2.5855984687805176
-2.585934638977051
-2.5863449573516846
-2.5867912769317627
-2.587268352508545
-2.5877785682678223
-2.5883188247680664
-2.588813543319702
-2.589315176010132
-2.5897622108459473
-2.590144634246826
-2.5904932022094727
-2.590866804122925
-2.591243267059326
-2.5915355682373047
-2.591789722442627
-2.5920650959014893
-2.5923404693603516
-2.5925991535186768
-2.5928258895874023
-2.593031167984009
-2.5932059288024902
-2.593364715576172
-2.5935218334198
-2.593667507171631
-2.5938549041748047
-2.593987226486206
-2.5942184925079346
-2.5944502353668213
-2.5947399139404297
-2.595090389251709
-2.59548282623291
-2.595893621444702
-2.5963025093078613
-2.5966920852661133
-2.5970773696899414
-2.597419500350952
-2.597750186920166
-2.598060369491577
-2.598344326019287
-2.598637342453003
-2.5989012718200684
-2.5991618633270264
-2.5994303226470947
-2.5996978282928467
-2.5999622344970703
-2.6002039909362793
-2.6004395484924316
-2.600654125213623
-2.600856065750122
-2.6010591983795166
-2.6012656688690186
-2.6014552116394043
-2.601651191711426
-2.601823329925537
-2.6020381450653076
-2.602224111557007
-2.6024250984191895
-2.6026265621185303
-2.602818250656128
-2.602992057800293
-2.6031453609466553
-2.6032819747924805
-2.6034367084503174
-2.6035797595977783
-2.603738307952881
-2.603919267654419
-2.604104518890381
-2.604275703430176
-2.6044538021087646
-2.6046183109283447
-2.604780912399292
-2.6049551963806152
-2.6051478385925293
-2.605320930480957
-2.6054930686950684
-2.6056604385375977
-2.605827569961548
-2.605966567993164
-2.606109380722046
-2.606228828430176
-2.6063427925109863
-2.6064562797546387
-2.6065492630004883
-2.606626510620117
-2.606694459915161
-2.606752395629883
-2.60680890083313
-2.6068496704101562
-2.6069040298461914
-2.6069774627685547
-2.607034683227539
-2.607116222381592
-2.60725998878479
-2.607433795928955
-2.6076090335845947
-2.607804298400879
-2.6079609394073486
-2.6081180572509766
-2.6082663536071777
-2.6084017753601074
-2.608525276184082
-2.608614921569824
-2.608694314956665
-2.6087539196014404
-2.608802318572998
-2.608851194381714
-2.608898639678955
-2.608940601348877
-2.6089911460876465
-2.609043836593628
-2.609098434448242
-2.609161615371704
-2.6092379093170166
-2.609313488006592
-2.6094114780426025
-2.609506607055664
-2.609611749649048
-2.609694719314575
-2.6097891330718994
-2.6099143028259277
-2.6099979877471924
-2.610112428665161
-2.610198497772217
-2.610290765762329
-2.610403537750244
-2.6105265617370605
-2.6106412410736084
-2.6107473373413086
-2.610835313796997
-2.610924482345581
-2.6109957695007324
-2.6110639572143555
-2.6111176013946533
-2.6111772060394287
-2.6112327575683594
-2.6112847328186035
-2.6113357543945312
-2.6113784313201904
-2.611424207687378
-2.611466884613037
-2.6115126609802246
-2.6115622520446777
-2.6116080284118652
-2.6116690635681152
-2.611722230911255
-2.6117899417877197
-2.6118435859680176
-2.6118969917297363
-2.611945390701294
-2.612001419067383
-2.612058639526367
-2.6121041774749756
-2.612149238586426
-2.6121878623962402
-2.612222194671631
-2.612257242202759
-2.612290143966675
-2.6123270988464355
-2.6123600006103516
-2.6123876571655273
-2.6124203205108643
-2.612464189529419
-2.612511396408081
-2.6125752925872803
-2.6126484870910645
-2.6127164363861084
-2.6128041744232178
-2.612912654876709
-2.6130542755126953
-2.6132049560546875
-2.613374948501587
-2.613577127456665
-2.6137444972991943
-2.6139233112335205
-2.6141223907470703
-2.614356279373169
-2.614550828933716
-2.6147680282592773
-2.614999771118164
-2.615262746810913
-2.615525484085083
-2.615727424621582
-2.6159143447875977
-2.6161012649536133
-2.6162660121917725
-2.616405725479126
-2.6165287494659424
-2.6166350841522217
-2.616734504699707
-2.6168205738067627
-2.6168980598449707
-2.6169724464416504
-2.617058277130127
-2.617093324661255
-2.617138624191284
-2.617175340652466
-2.617217779159546
-2.6172497272491455
-2.617271661758423
-2.617299795150757
-2.6173171997070312
-2.6173367500305176
-2.617358446121216
-2.6173768043518066
-2.6173954010009766
-2.617420196533203
-2.617431163787842
-2.6174476146698
-2.617471218109131
-2.6175084114074707
-2.6175332069396973
-2.6175737380981445
-2.617608070373535
-2.617642879486084
-2.61769437789917
-2.617743492126465
-2.6178019046783447
-2.617858409881592
-2.617926836013794
-2.617992877960205
-2.618070363998413
-2.618145227432251
-2.618239402770996
-2.618351459503174
-2.6184298992156982
-2.618527889251709
-2.6186397075653076
-2.6187708377838135
-2.618919610977173
-2.619110584259033
-2.6192967891693115
-2.619511842727661
-2.6197052001953125
-2.6198925971984863
-2.620079755783081
-2.6202590465545654
-2.620429277420044
-2.620570659637451
-2.6207025051116943
-2.6208269596099854
-2.6209428310394287
-2.621065616607666
-2.6211726665496826
-2.6212809085845947
-2.621382474899292
-2.6215081214904785
-2.621641159057617
-2.621781349182129
-2.6219286918640137
-2.6220808029174805
-2.6222269535064697
-2.6223926544189453
-2.6225745677948
-2.6227872371673584
-2.623019218444824
-2.623255968093872
-2.6234922409057617
-2.6237356662750244
-2.6240265369415283
-2.6242573261260986
-2.6244897842407227
-2.624727725982666
-2.6249489784240723
-2.6251349449157715
-2.62532901763916
-2.625521421432495
-2.6257128715515137
-2.6258907318115234
-2.6260569095611572
-2.626163959503174
-2.6262600421905518
-2.6263604164123535
-2.626446008682251
-2.626533269882202
-2.626615047454834
-2.626697301864624
-2.626765727996826
-2.6268320083618164
-2.626878023147583
-2.626944065093994
-2.6270289421081543
-2.62713623046875
-2.6272573471069336
-2.6273889541625977
-2.627535104751587
-2.627699613571167
-2.6278738975524902
-2.6280648708343506
-2.628272771835327
-2.6285037994384766
-2.6287240982055664
-2.6289303302764893
-2.629108190536499
-2.6293201446533203
-2.629554271697998
-2.62978196144104
-2.629997968673706
-2.6302101612091064
-2.6304101943969727
-2.6306052207946777
-2.630765199661255
-2.630908966064453
-2.631049394607544
-2.6311960220336914
-2.631324291229248
-2.631438970565796
-2.631542205810547
-2.6316683292388916
-2.631767988204956
-2.6318581104278564
-2.6319704055786133
-2.632091522216797
-2.6322286128997803
-2.632371187210083
-2.632516860961914
-2.632678747177124
-2.6328279972076416
-2.632990837097168
-2.6331679821014404
-2.63335919380188
-2.6335487365722656
-2.633760690689087
-2.6339831352233887
-2.6341817378997803
-2.6343679428100586
-2.63456654548645
-2.634747266769409
-2.6349310874938965
-2.635115623474121
-2.6352860927581787
-2.635451555252075
-2.635599374771118
-2.635732412338257
-2.635873317718506
-2.636021852493286
-2.6361794471740723
-2.6363279819488525
-2.636469602584839
-2.6365818977355957
-2.6366894245147705
-2.636788845062256
-2.63688063621521
-2.636948823928833
-2.6370203495025635
-2.637082815170288
-2.6371490955352783
-2.6372230052948
-2.6372926235198975
-2.6373648643493652
-2.637434482574463
-2.6374940872192383
-2.637573480606079
-2.6376519203186035
-2.6377265453338623
-2.637805938720703
-2.637899398803711
-2.6379928588867188
-2.638061046600342
-2.6381468772888184
-2.638237476348877
-2.6383183002471924
-2.6384057998657227
-2.6385135650634766
-2.6386115550994873
-2.6387369632720947
-2.638882875442505
-2.6390388011932373
-2.639166831970215
-2.6393566131591797
-2.639559745788574
-2.6398074626922607
-2.640040159225464
-2.6403045654296875
-2.6405863761901855
-2.640896797180176
-2.6411867141723633
-2.6414670944213867
-2.6417033672332764
-2.641911506652832
-2.6420741081237793
-2.6422107219696045
-2.642319917678833
-2.642427921295166
-2.6425187587738037
-2.642601728439331
-2.6426775455474854
-2.6427454948425293
-2.6428239345550537
-2.6429007053375244
-2.643000364303589
-2.6431167125701904
-2.6432371139526367
-2.6433329582214355
-2.6434195041656494
-2.6435272693634033
-2.6436338424682617
-2.6437463760375977
-2.6438539028167725
-2.6439530849456787
-2.644041061401367
-2.644139051437378
-2.6442437171936035
-2.6443428993225098
-2.6444408893585205
-2.6445529460906982
-2.6446917057037354
-2.6448380947113037
-2.6450090408325195
-2.645232677459717
-2.645479440689087
-2.6457393169403076
-2.6460070610046387
-2.64628529548645
-2.646552562713623
-2.646799087524414
-2.6470179557800293
-2.647212028503418
-2.647382974624634
-2.6475236415863037
-2.6476521492004395
-2.6477837562561035
-2.6479146480560303
-2.648056745529175
-2.648207902908325
-2.6483633518218994
-2.64853572845459
-2.6486830711364746
-2.648847818374634
-2.649045944213867
-2.649207592010498
-2.649364709854126
-2.649549961090088
-2.6497581005096436
-2.649949789047241
-2.650141477584839
-2.6503424644470215
-2.6505417823791504
-2.650728464126587
-2.650919198989868
-2.651102066040039
-2.6512768268585205
-2.651456832885742
-2.6516261100769043
-2.651792049407959
-2.6519453525543213
-2.652076244354248
-2.6522176265716553
-2.652357578277588
-2.6524956226348877
-2.652632713317871
-2.65276837348938
-2.652899980545044
-2.653014659881592
-2.6531269550323486
-2.6532325744628906
-2.6533589363098145
-2.6535654067993164
-2.6537280082702637
-2.653902292251587
-2.6541824340820312
-2.6543185710906982
-2.6545045375823975
-2.654742956161499
-2.6549999713897705
-2.6552352905273438
-2.6554388999938965
-2.6556026935577393
-2.6557416915893555
-2.6558640003204346
-2.655977725982666
-2.6560912132263184
-2.6562016010284424
-2.6563165187835693
-2.656421422958374
-2.656513214111328
-2.656604766845703
-2.6566824913024902
-2.6567583084106445
-2.6568305492401123
-2.6568973064422607
-2.656951904296875
-2.656996250152588
-2.6570394039154053
-2.657078266143799
-2.6571030616760254
-2.657130479812622
-2.6571590900421143
-2.6571860313415527
-2.6572141647338867
-2.65724778175354
-2.657292366027832
-2.65733003616333
-2.657377004623413
-2.6574318408966064
-2.657498598098755
-2.657582998275757
-2.6577084064483643
-2.657872200012207
-2.658067464828491
-2.6582894325256348
-2.65852689743042
-2.6587581634521484
-2.6590147018432617
-2.6592299938201904
-2.6594386100769043
-2.6596128940582275
-2.6597750186920166
-2.659912586212158
-2.660047769546509
-2.6601598262786865
-2.660252094268799
-2.6603281497955322
-2.6604044437408447
-2.6604812145233154
-2.6605513095855713
-2.660621166229248
-2.660696029663086
-2.660778045654297
-2.6608612537384033
-2.660984754562378
-2.6610517501831055
-2.661133050918579
-2.6612706184387207
-2.6614468097686768
-2.661649227142334
-2.6618762016296387
-2.6621408462524414
-2.6624295711517334
-2.6626980304718018
-2.6629419326782227
-2.6631627082824707
-2.6633732318878174
-2.6635820865631104
-2.6637654304504395
-2.6639204025268555
-2.6640408039093018
-2.664165735244751
-2.6642980575561523
-2.664422035217285
-2.664564847946167
-2.664674997329712
-2.6648216247558594
-2.664980173110962
-2.665158748626709
-2.665379524230957
-2.665576934814453
-2.665771245956421
-2.6660003662109375
-2.666232109069824
-2.6664326190948486
-2.6666321754455566
-2.666818380355835
-2.6669819355010986
-2.66713547706604
-2.667295455932617
-2.6674091815948486
-2.667513608932495
-2.667616605758667
-2.667717218399048
-2.6678223609924316
-2.667945623397827
-2.668104648590088
-2.668224811553955
-2.668351411819458
-2.6685283184051514
-2.668710708618164
-2.6688785552978516
-2.669062614440918
-2.6692628860473633
-2.6694066524505615
-2.6695432662963867
-2.669665575027466
-2.6697702407836914
-2.669872760772705
-2.669970750808716
-2.6700785160064697
-2.6702163219451904
-2.670342206954956
-2.6704633235931396
-2.670562505722046
-2.670658826828003
-2.6707420349121094
-2.67081880569458
-2.670886754989624
-2.67094087600708
-2.6710023880004883
-2.67106032371521
-2.671104907989502
-2.671156406402588
-2.6712069511413574
-2.671269416809082
-2.6713578701019287
-2.6714484691619873
-2.671565294265747
-2.6716439723968506
-2.67175030708313
-2.6718318462371826
-2.671935796737671
-2.6720683574676514
-2.6722397804260254
-2.6724445819854736
-2.6726396083831787
-2.672846794128418
-2.673086404800415
-2.6733577251434326
-2.673638105392456
-2.6739184856414795
-2.674201250076294
-2.6744680404663086
-2.6747281551361084
-2.6749532222747803
-2.675168514251709
-2.675326108932495
-2.6754698753356934
-2.675583600997925
-2.675703287124634
-2.6757965087890625
-2.6758785247802734
-2.675948143005371
-2.6760077476501465
-2.6760692596435547
-2.676131010055542
-2.676210880279541
-2.676283121109009
-2.676361560821533
-2.676435947418213
-2.676502227783203
-2.676565408706665
-2.6766233444213867
-2.6766960620880127
-2.676771402359009
-2.6768555641174316
-2.676931619644165
-2.676995277404785
-2.677062511444092
-2.6771416664123535
-2.677227258682251
-2.6773195266723633
-2.6774299144744873
-2.677546977996826
-2.677677631378174
-2.6778035163879395
-2.6779398918151855
-2.678086996078491
-2.678239107131958
-2.6783878803253174
-2.6785426139831543
-2.6787052154541016
-2.6788675785064697
-2.6790354251861572
-2.679205894470215
-2.6793761253356934
-2.6795549392700195
-2.679752826690674
-2.679988145828247
-2.680229425430298
-2.680403709411621
-2.6805989742279053
-2.6808104515075684
-2.68102765083313
-2.681243419647217
-2.6814239025115967
-2.6815545558929443
-2.681649923324585
-2.6817572116851807
-2.681846857070923
-2.6819279193878174
-2.6819937229156494
-2.6820456981658936
-2.682100534439087
-2.682147741317749
-2.682197093963623
-2.68224835395813
-2.682298421859741
-2.6823484897613525
-2.6824047565460205
-2.6824588775634766
-2.682513952255249
-2.6825671195983887
-2.6826250553131104
-2.6826817989349365
-2.682752847671509
-2.68281626701355
-2.6828901767730713
-2.68298077583313
-2.6830713748931885
-2.683178663253784
-2.6833159923553467
-2.683474540710449
-2.6836276054382324
-2.6837756633758545
-2.6839373111724854
-2.6841037273406982
-2.684272289276123
-2.684445381164551
-2.6846179962158203
-2.6847808361053467
-2.684943675994873
-2.685065984725952
-2.6851882934570312
-2.6853227615356445
-2.6854655742645264
-2.6855967044830322
-2.6857755184173584
-2.685940980911255
-2.6861019134521484
-2.6862528324127197
-2.686385154724121
-2.686492919921875
-2.6865744590759277
-2.686655282974243
-2.686725616455078
-2.6867833137512207
-2.6868386268615723
-2.686889886856079
-2.6869404315948486
-2.6869919300079346
-2.687044143676758
-2.687112331390381
-2.6871888637542725
-2.687286615371704
-2.687382936477661
-2.6874985694885254
-2.687605142593384
-2.687714099884033
-2.6878228187561035
-2.6879284381866455
-2.6880314350128174
-2.688124656677246
-2.6882102489471436
-2.6882894039154053
-2.688361167907715
-2.6884241104125977
-2.688476085662842
-2.688532590866089
-2.6886017322540283
-2.688683271408081
-2.688770055770874
-2.688861846923828
-2.6889355182647705
-2.689014434814453
-2.6891047954559326
-2.6891961097717285
-2.6893017292022705
-2.6893908977508545
-2.6894690990448
-2.6895506381988525
-2.6896214485168457
-2.689694881439209
-2.6897599697113037
-2.689830780029297
-2.6898841857910156
-2.6899359226226807
-2.689990997314453
-2.6900320053100586
-2.690082550048828
-2.6901350021362305
-2.690192937850952
-2.690241575241089
-2.6902973651885986
-2.690361261367798
-2.690419912338257
-2.6904869079589844
-2.690567970275879
-2.69063138961792
-2.6907033920288086
-2.6908068656921387
-2.690931797027588
-2.691047430038452
-2.6911721229553223
-2.691305637359619
-2.691441535949707
-2.6915767192840576
-2.6917037963867188
-2.6918301582336426
-2.691951036453247
-2.6920571327209473
-2.692167282104492
-2.692326784133911
-2.692434072494507
-2.692552328109741
-2.6927061080932617
-2.6928634643554688
-2.693037271499634
-2.6932170391082764
-2.693263292312622
-2.693458080291748
-2.6936426162719727
-2.6938204765319824
-2.6939902305603027
-2.694145679473877
-2.6942906379699707
-2.6944243907928467
-2.69453501701355
-2.694638729095459
-2.69472599029541
-2.6948087215423584
-2.6948766708374023
-2.694955348968506
-2.69500470161438
-2.695056438446045
-2.6951072216033936
-2.69515323638916
-2.6951916217803955
-2.6952197551727295
-2.6952497959136963
-2.695279836654663
-2.695310354232788
-2.6953368186950684
-2.6953647136688232
-2.695389747619629
-2.6954119205474854
-2.695436716079712
-2.6954703330993652
-2.6955013275146484
-2.6955463886260986
-2.6955924034118652
-2.6956465244293213
-2.6957151889801025
-2.6957931518554688
-2.695863723754883
-2.6959290504455566
-2.695997714996338
-2.696058988571167
-2.696122884750366
-2.696167469024658
-2.696211576461792
-2.696248769760132
-2.696281671524048
-2.6963040828704834
-2.6963307857513428
-2.6963541507720947
-2.6963698863983154
-2.696397304534912
-2.6964240074157715
-2.6964476108551025
-2.6964833736419678
-2.6965370178222656
-2.6965935230255127
-2.6966733932495117
-2.6967532634735107
-2.6968438625335693
-2.6969263553619385
-2.6969704627990723
-2.6970248222351074
-2.6970860958099365
-2.6971378326416016
-2.697187662124634
-2.6972312927246094
-2.6972906589508057
-2.697343349456787
-2.697399616241455
-2.697458505630493
-2.697517156600952
-2.6975815296173096
-2.6976428031921387
-2.6977086067199707
-2.6977591514587402
-2.697828769683838
-2.697888135910034
-2.6979479789733887
-2.6980133056640625
-2.698085069656372
-2.6981520652770996
-2.6982223987579346
-2.6982839107513428
-2.6983389854431152
-2.698395252227783
-2.6984426975250244
-2.6984879970550537
-2.6985511779785156
-2.6986091136932373
-2.6986703872680664
-2.69877028465271
-2.6988446712493896
-2.698925495147705
-2.6990153789520264
-2.6990933418273926
-2.699169397354126
-2.69924259185791
-2.6993420124053955
-2.6993818283081055
-2.6994218826293945
-2.699481248855591
-2.6995387077331543
-2.699596643447876
-2.699659585952759
-2.6997170448303223
-2.6997745037078857
-2.6998424530029297
-2.699924945831299
-2.6999683380126953
-2.700040817260742
-2.7001376152038574
-2.700265645980835
-2.700387954711914
-2.7005317211151123
-2.700666904449463
-2.700772523880005
-2.7008681297302246
-2.700946569442749
-2.7010204792022705
-2.701077461242676
-2.7011260986328125
-2.701166868209839
-2.7012031078338623
-2.701230049133301
-2.7012596130371094
-2.7012813091278076
-2.7013087272644043
-2.7013378143310547
-2.7013707160949707
-2.7014055252075195
-2.7014448642730713
-2.701488971710205
-2.7015297412872314
-2.7015697956085205
-2.701611042022705
-2.701650619506836
-2.7016851902008057
-2.70172381401062
-2.7017650604248047
-2.701810359954834
-2.7018353939056396
-2.7018728256225586
-2.7019143104553223
-2.7019693851470947
-2.7020461559295654
-2.7021379470825195
-2.7022268772125244
-2.702332019805908
-2.7024128437042236
-2.7025136947631836
-2.7026093006134033
-2.70270037651062
-2.702803373336792
-2.7028920650482178
-2.7029733657836914
-2.7030556201934814
-2.703118085861206
-2.7031948566436768
-2.7032992839813232
-2.7034201622009277
-2.703545570373535
-2.7036755084991455
-2.703803539276123
-2.703929901123047
-2.704028844833374
-2.704124927520752
-2.704214572906494
-2.7042927742004395
-2.7043659687042236
-2.7044355869293213
-2.704486131668091
-2.704542398452759
-2.7045979499816895
-2.704660415649414
-2.7047152519226074
-2.704777240753174
-2.7048449516296387
-2.7049078941345215
-2.7050187587738037
-2.705064058303833
-2.7051303386688232
-2.705231189727783
-2.7053496837615967
-2.7054734230041504
-2.705615520477295
-2.7057290077209473
-2.7058303356170654
-2.7059268951416016
-2.7060163021087646
-2.7061100006103516
-2.7061851024627686
-2.70625901222229
-2.7063395977020264
-2.7064149379730225
-2.706501007080078
-2.7065818309783936
-2.706688642501831
-2.706810474395752
-2.706960678100586
-2.707109212875366
-2.7072577476501465
-2.7073898315429688
-2.7075233459472656
-2.70764422416687
-2.7077436447143555
-2.7078325748443604
-2.707918167114258
-2.708008050918579
-2.708061933517456
-2.7081193923950195
-2.7081713676452637
-2.7082324028015137
-2.7082912921905518
-2.7083632946014404
-2.7084290981292725
-2.7085041999816895
-2.708580732345581
-2.708636999130249
-2.708709478378296
-2.708761215209961
-2.708839178085327
-2.7089056968688965
-2.7089896202087402
-2.709092617034912
-2.7091939449310303
-2.709291696548462
-2.709376573562622
-2.7094693183898926
-2.7095589637756348
-2.709622621536255
-2.709681749343872
-2.7097597122192383
-2.7098240852355957
-2.7098805904388428
-2.709935188293457
-2.7099905014038086
-2.7100391387939453
-2.7100908756256104
-2.7101376056671143
-2.710186719894409
-2.7102386951446533
-2.710275888442993
-2.7103192806243896
-2.710355520248413
-2.710402727127075
-2.710448980331421
-2.7104954719543457
-2.710540771484375
-2.7105820178985596
-2.710634708404541
-2.7106895446777344
-2.7107481956481934
-2.7107911109924316
-2.7108466625213623
-2.710888147354126
-2.710930347442627
-2.7109694480895996
-2.71099853515625
-2.711024522781372
-2.7110509872436523
-2.7110836505889893
-2.711123466491699
-2.7111704349517822
-2.711219549179077
-2.7112796306610107
-2.711346387863159
-2.7114202976226807
-2.7114925384521484
-2.711583375930786
-2.711686372756958
-2.711791515350342
-2.7118847370147705
-2.7120139598846436
-2.712144613265991
-2.7122843265533447
-2.7124297618865967
-2.7125632762908936
-2.712679147720337
-2.7127764225006104
-2.7128546237945557
-2.7129180431365967
-2.7129721641540527
-2.7130234241485596
-2.713068962097168
-2.7131175994873047
-2.713162899017334
-2.7132105827331543
-2.7132599353790283
-2.7133102416992188
-2.71338152885437
-2.713486909866333
-2.7135393619537354
-2.7136025428771973
-2.7136752605438232
-2.7137560844421387
-2.7138278484344482
-2.7139012813568115
-2.713970899581909
-2.7140052318573
-2.7140491008758545
-2.714085578918457
-2.714122772216797
-2.7141597270965576
-2.7142105102539062
-2.714250087738037
-2.714294195175171
-2.7143502235412598
-2.714399576187134
-2.714454174041748
-2.7145159244537354
-2.7145981788635254
-2.71465802192688
-2.714709997177124
-2.7147629261016846
-2.714822292327881
-2.714871883392334
-2.7149200439453125
-2.7149672508239746
-2.7150115966796875
-2.715053081512451
-2.715102195739746
-2.71513032913208
-2.7151622772216797
-2.7151894569396973
-2.7152223587036133
-2.7152421474456787
-2.715257167816162
-2.715275287628174
-2.7152938842773438
-2.7153074741363525
-2.7153279781341553
-2.7153475284576416
-2.7153701782226562
-2.7153971195220947
-2.715428113937378
-2.7154688835144043
-2.715505599975586
-2.7155420780181885
-2.715582847595215
-2.7156198024749756
-2.7156524658203125
-2.7156879901885986
-2.715714693069458
-2.7157461643218994
-2.7157788276672363
-2.715823173522949
-2.7158682346343994
-2.715924024581909
-2.7159993648529053
-2.7160916328430176
-2.716203451156616
-2.7163500785827637
-2.716486930847168
-2.7166266441345215
-2.7167797088623047
-2.7169430255889893
-2.7170801162719727
-2.7172129154205322
-2.7173163890838623
-2.717406988143921
-2.717484712600708
-2.7175540924072266
-2.7176034450531006
-2.717639684677124
-2.7176804542541504
-2.717721939086914
-2.717766284942627
-2.7178118228912354
-2.7178683280944824
-2.7179250717163086
-2.717984437942505
-2.718040943145752
-2.7181107997894287
-2.7181456089019775
-2.718193292617798
-2.718240976333618
-2.7183027267456055
-2.7183454036712646
-2.718385934829712
-2.718421697616577
-2.718452215194702
-2.7184836864471436
-2.7185139656066895
-2.718536376953125
-2.718564510345459
-2.718595266342163
-2.718621015548706
-2.718649387359619
-2.7186708450317383
-2.7186977863311768
-2.718722105026245
-2.7187600135803223
-2.718787670135498
-2.7188215255737305
-2.718848466873169
-2.71887469291687
-2.7188992500305176
-2.718924045562744
-2.718944787979126
-2.7189626693725586
-2.718989610671997
-2.719022274017334
-2.719064950942993
-2.7191131114959717
-2.7191569805145264
-2.719205141067505
-2.7192728519439697
-2.7193284034729004
-2.719388723373413
-2.7194712162017822
-2.719536304473877
-2.719597101211548
-2.7196574211120605
-2.719721794128418
-2.719780921936035
-2.719838857650757
-2.719895362854004
-2.719959259033203
-2.7200324535369873
-2.7201178073883057
-2.7201876640319824
-2.7202606201171875
-2.720324754714966
-2.720388650894165
-2.720449209213257
-2.7205114364624023
-2.720566749572754
-2.7206153869628906
-2.720659017562866
-2.72070050239563
-2.7207448482513428
-2.720780611038208
-2.7208147048950195
-2.720846652984619
-2.72088360786438
-2.7209250926971436
-2.720966339111328
-2.7210144996643066
-2.721076011657715
-2.7211530208587646
-2.7212300300598145
-2.7213168144226074
-2.721407175064087
-2.7214982509613037
-2.721579074859619
-2.7216694355010986
-2.721754550933838
-2.721836566925049
-2.721933603286743
-2.722031354904175
-2.7221198081970215
-2.7222158908843994
-2.722299337387085
-2.722383975982666
-2.7224714756011963
-2.7225468158721924
-2.7226178646087646
-2.7227044105529785
-2.7227766513824463
-2.7228477001190186
-2.722907781600952
-2.7229690551757812
-2.7230207920074463
-2.72306489944458
-2.7231011390686035
-2.7231335639953613
-2.7231664657592773
-2.7231943607330322
-2.7232255935668945
-2.7232494354248047
-2.7232847213745117
-2.7233121395111084
-2.7233450412750244
-2.723379373550415
-2.7234225273132324
-2.723466634750366
-2.7234861850738525
-2.7235207557678223
-2.7235522270202637
-2.723583698272705
-2.7236201763153076
-2.723658800125122
-2.7236971855163574
-2.723726272583008
-2.723766803741455
-2.723801612854004
-2.723843812942505
-2.723877429962158
-2.723911762237549
-2.7239437103271484
-2.723975419998169
-2.7240030765533447
-2.7240381240844727
-2.7240664958953857
-2.7241015434265137
-2.7241370677948
-2.7241744995117188
-2.724205493927002
-2.7242484092712402
-2.724281072616577
-2.724320888519287
-2.7243552207946777
-2.724404811859131
-2.7244367599487305
-2.724475860595703
-2.724522590637207
-2.724553346633911
-2.724602699279785
-2.7246530055999756
-2.724698066711426
-2.724733591079712
-2.7247748374938965
-2.7248153686523438
-2.7248566150665283
-2.724900007247925
-2.7249414920806885
-2.7249937057495117
-2.725034713745117
-2.7250871658325195
-2.7251393795013428
-2.7252047061920166
-2.725264310836792
-2.725332260131836
-2.7253835201263428
-2.72544527053833
-2.7255256175994873
-2.725590705871582
-2.7256526947021484
-2.72572660446167
-2.725785255432129
-2.7258458137512207
-2.7258973121643066
-2.7259514331817627
-2.7259905338287354
-2.726029634475708
-2.726064443588257
-2.726093292236328
-2.726137399673462
-2.726170778274536
-2.726205825805664
-2.7262589931488037
-2.7263007164001465
-2.726339340209961
-2.726388931274414
-2.726433277130127
-2.726478338241577
-2.7265281677246094
-2.7265655994415283
-2.7265918254852295
-2.7266290187835693
-2.7266573905944824
-2.7266862392425537
-2.726720094680786
-2.7267532348632812
-2.7267775535583496
-2.7267954349517822
-2.726829767227173
-2.7268478870391846
-2.726875066757202
-2.7269058227539062
-2.726942777633667
-2.7269842624664307
-2.7270233631134033
-2.7270681858062744
-2.727113723754883
-2.727159023284912
-2.727198362350464
-2.727233409881592
-2.727264642715454
-2.7272987365722656
-2.727325677871704
-2.7273573875427246
-2.727385997772217
-2.7274169921875
-2.727449655532837
-2.7274889945983887
-2.7275331020355225
-2.727557420730591
-2.7275948524475098
-2.7276275157928467
-2.727663516998291
-2.727686882019043
-2.727724313735962
-2.7277681827545166
-2.727804183959961
-2.72784423828125
-2.727874517440796
-2.727912664413452
-2.727945566177368
-2.727971076965332
-2.7280116081237793
-2.728048086166382
-2.7280848026275635
-2.7281131744384766
-2.7281410694122314
-2.72817325592041
-2.728196620941162
-2.728227138519287
-2.7282562255859375
-2.728287935256958
-2.7283172607421875
-2.7283449172973633
-2.7283759117126465
-2.7284154891967773
-2.7284560203552246
-2.728494644165039
-2.7285444736480713
-2.728600263595581
-2.728644371032715
-2.7287042140960693
-2.7287797927856445
-2.7288451194763184
-2.7289066314697266
-2.728976249694824
-2.729044198989868
-2.7291147708892822
-2.7291758060455322
-2.7292284965515137
-2.729275703430176
-2.7293193340301514
-2.7293732166290283
-2.7294278144836426
-2.7294464111328125
-2.7294986248016357
-2.7295491695404053
-2.729597568511963
-2.729646921157837
-2.72969388961792
-2.7297396659851074
-2.7297818660736084
-2.729818820953369
-2.7298672199249268
-2.7299082279205322
-2.7299535274505615
-2.7300021648406982
-2.730038642883301
-2.7300827503204346
-2.730119466781616
-2.730177879333496
-2.7302298545837402
-2.7302865982055664
-2.7303452491760254
-2.7304062843322754
-2.7304487228393555
-2.730497121810913
-2.7305498123168945
-2.7306082248687744
-2.730661630630493
-2.7307238578796387
-2.7307732105255127
-2.730814218521118
-2.73085618019104
-2.730910062789917
-2.7309601306915283
-2.7310116291046143
-2.731060266494751
-2.7311038970947266
-2.7311580181121826
-2.7311975955963135
-2.7312440872192383
-2.731276512145996
-2.731311082839966
-2.731340169906616
-2.731370449066162
-2.731407403945923
-2.73144793510437
-2.731483221054077
-2.731525182723999
-2.7315666675567627
-2.731613874435425
-2.731661796569824
-2.7317113876342773
-2.7317728996276855
-2.7318115234375
-2.731855869293213
-2.7318966388702393
-2.731950044631958
-2.7320008277893066
-2.7320444583892822
-2.732081174850464
-2.7321295738220215
-2.7321701049804688
-2.732205629348755
-2.7322592735290527
-2.732300043106079
-2.7323455810546875
-2.7323849201202393
-2.7324249744415283
-2.732473850250244
-2.7325146198272705
-2.732560873031616
-2.7325990200042725
-2.7326395511627197
-2.732668161392212
-2.7327067852020264
-2.7327380180358887
-2.7327733039855957
-2.7328081130981445
-2.73283314704895
-2.7328617572784424
-2.732900857925415
-2.7329514026641846
-2.733002185821533
-2.733064651489258
-2.7331247329711914
-2.733182430267334
-2.733243465423584
-2.733292818069458
-2.7333385944366455
-2.7333788871765137
-2.7334094047546387
-2.7334394454956055
-2.733475685119629
-2.7335050106048584
-2.7335402965545654
-2.7335734367370605
-2.7336008548736572
-2.733633279800415
-2.7336654663085938
-2.7336902618408203
-2.7337162494659424
-2.733734130859375
-2.733764171600342
-2.733792543411255
-2.733818531036377
-2.7338478565216064
-2.733877182006836
-2.733907699584961
-2.7339437007904053
-2.7339742183685303
-2.7340214252471924
-2.7340784072875977
-2.7341363430023193
-2.734213352203369
-2.7342817783355713
-2.734380006790161
-2.7344610691070557
-2.7345521450042725
-2.734646797180176
-2.7347474098205566
-2.7348318099975586
-2.7349307537078857
-2.7350192070007324
-2.7350995540618896
-2.7351675033569336
-2.7352418899536133
-2.7353103160858154
-2.735380172729492
-2.7354400157928467
-2.735497236251831
-2.735553741455078
-2.7356114387512207
-2.735663652420044
-2.7357101440429688
-2.7357559204101562
-2.7358012199401855
-2.735844612121582
-2.735891342163086
-2.7359378337860107
-2.7359797954559326
-2.7360169887542725
-2.7360692024230957
-2.7361037731170654
-2.7361416816711426
-2.736191987991333
-2.736234664916992
-2.7362685203552246
-2.736311674118042
-2.736361026763916
-2.736409902572632
-2.7364501953125
-2.736499071121216
-2.736553907394409
-2.7366116046905518
-2.736666440963745
-2.7367165088653564
-2.7367665767669678
-2.736819267272949
-2.7368791103363037
-2.736948013305664
-2.7370190620422363
-2.7370927333831787
-2.7371702194213867
-2.737239122390747
-2.7373015880584717
-2.7373530864715576
-2.7374026775360107
-2.73744535446167
-2.7374746799468994
-2.737504482269287
-2.737527370452881
-2.7375476360321045
-2.7375731468200684
-2.7376108169555664
-2.737653970718384
-2.737697124481201
-2.7377445697784424
-2.737790822982788
-2.737826347351074
-2.73786997795105
-2.737889528274536
-2.7379140853881836
-2.7379400730133057
-2.737952470779419
-2.737978935241699
-2.7379963397979736
-2.738020896911621
-2.7380483150482178
-2.738070249557495
-2.7381110191345215
-2.738144636154175
-2.738131284713745
-2.738173246383667
-2.738215446472168
-2.738248825073242
-2.7382829189300537
-2.738316059112549
-2.7383410930633545
-2.7383601665496826
-2.7383782863616943
-2.7383971214294434
-2.7384111881256104
-2.7384254932403564
-2.7384450435638428
-2.7384634017944336
-2.73848032951355
-2.7385010719299316
-2.7385165691375732
-2.7385382652282715
-2.7385571002960205
-2.7385830879211426
-2.738615036010742
-2.7386417388916016
-2.738673686981201
-2.7387003898620605
-2.7387359142303467
-2.7387614250183105
-2.738793134689331
-2.7388195991516113
-2.738844156265259
-2.7388787269592285
-2.7389092445373535
-2.7389369010925293
-2.7389814853668213
-2.739015817642212
-2.739058017730713
-2.7390921115875244
-2.7391202449798584
-2.7391517162323
-2.7391841411590576
-2.739224433898926
-2.739262342453003
-2.739307165145874
-2.739342451095581
-2.739377021789551
-2.7394087314605713
-2.73943829536438
-2.7394590377807617
-2.7394821643829346
-2.7395055294036865
-2.7395260334014893
-2.739550828933716
-2.7395682334899902
-2.739593029022217
-2.739612579345703
-2.739630699157715
-2.7396504878997803
-2.739668130874634
-2.7396867275238037
-2.7397096157073975
-2.739736557006836
-2.7397654056549072
-2.739781618118286
-2.7398056983947754
-2.739834785461426
-2.7398548126220703
-2.7398841381073
-2.739910125732422
-2.7399330139160156
-2.7399539947509766
-2.7399799823760986
-2.739992141723633
-2.7400155067443848
-2.740025758743286
-2.7400429248809814
-2.740055799484253
-2.7400712966918945
-2.7400829792022705
-2.740095615386963
-2.7401156425476074
-2.740130662918091
-2.7401375770568848
-2.7401580810546875
-2.7401764392852783
