0.024024125188589096
11.274636268615723
7.215854167938232
4.6149396896362305
2.948902130126953
1.883658528327942
1.2030857801437378
0.7684580683708191
0.4909040927886963
0.3136230707168579
0.20036372542381287
0.12798812985420227
0.0817272812128067
0.052151866257190704
0.033240098506212234
0.021144965663552284
0.013408266007900238
0.008458727970719337
0.0052917879074811935
0.003265129402279854
0.001967926509678364
0.0011374170426279306
0.0006055171834304929
0.00026467035058885813
4.6079978346824646e-05
-9.426637552678585e-05
-0.00018455821555107832
-0.00024281605146825314
-0.0002805760595947504
-0.0003052111715078354
-0.0003214628086425364
-0.00033235299633815885
-0.0003398227272555232
-0.0003451207303442061
-0.00034905632492154837
-0.00035216123796999454
-0.0003547907108440995
-0.0003572179120965302
-0.0003596486058086157
-0.000362277845852077
-0.0003653166932053864
-0.00036900548730045557
-0.0003736760118044913
-0.00037972949212417006
-0.00038772833067923784
-0.0003984211361967027
-0.0004128077416680753
-0.0004322109743952751
-0.0004584448761306703
-0.0004938490455970168
-0.0005415050545707345
-0.0006053359829820693
-0.0006901964079588652
-0.0008019071538001299
-0.0009470161749050021
-0.0011322451755404472
-0.0013635195791721344
-0.001644574454985559
-0.0019756476394832134
-0.002304635476320982
-0.0027482635341584682
-0.003085262840613723
-0.0035222675651311874
-0.004014559555798769
-0.004514080472290516
-0.0052343858405947685
-0.00593232735991478
-0.0065669892355799675
-0.007263622246682644
-0.008007917553186417
-0.008767811581492424
-0.0096003208309412
-0.01052586268633604
-0.011565458960831165
-0.012792891822755337
-0.014253342524170876
-0.01600049063563347
-0.018071942031383514
-0.02053874544799328
-0.023530403152108192
-0.027231544256210327
-0.031861528754234314
-0.03763119876384735
-0.044881269335746765
-0.054028138518333435
-0.06518322974443436
-0.07878556847572327
-0.09383609890937805
-0.1068679690361023
-0.11702319979667664
-0.1225263923406601
-0.12586447596549988
-0.12770962715148926
-0.12888012826442719
-0.1295471340417862
-0.12996669113636017
-0.13022196292877197
-0.13039857149124146
-0.13050372898578644
-0.1305665820837021
-0.13062074780464172
-0.13065333664417267
-0.1306753307580948
-0.13069836795330048
-0.1307150274515152
-0.13072536885738373
-0.13073410093784332
-0.1307426393032074
-0.13074789941310883
-0.1307561695575714
-0.13075682520866394
-0.13075116276741028
-0.13073988258838654
-0.13073521852493286
-0.13075530529022217
-0.13077467679977417
-0.13078966736793518
-0.13082654774188995
-0.13086199760437012
-0.13088709115982056
-0.13094277679920197
-0.13100524246692657
-0.13108991086483002
-0.13118459284305573
-0.13134241104125977
-0.13154123723506927
-0.13179343938827515
-0.13199906051158905
-0.13235369324684143
-0.13274163007736206
-0.13333667814731598
-0.13403718173503876
-0.13459573686122894
-0.13572824001312256
-0.13723236322402954
-0.1394118070602417
-0.1417136937379837
-0.1457139402627945
-0.14939919114112854
-0.15622860193252563
-0.16193678975105286
-0.1698382943868637
-0.1772249937057495
-0.18087103962898254
-0.18578581511974335
-0.1900687962770462
-0.19475167989730835
-0.1997600495815277
-0.20427969098091125
-0.20769861340522766
-0.21046608686447144
-0.2124979943037033
-0.21403923630714417
-0.21516810357570648
-0.21618980169296265
-0.21695512533187866
-0.2174983024597168
-0.2179829329252243
-0.21838553249835968
-0.218796968460083
-0.21905240416526794
-0.21931298077106476
-0.21962374448776245
-0.21989446878433228
-0.2201726734638214
-0.22035470604896545
-0.22048687934875488
-0.22058996558189392
-0.2206430435180664
-0.22067636251449585
-0.22074463963508606
-0.22080625593662262
-0.22084282338619232
-0.22091415524482727
-0.2210269421339035
-0.2211318165063858
-0.2212124764919281
-0.22130908071994781
-0.22138312458992004
-0.22151756286621094
-0.22190886735916138
-0.22210700809955597
-0.22228175401687622
-0.222568541765213
-0.2227482795715332
-0.2233092039823532
-0.22345435619354248
-0.22398191690444946
-0.22453120350837708
-0.22512684762477875
-0.22566089034080505
-0.2262311577796936
-0.22663047909736633
-0.22710151970386505
-0.22755183279514313
-0.22798171639442444
-0.22842924296855927
-0.22876006364822388
-0.22901968657970428
-0.22923138737678528
-0.22944524884223938
-0.2295665740966797
-0.22972959280014038
-0.22989442944526672
-0.23004114627838135
-0.23022258281707764
-0.23043721914291382
-0.2306847870349884
-0.23099863529205322
-0.23136301338672638
-0.23175452649593353
-0.23230011761188507
-0.2326045036315918
-0.2331875115633011
-0.23333165049552917
-0.2340056300163269
-0.2346365749835968
-0.23504972457885742
-0.23567022383213043
-0.23623313009738922
-0.23688577115535736
-0.23775924742221832
-0.23882077634334564
-0.24023814499378204
-0.2420385181903839
-0.24367620050907135
-0.2456357777118683
-0.24956822395324707
-0.2534504234790802
-0.2580604553222656
-0.26325640082359314
-0.2692652940750122
-0.27674663066864014
-0.28405648469924927
-0.2910037040710449
-0.2969847321510315
-0.30435851216316223
-0.3171662986278534
-0.3343285322189331
-0.35085809230804443
-0.3648141324520111
-0.3739541172981262
-0.38234031200408936
-0.3914431035518646
-0.3956556022167206
-0.399660587310791
-0.40413278341293335
-0.40918219089508057
-0.4156699478626251
-0.4246143400669098
-0.43569326400756836
-0.4448413550853729
-0.45544952154159546
-0.4687839150428772
-0.48286691308021545
-0.49778521060943604
-0.5132084488868713
-0.5264434218406677
-0.5366465449333191
-0.5444841980934143
-0.5507762432098389
-0.5556523203849792
-0.5578701496124268
-0.5595142841339111
-0.5610796213150024
-0.5626911520957947
-0.5642717480659485
-0.565978467464447
-0.568031370639801
-0.5706652402877808
-0.5741256475448608
-0.5785738229751587
-0.5841083526611328
-0.5904039144515991
-0.5972792506217957
-0.6043415665626526
-0.6123490333557129
-0.6188434362411499
-0.6249972581863403
-0.6296432018280029
-0.6344879269599915
-0.6397823691368103
-0.6457845568656921
-0.6532553434371948
-0.662371039390564
-0.6739031076431274
-0.6878604888916016
-0.7031149864196777
-0.720565676689148
-0.7410470843315125
-0.7644929885864258
-0.7880744934082031
-0.8129439949989319
-0.8382670879364014
-0.8669565320014954
-0.8937339782714844
-0.9185212850570679
-0.956317663192749
-0.9926817417144775
-1.0227959156036377
-1.055687427520752
-1.0805896520614624
-1.0991002321243286
-1.1165871620178223
-1.1344897747039795
-1.1519502401351929
-1.1660399436950684
-1.1847784519195557
-1.2099567651748657
-1.232189655303955
-1.2495720386505127
-1.262542724609375
-1.2756142616271973
-1.2870625257492065
-1.2979307174682617
-1.3113210201263428
-1.3288710117340088
-1.3520559072494507
-1.3810874223709106
-1.4137243032455444
-1.4455772638320923
-1.4751901626586914
-1.498853087425232
-1.5215204954147339
-1.5424633026123047
-1.5577410459518433
-1.5707541704177856
-1.585465669631958
-1.6025890111923218
-1.6217048168182373
-1.6417043209075928
-1.6597543954849243
-1.6772555112838745
-1.6971328258514404
-1.7181437015533447
-1.7393112182617188
-1.7606182098388672
-1.7817370891571045
-1.8002666234970093
-1.816625714302063
-1.8309094905853271
-1.843374490737915
-1.852660894393921
-1.860259771347046
-1.8710339069366455
-1.8804630041122437
-1.890179991722107
-1.901935338973999
-1.9155380725860596
-1.930486798286438
-1.9452286958694458
-1.9598348140716553
-1.9730467796325684
-1.9856363534927368
-1.99644935131073
-2.0056371688842773
-2.013197898864746
-2.0191359519958496
-2.0240960121154785
-2.0281574726104736
-2.0318777561187744
-2.0352673530578613
-2.0388638973236084
-2.0431392192840576
-2.0473859310150146
-2.0522196292877197
-2.0565969944000244
-2.0612668991088867
-2.066650867462158
-2.0722148418426514
-2.0779879093170166
-2.0838260650634766
-2.089900255203247
-2.0959818363189697
-2.1020734310150146
-2.1082303524017334
-2.113826036453247
-2.119544506072998
-2.124868869781494
-2.129821300506592
-2.1343910694122314
-2.1387460231781006
-2.1432719230651855
-2.1485214233398438
-2.1551742553710938
-2.1631364822387695
-2.172226905822754
-2.1815803050994873
-2.191037654876709
-2.1998791694641113
-2.208125352859497
-2.2152626514434814
-2.221118450164795
-2.2254040241241455
-2.2284443378448486
-2.231017827987671
-2.2333357334136963
-2.2358622550964355
-2.2377381324768066
-2.2394373416900635
-2.2410361766815186
-2.2425005435943604
-2.2439539432525635
-2.245603322982788
-2.2471330165863037
-2.248608350753784
-2.2501790523529053
-2.251523494720459
-2.2528557777404785
-2.2539937496185303
-2.2553162574768066
-2.2568230628967285
-2.2582099437713623
-2.260100841522217
-2.261936902999878
-2.263887405395508
-2.266484498977661
-2.2693934440612793
-2.2729697227478027
-2.277261734008789
-2.282097816467285
-2.2872135639190674
-2.2924466133117676
-2.2974965572357178
-2.302520513534546
-2.3072545528411865
-2.310539960861206
-2.3131401538848877
-2.315159797668457
-2.3169493675231934
-2.3192031383514404
-2.3204479217529297
-2.3217012882232666
-2.323019027709961
-2.3244104385375977
-2.325777053833008
-2.3274693489074707
-2.3295392990112305
-2.331970453262329
-2.3347864151000977
-2.337883234024048
-2.34136700630188
-2.344686269760132
-2.3483340740203857
-2.3518965244293213
-2.355504035949707
-2.358973979949951
-2.3624467849731445
-2.3658499717712402
-2.369278907775879
-2.3727505207061768
-2.3762803077697754
-2.379779815673828
-2.3830931186676025
-2.386298179626465
-2.3894615173339844
-2.3922576904296875
-2.3947384357452393
-2.39745831489563
-2.3998842239379883
-2.401805877685547
-2.4039599895477295
-2.406104326248169
-2.408212423324585
-2.410094976425171
-2.4118471145629883
-2.4134020805358887
-2.41489577293396
-2.416412353515625
-2.4175705909729004
-2.418593645095825
-2.419558525085449
-2.420440196990967
-2.4212775230407715
-2.421935796737671
-2.422534704208374
-2.4231083393096924
-2.423654794692993
-2.424191474914551
-2.4247195720672607
-2.4252777099609375
-2.425870180130005
-2.4264941215515137
-2.4271576404571533
-2.4278223514556885
-2.428488254547119
-2.4291484355926514
-2.4298293590545654
-2.430541753768921
-2.431364059448242
-2.432293176651001
-2.4331307411193848
-2.434049367904663
-2.4350898265838623
-2.4361634254455566
-2.437243700027466
-2.438309669494629
-2.439347267150879
-2.4403469562530518
-2.441223382949829
-2.442042350769043
-2.4428153038024902
-2.443253755569458
-2.4436068534851074
-2.443876028060913
-2.444124937057495
-2.4443726539611816
-2.4446516036987305
-2.4449806213378906
-2.4453067779541016
-2.445711135864258
-2.4461519718170166
-2.4465243816375732
-2.4470245838165283
-2.4474453926086426
-2.4479780197143555
-2.4486308097839355
-2.449331283569336
-2.4500417709350586
-2.4507360458374023
-2.451432228088379
-2.4522035121917725
-2.4531781673431396
-2.454333543777466
-2.4554758071899414
-2.456472873687744
-2.4574038982391357
-2.458341360092163
-2.4589784145355225
-2.4595043659210205
-2.4600090980529785
-2.4603607654571533
-2.460691213607788
-2.4609875679016113
-2.4612369537353516
-2.4614510536193848
-2.461637258529663
-2.461801528930664
-2.461956262588501
-2.46211838722229
-2.4623465538024902
-2.4625558853149414
-2.462815284729004
-2.463156223297119
-2.4635894298553467
-2.4641880989074707
-2.464771270751953
-2.4655842781066895
-2.466616630554199
-2.4681692123413086
-2.4692695140838623
-2.470752477645874
-2.4716787338256836
-2.4727656841278076
-2.4736313819885254
-2.4743213653564453
-2.4749550819396973
-2.4755215644836426
-2.476086139678955
-2.476628303527832
-2.477173328399658
-2.477675199508667
-2.4781370162963867
-2.4785873889923096
-2.479055881500244
-2.4795265197753906
-2.4799513816833496
-2.4803311824798584
-2.480619430541992
-2.480952024459839
-2.4812445640563965
-2.4815754890441895
-2.4819300174713135
-2.4823086261749268
-2.482740879058838
-2.4832894802093506
-2.4838085174560547
-2.484477996826172
-2.4853289127349854
-2.486309051513672
-2.487311601638794
-2.488248348236084
-2.4890851974487305
-2.4898147583007812
-2.490408182144165
-2.490878105163574
-2.491196632385254
-2.4914746284484863
-2.491722583770752
-2.492082118988037
-2.4925267696380615
-2.4930567741394043
-2.493711471557617
-2.4943604469299316
-2.4951064586639404
-2.4958391189575195
-2.496628761291504
-2.497342586517334
-2.498112678527832
-2.498746156692505
-2.4993066787719727
-2.4997739791870117
-2.5002472400665283
-2.5007174015045166
-2.5011582374572754
-2.5015621185302734
-2.501938819885254
-2.502272844314575
-2.5026164054870605
-2.502964735031128
-2.503277063369751
-2.5035400390625
-2.503758668899536
-2.5039641857147217
-2.504183530807495
-2.5044126510620117
-2.504669427871704
-2.504960298538208
-2.5052030086517334
-2.5054771900177
-2.505774736404419
-2.506092071533203
-2.5064268112182617
-2.506757974624634
-2.507084369659424
-2.5074074268341064
-2.507709264755249
-2.508025646209717
-2.5083248615264893
-2.5086452960968018
-2.5089902877807617
-2.509329319000244
-2.5096914768218994
-2.5100886821746826
-2.5104849338531494
-2.5109446048736572
-2.511345624923706
-2.5117554664611816
-2.5121779441833496
-2.512714147567749
-2.513373613357544
-2.5138511657714844
-2.5143651962280273
-2.5149245262145996
-2.5153934955596924
-2.515840768814087
-2.516343116760254
-2.5169646739959717
-2.517571449279785
-2.518157482147217
-2.518732786178589
-2.519317150115967
-2.5198943614959717
-2.5204641819000244
-2.5210745334625244
-2.5216991901397705
-2.5223162174224854
-2.5228865146636963
-2.5233993530273438
-2.523887872695923
-2.524317502975464
-2.524690866470337
-2.525052309036255
-2.5254456996917725
-2.5256786346435547
-2.525892496109009
-2.5261597633361816
-2.5263986587524414
-2.5266950130462646
-2.5270931720733643
-2.527559518814087
-2.5280518531799316
-2.5285463333129883
-2.5290403366088867
-2.529524803161621
-2.529974937438965
-2.530397653579712
-2.530773639678955
-2.5311403274536133
-2.531512975692749
-2.5318095684051514
-2.532085418701172
-2.5323486328125
-2.5325796604156494
-2.532804489135742
-2.5331971645355225
-2.533501386642456
-2.5338194370269775
-2.534158229827881
-2.5344929695129395
-2.5348093509674072
-2.5350944995880127
-2.5353622436523438
-2.535618543624878
-2.535890579223633
-2.536172389984131
-2.536496877670288
-2.5368614196777344
-2.537304162979126
-2.5378425121307373
-2.5385167598724365
-2.5393338203430176
-2.540346622467041
-2.5414834022521973
-2.5426788330078125
-2.543917655944824
-2.545259475708008
-2.5465822219848633
-2.5480077266693115
-2.549574851989746
-2.5511817932128906
-2.5527639389038086
-2.5543603897094727
-2.5559017658233643
-2.557504653930664
-2.5589585304260254
-2.5605201721191406
-2.561725616455078
-2.5627119541168213
-2.563490390777588
-2.56417179107666
-2.5647201538085938
-2.5651862621307373
-2.56565523147583
-2.566161632537842
-2.566702365875244
-2.5672781467437744
-2.567875623703003
-2.5685126781463623
-2.568981885910034
-2.569424867630005
-2.5698373317718506
-2.5701684951782227
-2.570486545562744
-2.5708112716674805
-2.571127414703369
-2.5714359283447266
-2.5717246532440186
-2.572012424468994
-2.5723118782043457
-2.5727195739746094
-2.5731594562530518
-2.5737802982330322
-2.57440185546875
-2.5750420093536377
-2.5758543014526367
-2.576570510864258
-2.577204942703247
-2.577831983566284
-2.578639268875122
-2.579420804977417
-2.5801610946655273
-2.580860137939453
-2.5815181732177734
-2.5821533203125
-2.5828123092651367
-2.5835607051849365
-2.584036111831665
-2.5845518112182617
-2.5850977897644043
-2.585655689239502
-2.586211681365967
-2.5867409706115723
-2.5872411727905273
-2.587712526321411
-2.5881619453430176
-2.588592052459717
-2.5890164375305176
-2.589472532272339
-2.589977979660034
-2.590569496154785
-2.5909924507141113
-2.5914320945739746
-2.591878652572632
-2.5922892093658447
-2.5926735401153564
-2.59302020072937
-2.5933332443237305
-2.593630313873291
-2.593895673751831
-2.594168186187744
-2.5944459438323975
-2.5947158336639404
-2.5949931144714355
-2.595210075378418
-2.595518112182617
-2.595749855041504
-2.5962142944335938
-2.5965261459350586
-2.597019672393799
-2.5975613594055176
-2.5980799198150635
-2.598543643951416
-2.598944902420044
-2.5993072986602783
-2.5996289253234863
-2.5999209880828857
-2.6002118587493896
-2.6005144119262695
-2.6008315086364746
-2.601229429244995
-2.6015915870666504
-2.6020331382751465
-2.602614164352417
-2.6031739711761475
-2.6037657260894775
-2.6043386459350586
-2.6048600673675537
-2.605281352996826
-2.6056180000305176
-2.6058804988861084
-2.606091022491455
-2.6062629222869873
-2.606393814086914
-2.6065056324005127
-2.6066203117370605
-2.6067044734954834
-2.60678768157959
-2.606865882873535
-2.6069540977478027
-2.607032299041748
-2.607123613357544
-2.6072323322296143
-2.607346534729004
-2.6074955463409424
-2.6076087951660156
-2.6077957153320312
-2.608046770095825
-2.608337163925171
-2.608670473098755
-2.6090164184570312
-2.609337091445923
-2.609622001647949
-2.6098382472991943
-2.6100449562072754
-2.6102235317230225
-2.6103806495666504
-2.6105167865753174
-2.610635280609131
-2.6107308864593506
-2.6108274459838867
-2.6109085083007812
-2.610983371734619
-2.6110613346099854
-2.611149787902832
-2.6112170219421387
-2.611293315887451
-2.6113922595977783
-2.6114954948425293
-2.611593008041382
-2.611696720123291
-2.6118290424346924
-2.611999750137329
-2.6121084690093994
-2.612271547317505
-2.6124844551086426
-2.612696886062622
-2.612919330596924
-2.613126754760742
-2.6132900714874268
-2.6134345531463623
-2.613572120666504
-2.6137053966522217
-2.613818645477295
-2.6139235496520996
-2.614022970199585
-2.614114999771118
-2.614179849624634
-2.6142425537109375
-2.614319324493408
-2.6144137382507324
-2.614506721496582
-2.6145870685577393
-2.614668607711792
-2.6147711277008057
-2.6148769855499268
-2.6149847507476807
-2.615098476409912
-2.6152291297912598
-2.6153712272644043
-2.615525960922241
-2.615701675415039
-2.615879774093628
-2.6160874366760254
-2.6162686347961426
-2.616453170776367
-2.616642951965332
-2.6168298721313477
-2.6170096397399902
-2.617178201675415
-2.617319345474243
-2.61747145652771
-2.6176090240478516
-2.6177754402160645
-2.617910623550415
-2.6180529594421387
-2.6182024478912354
-2.6183390617370605
-2.618476152420044
-2.6185860633850098
-2.6186835765838623
-2.618774175643921
-2.618853807449341
-2.6189305782318115
-2.6190061569213867
-2.619084596633911
-2.619166612625122
-2.6192262172698975
-2.619293212890625
-2.619371175765991
-2.619431972503662
-2.619518756866455
-2.619586944580078
-2.6196720600128174
-2.6197640895843506
-2.61987042427063
-2.6199533939361572
-2.62005615234375
-2.620154857635498
-2.6202690601348877
-2.620375394821167
-2.6205456256866455
-2.6206600666046143
-2.620818853378296
-2.6210289001464844
-2.6212334632873535
-2.6214940547943115
-2.621694564819336
-2.621917724609375
-2.62221622467041
-2.6224780082702637
-2.6228370666503906
-2.623110771179199
-2.623422861099243
-2.6237223148345947
-2.6241660118103027
-2.6243040561676025
-2.6244332790374756
-2.6245479583740234
-2.624650239944458
-2.6247336864471436
-2.624802827835083
-2.6248703002929688
-2.624929428100586
-2.6249735355377197
-2.625007390975952
-2.6250503063201904
-2.6250901222229004
-2.625136375427246
-2.6251909732818604
-2.6252505779266357
-2.625305652618408
-2.6253743171691895
-2.625455856323242
-2.6255195140838623
-2.625601053237915
-2.6256930828094482
-2.6258041858673096
-2.625866174697876
-2.6259567737579346
-2.626039743423462
-2.6261110305786133
-2.626188278198242
-2.6262736320495605
-2.6263561248779297
-2.62642765045166
-2.626497507095337
-2.6265692710876465
-2.626645565032959
-2.6267144680023193
-2.6267948150634766
-2.626875162124634
-2.6269609928131104
-2.6270909309387207
-2.627157688140869
-2.627239227294922
-2.627328872680664
-2.6274282932281494
-2.6275272369384766
-2.627622127532959
-2.62772798538208
-2.6278302669525146
-2.627943754196167
-2.6280550956726074
-2.6281750202178955
-2.6283047199249268
-2.628451108932495
-2.6285550594329834
-2.628657817840576
-2.6287639141082764
-2.6288812160491943
-2.629002571105957
-2.6290955543518066
-2.6291890144348145
-2.6293094158172607
-2.629396915435791
-2.6294939517974854
-2.6296136379241943
-2.629748821258545
-2.6298866271972656
-2.6300060749053955
-2.6301355361938477
-2.630281686782837
-2.630448579788208
-2.630638599395752
-2.630812406539917
-2.630990982055664
-2.6311633586883545
-2.631333589553833
-2.631476640701294
-2.631606101989746
-2.631730079650879
-2.6318206787109375
-2.6318867206573486
-2.631948232650757
-2.6320018768310547
-2.632046699523926
-2.6320886611938477
-2.632136583328247
-2.6321861743927
-2.632209300994873
-2.632253408432007
-2.6322879791259766
-2.632322311401367
-2.6323602199554443
-2.6323986053466797
-2.632434606552124
-2.632472515106201
-2.6325135231018066
-2.6325464248657227
-2.63258695602417
-2.632626533508301
-2.6326630115509033
-2.6327033042907715
-2.632766008377075
-2.6328341960906982
-2.6329259872436523
-2.633058547973633
-2.6332128047943115
-2.6333611011505127
-2.633535623550415
-2.633735418319702
-2.633943796157837
-2.6341629028320312
-2.634395122528076
-2.6346211433410645
-2.6348302364349365
-2.6350278854370117
-2.6352293491363525
-2.635404586791992
-2.6355769634246826
-2.635709285736084
-2.63584041595459
-2.6359593868255615
-2.636051654815674
-2.636139154434204
-2.63620924949646
-2.6362698078155518
-2.63633394241333
-2.6363987922668457
-2.6364634037017822
-2.6365325450897217
-2.63661527633667
-2.636672258377075
-2.6367361545562744
-2.636815071105957
-2.6369082927703857
-2.6370151042938232
-2.6371257305145264
-2.6372265815734863
-2.637321949005127
-2.6374123096466064
-2.63749098777771
-2.637551784515381
-2.6376290321350098
-2.6377058029174805
-2.6377646923065186
-2.6378161907196045
-2.637871503829956
-2.6379268169403076
-2.6379828453063965
-2.6380488872528076
-2.6381101608276367
-2.6381747722625732
-2.6382434368133545
-2.6383137702941895
-2.638394832611084
-2.6384904384613037
-2.63859486579895
-2.6387181282043457
-2.638826608657837
-2.638981580734253
-2.639176607131958
-2.6394596099853516
-2.639620304107666
-2.6398162841796875
-2.6400463581085205
-2.640242576599121
-2.6404409408569336
-2.6406404972076416
-2.640817642211914
-2.640964984893799
-2.641085147857666
-2.6411757469177246
-2.641247272491455
-2.6413156986236572
-2.6413638591766357
-2.641407012939453
-2.641456127166748
-2.6415023803710938
-2.641551971435547
-2.6416008472442627
-2.6416420936584473
-2.6416871547698975
-2.6417293548583984
-2.641772985458374
-2.641817092895508
-2.6418557167053223
-2.641909122467041
-2.6419572830200195
-2.6420304775238037
-2.6421124935150146
-2.642211437225342
-2.642322063446045
-2.6424520015716553
-2.6425976753234863
-2.642733097076416
-2.6428911685943604
-2.6430532932281494
-2.6431937217712402
-2.643336057662964
-2.6434667110443115
-2.6435976028442383
-2.6437289714813232
-2.643857002258301
-2.6439802646636963
-2.6440861225128174
-2.644195556640625
-2.644289255142212
-2.644383430480957
-2.6444661617279053
-2.6445529460906982
-2.6446402072906494
-2.644714117050171
-2.644778251647949
-2.6448473930358887
-2.6449179649353027
-2.644982099533081
-2.645029067993164
-2.645094871520996
-2.64517879486084
-2.645233392715454
-2.645293712615967
-2.6453628540039062
-2.645430088043213
-2.645493984222412
-2.6455554962158203
-2.6456027030944824
-2.6456546783447266
-2.6456971168518066
-2.645747661590576
-2.6458072662353516
-2.6458723545074463
-2.6459271907806396
-2.6459782123565674
-2.6460368633270264
-2.646087646484375
-2.6461665630340576
-2.6462600231170654
-2.6463723182678223
-2.646493673324585
-2.646618604660034
-2.6467466354370117
-2.6468756198883057
-2.6469969749450684
-2.6471080780029297
-2.6472158432006836
-2.647333860397339
-2.64743709564209
-2.647536039352417
-2.6476423740386963
-2.647754430770874
-2.6478705406188965
-2.6479907035827637
-2.648125410079956
-2.6482632160186768
-2.648416042327881
-2.6485605239868164
-2.6487183570861816
-2.648878574371338
-2.6490254402160645
-2.649152994155884
-2.649266004562378
-2.649369239807129
-2.649465799331665
-2.6495726108551025
-2.6496546268463135
-2.649730920791626
-2.6498193740844727
-2.649907112121582
-2.6500000953674316
-2.6500942707061768
-2.6502017974853516
-2.650308847427368
-2.650411605834961
-2.650533676147461
-2.650644063949585
-2.650753974914551
-2.6508612632751465
-2.6509764194488525
-2.651076078414917
-2.65116286277771
-2.6512489318847656
-2.6513278484344482
-2.6514010429382324
-2.6514735221862793
-2.651538133621216
-2.651604652404785
-2.6516611576080322
-2.6517233848571777
-2.651773691177368
-2.6518235206604004
-2.651869773864746
-2.6519172191619873
-2.651958465576172
-2.6519923210144043
-2.6520302295684814
-2.652066469192505
-2.652101993560791
-2.652127742767334
-2.6521685123443604
-2.6522035598754883
-2.6522464752197266
-2.6522903442382812
-2.652331829071045
-2.652386426925659
-2.652431011199951
-2.6524903774261475
-2.652528762817383
-2.6525752544403076
-2.652620792388916
-2.652665138244629
-2.652712345123291
-2.6527512073516846
-2.6527974605560303
-2.6528303623199463
-2.6528706550598145
-2.6529219150543213
-2.652980327606201
-2.6530566215515137
-2.6531405448913574
-2.6532487869262695
-2.6533546447753906
-2.653485059738159
-2.653623104095459
-2.6537930965423584
-2.653980016708374
-2.654179334640503
-2.654350757598877
-2.6545183658599854
-2.65470027923584
-2.654879331588745
-2.655041217803955
-2.655165195465088
-2.655278444290161
-2.6553921699523926
-2.655508518218994
-2.6556153297424316
-2.6557061672210693
-2.6557796001434326
-2.655860662460327
-2.6559205055236816
-2.65598201751709
-2.656053066253662
-2.6561481952667236
-2.656242847442627
-2.6563150882720947
-2.656403064727783
-2.6565210819244385
-2.6566314697265625
-2.656759738922119
-2.6569297313690186
-2.6571576595306396
-2.6572861671447754
-2.6574630737304688
-2.6576836109161377
-2.65794038772583
-2.6582119464874268
-2.6585049629211426
-2.658704996109009
-2.6588826179504395
-2.6590492725372314
-2.6592185497283936
-2.6593844890594482
-2.659519910812378
-2.65964937210083
-2.6597628593444824
-2.6598849296569824
-2.6600191593170166
-2.6601481437683105
-2.6602509021759033
-2.6603646278381348
-2.6605300903320312
-2.6607284545898438
-2.6609320640563965
-2.6611106395721436
-2.6612775325775146
-2.6614184379577637
-2.6615548133850098
-2.6616876125335693
-2.6618194580078125
-2.6619486808776855
-2.662075996398926
-2.6622042655944824
-2.6623401641845703
-2.662472724914551
-2.6626150608062744
-2.6627612113952637
-2.662916898727417
-2.6630818843841553
-2.6632461547851562
-2.663438081741333
-2.663665294647217
-2.6637611389160156
-2.6638894081115723
-2.664036750793457
-2.664189100265503
-2.664323091506958
-2.6644539833068848
-2.66457200050354
-2.664706230163574
-2.6648571491241455
-2.6649951934814453
-2.6651394367218018
-2.6652770042419434
-2.665428876876831
-2.6655664443969727
-2.6656975746154785
-2.6658315658569336
-2.665966272354126
-2.666102647781372
-2.666242837905884
-2.666325569152832
-2.666410207748413
-2.6664974689483643
-2.666592836380005
-2.6666769981384277
-2.6667463779449463
-2.6668355464935303
-2.6669626235961914
-2.667086362838745
-2.6671993732452393
-2.667348623275757
-2.6674890518188477
-2.6676485538482666
-2.6678175926208496
-2.6679821014404297
-2.6680984497070312
-2.6682162284851074
-2.6683590412139893
-2.668440341949463
-2.6685314178466797
-2.6686315536499023
-2.668745756149292
-2.6688337326049805
-2.668923854827881
-2.6690468788146973
-2.6691787242889404
-2.669330596923828
-2.669478416442871
-2.6696722507476807
-2.6698501110076904
-2.6700525283813477
-2.6702704429626465
-2.6705405712127686
-2.6707231998443604
-2.670898675918579
-2.671076536178589
-2.6712429523468018
-2.671424388885498
-2.671618700027466
-2.6718051433563232
-2.6720211505889893
-2.6722538471221924
-2.6725246906280518
-2.6728458404541016
-2.6731951236724854
-2.673536539077759
-2.673893928527832
-2.6743226051330566
-2.674703598022461
-2.675018310546875
-2.675285577774048
-2.675441026687622
-2.675656795501709
-2.6758382320404053
-2.6759965419769287
-2.6761322021484375
-2.6762375831604004
-2.6763288974761963
-2.676401138305664
-2.6764729022979736
-2.676525831222534
-2.6765782833099365
-2.6766161918640137
-2.676687479019165
-2.6767749786376953
-2.6768953800201416
-2.677032232284546
-2.6771657466888428
-2.677321195602417
-2.6774868965148926
-2.6776442527770996
-2.677792549133301
-2.6779308319091797
-2.678055763244629
-2.6781728267669678
-2.678283452987671
-2.678408622741699
-2.678518056869507
-2.6786441802978516
-2.6787590980529785
-2.6788761615753174
-2.6789798736572266
-2.6790881156921387
-2.679187297821045
-2.679286003112793
-2.6794044971466064
-2.6795363426208496
-2.679651975631714
-2.6797611713409424
-2.679872512817383
-2.6799731254577637
-2.6800730228424072
-2.680163860321045
-2.6802515983581543
-2.680338144302368
-2.680418014526367
-2.6804957389831543
-2.6805813312530518
-2.6806609630584717
-2.680759906768799
-2.680856943130493
-2.6809704303741455
-2.68107008934021
-2.6811811923980713
-2.6813249588012695
-2.6814730167388916
-2.6816282272338867
-2.681762933731079
-2.6819000244140625
-2.6820435523986816
-2.6821696758270264
-2.682276964187622
-2.682386636734009
-2.682481050491333
-2.6825668811798096
-2.6826443672180176
-2.6827147006988525
-2.68277645111084
-2.6828434467315674
-2.6829140186309814
-2.6829888820648193
-2.683079719543457
-2.6831753253936768
-2.6833155155181885
-2.683414936065674
-2.683561325073242
-2.6837644577026367
-2.6839611530303955
-2.684155225753784
-2.6843552589416504
-2.6845357418060303
-2.6847238540649414
-2.6849145889282227
-2.685080051422119
-2.6852285861968994
-2.685358762741089
-2.685492515563965
-2.6856064796447754
-2.6857123374938965
-2.6858479976654053
-2.6859984397888184
-2.686128854751587
-2.686262369155884
-2.6864421367645264
-2.6865856647491455
-2.6867527961730957
-2.6869723796844482
-2.6871790885925293
-2.6874189376831055
-2.687675714492798
-2.687899112701416
-2.6881024837493896
-2.6883137226104736
-2.688481330871582
-2.688645362854004
-2.6888012886047363
-2.688915967941284
-2.6890249252319336
-2.6891300678253174
-2.689236640930176
-2.6893301010131836
-2.689423084259033
-2.689523696899414
-2.6896274089813232
-2.6897432804107666
-2.6898510456085205
-2.6899585723876953
-2.6900532245635986
-2.6901514530181885
-2.6902575492858887
-2.690370559692383
-2.690478563308716
-2.690600872039795
-2.690718173980713
-2.6908295154571533
-2.690948486328125
-2.691060781478882
-2.6911802291870117
-2.691302537918091
-2.691439151763916
-2.691577434539795
-2.691727876663208
-2.691868543624878
-2.6920273303985596
-2.6921584606170654
-2.6922874450683594
-2.6924636363983154
-2.692566394805908
-2.69268536567688
-2.6928086280822754
-2.692941665649414
-2.6930720806121826
-2.6931707859039307
-2.6932594776153564
-2.693354845046997
-2.693443536758423
-2.6935296058654785
-2.693617105484009
-2.69370174407959
-2.6937777996063232
-2.6938695907592773
-2.6939587593078613
-2.694047689437866
-2.694136381149292
-2.6942343711853027
-2.6943507194519043
-2.6944665908813477
-2.694584846496582
-2.6946780681610107
-2.6948068141937256
-2.694967746734619
-2.695096015930176
-2.6952388286590576
-2.695404529571533
-2.695568323135376
-2.695716381072998
-2.6958560943603516
-2.6959853172302246
-2.6961164474487305
-2.696227788925171
-2.696385145187378
-2.6965301036834717
-2.6966826915740967
-2.696805477142334
-2.696929931640625
-2.697050094604492
-2.697171688079834
-2.6972899436950684
-2.697375774383545
-2.6974503993988037
-2.697521448135376
-2.697585105895996
-2.697648286819458
-2.697706699371338
-2.697763681411743
-2.6978201866149902
-2.697894811630249
-2.697974443435669
-2.698063373565674
-2.698140859603882
-2.6982367038726807
-2.6983566284179688
-2.6984903812408447
-2.698622226715088
-2.6987855434417725
-2.6989901065826416
-2.69921875
-2.6993913650512695
-2.6995744705200195
-2.6997580528259277
-2.69992733001709
-2.7000811100006104
-2.700223922729492
-2.700360059738159
-2.700472354888916
-2.700559616088867
-2.7006707191467285
-2.700782537460327
-2.700899362564087
-2.7010416984558105
-2.701171875
-2.70129656791687
-2.7014355659484863
-2.7015655040740967
-2.701723098754883
-2.701876640319824
-2.7020263671875
-2.702171564102173
-2.7022972106933594
-2.7024214267730713
-2.7025370597839355
-2.7026312351226807
-2.702726364135742
-2.7028117179870605
-2.702889919281006
-2.702975273132324
-2.7030563354492188
-2.7031290531158447
-2.703216791152954
-2.703317642211914
-2.7034149169921875
-2.703516721725464
-2.7036240100860596
-2.703730583190918
-2.703834295272827
-2.7039241790771484
-2.7040116786956787
-2.70408296585083
-2.7041616439819336
-2.7042341232299805
-2.704289674758911
-2.704345941543579
-2.7044060230255127
-2.704456090927124
-2.704491138458252
-2.704530954360962
-2.704577922821045
-2.7046260833740234
-2.7046806812286377
-2.7047314643859863
-2.7047946453094482
-2.7048544883728027
-2.7049219608306885
-2.7049903869628906
-2.7050654888153076
-2.705118179321289
-2.705167293548584
-2.705233097076416
-2.705303907394409
-2.705383777618408
-2.7054636478424072
-2.7055482864379883
-2.705634355545044
-2.7057247161865234
-2.705822229385376
-2.705934524536133
-2.70601224899292
-2.7060835361480713
-2.706195831298828
-2.706303358078003
-2.7064297199249268
-2.7065584659576416
-2.706697463989258
-2.7068560123443604
-2.7069437503814697
-2.707056760787964
-2.7071728706359863
-2.7072787284851074
-2.7073774337768555
-2.707462787628174
-2.7075393199920654
-2.7076103687286377
-2.707672595977783
-2.7077343463897705
-2.707803726196289
-2.7078864574432373
-2.707974672317505
-2.7080540657043457
-2.708125352859497
-2.7082126140594482
-2.7082908153533936
-2.7083818912506104
-2.7084782123565674
-2.708574056625366
-2.708662986755371
-2.708743095397949
-2.7088241577148438
-2.7089099884033203
-2.7089948654174805
-2.709084987640381
-2.7091619968414307
-2.709233045578003
-2.7093076705932617
-2.7094056606292725
-2.709491491317749
-2.709611654281616
-2.7096734046936035
-2.7097373008728027
-2.7098312377929688
-2.7099344730377197
-2.7100536823272705
-2.7101831436157227
-2.7103230953216553
-2.710454225540161
-2.7105836868286133
-2.7106940746307373
-2.710786819458008
-2.710879325866699
-2.7109568119049072
-2.711031436920166
-2.711092233657837
-2.7111599445343018
-2.7112033367156982
-2.71126651763916
-2.7113349437713623
-2.7114109992980957
-2.711484909057617
-2.711559295654297
-2.7116246223449707
-2.7117013931274414
-2.7117714881896973
-2.7118539810180664
-2.7119321823120117
-2.71201229095459
-2.71207594871521
-2.712137460708618
-2.712186813354492
-2.7122344970703125
-2.7122714519500732
-2.712308168411255
-2.71233868598938
-2.7123734951019287
-2.7123961448669434
-2.71242618560791
-2.712411880493164
-2.7124459743499756
-2.7124850749969482
-2.712523937225342
-2.712557554244995
-2.712592840194702
-2.7126309871673584
-2.71266770362854
-2.712702751159668
-2.71274995803833
-2.712799549102783
-2.7128500938415527
-2.712902784347534
-2.712965488433838
-2.713022470474243
-2.713114023208618
-2.713151693344116
-2.7132036685943604
-2.7132821083068848
-2.71336030960083
-2.713437795639038
-2.7135252952575684
-2.713606595993042
-2.7136762142181396
-2.7137341499328613
-2.7137951850891113
-2.7138471603393555
-2.7138984203338623
-2.713940143585205
-2.713984966278076
-2.7140274047851562
-2.714073657989502
-2.7141213417053223
-2.7141644954681396
-2.714202642440796
-2.7142510414123535
-2.7143025398254395
-2.7143619060516357
-2.7144265174865723
-2.7144882678985596
-2.7145371437072754
-2.7145862579345703
-2.714639663696289
-2.7147011756896973
-2.714754104614258
-2.7148003578186035
-2.714862823486328
-2.7149033546447754
-2.714949369430542
-2.7149925231933594
-2.71505069732666
-2.7151236534118652
-2.715183973312378
-2.7152748107910156
-2.7153658866882324
-2.7154829502105713
-2.715618848800659
-2.7157232761383057
-2.7158377170562744
-2.715944766998291
-2.7160589694976807
-2.716140031814575
-2.716212511062622
-2.716277599334717
-2.7163238525390625
-2.716365098953247
-2.7164015769958496
-2.7164359092712402
-2.7164576053619385
-2.716486930847168
-2.716520071029663
-2.716554880142212
-2.7166054248809814
-2.7166635990142822
-2.71671724319458
-2.7167704105377197
-2.716829299926758
-2.7168970108032227
-2.7169861793518066
-2.717085599899292
-2.717190742492676
-2.7172842025756836
-2.7173759937286377
-2.7174601554870605
-2.7175278663635254
-2.7175936698913574
-2.717647075653076
-2.7176997661590576
-2.7177505493164062
-2.717780590057373
-2.7178163528442383
-2.7178449630737305
-2.717876434326172
-2.717898368835449
-2.7179250717163086
-2.7179512977600098
-2.7179830074310303
-2.718008041381836
-2.7180287837982178
-2.718053102493286
-2.7180776596069336
-2.718116283416748
-2.7181689739227295
-2.7182273864746094
-2.7183051109313965
-2.7183854579925537
-2.718480110168457
-2.7185754776000977
-2.718667507171631
-2.718759775161743
-2.7188353538513184
-2.718902349472046
-2.7189700603485107
-2.719029664993286
-2.719088077545166
-2.719151735305786
-2.7192277908325195
-2.719285726547241
-2.7193453311920166
-2.7193894386291504
-2.7194368839263916
-2.719489574432373
-2.7195427417755127
-2.7195968627929688
-2.719650983810425
-2.7196896076202393
-2.719731569290161
-2.719770908355713
-2.7198143005371094
-2.719871759414673
-2.7199254035949707
-2.7199971675872803
-2.7200710773468018
-2.7201614379882812
-2.7202553749084473
-2.720343589782715
-2.7204527854919434
-2.7205469608306885
-2.7206714153289795
-2.7207906246185303
-2.7209110260009766
-2.721022129058838
-2.721116065979004
-2.7211954593658447
-2.721257209777832
-2.721316337585449
-2.721365451812744
-2.72145414352417
-2.7214794158935547
-2.721508502960205
-2.721545457839966
-2.7215826511383057
-2.7216193675994873
-2.7216508388519287
-2.7216780185699463
-2.721698760986328
-2.7217273712158203
-2.721759080886841
-2.721785545349121
-2.7218081951141357
-2.7218284606933594
-2.7218523025512695
-2.7218735218048096
-2.721896171569824
-2.7219207286834717
-2.721942901611328
-2.7219717502593994
-2.72200083732605
-2.722033739089966
-2.7220776081085205
-2.7221176624298096
-2.7221524715423584
-2.7221908569335938
-2.7222304344177246
-2.722259998321533
-2.7223033905029297
-2.7223236560821533
-2.7223477363586426
-2.7223739624023438
-2.7224066257476807
-2.7224342823028564
-2.7224669456481934
-2.722499132156372
-2.72253680229187
-2.722578763961792
-2.722621202468872
-2.7226603031158447
-2.7226977348327637
-2.7227401733398438
-2.7227797508239746
-2.722825527191162
-2.7228641510009766
-2.7228994369506836
-2.722940683364868
-2.722984552383423
-2.7230284214019775
-2.723083257675171
-2.7231388092041016
-2.723193407058716
-2.7232391834259033
-2.7232959270477295
-2.723341941833496
-2.723395586013794
-2.7234461307525635
-2.7234914302825928
-2.7235307693481445
-2.7235822677612305
-2.723634958267212
-2.723686933517456
-2.7237415313720703
-2.7237839698791504
-2.7238337993621826
-2.723886013031006
-2.723947763442993
-2.723994255065918
-2.724038600921631
-2.724083662033081
-2.7241287231445312
-2.7241714000701904
-2.7242074012756348
-2.724245548248291
-2.7242841720581055
-2.7243263721466064
-2.7243733406066895
-2.724435567855835
-2.724494457244873
-2.724551200866699
-2.724601984024048
-2.7246649265289307
-2.724717855453491
-2.7247748374938965
-2.72483491897583
-2.724898338317871
-2.7249577045440674
-2.725008964538574
-2.7250711917877197
-2.7251265048980713
-2.7251787185668945
-2.725224494934082
-2.725271701812744
-2.725325345993042
-2.725386619567871
-2.7254528999328613
-2.7255101203918457
-2.7255687713623047
-2.7256155014038086
-2.7256622314453125
-2.725708484649658
-2.7257418632507324
-2.7257723808288574
-2.725795269012451
-2.725818157196045
-2.7258410453796387
-2.725864887237549
-2.7258853912353516
-2.725907564163208
-2.7259297370910645
-2.7259485721588135
-2.7259743213653564
-2.72599196434021
-2.726018190383911
-2.726033926010132
-2.7260546684265137
-2.7260708808898926
-2.7260854244232178
-2.726100444793701
-2.726113796234131
-2.7261290550231934
-2.7261412143707275
-2.726152181625366
-2.7261741161346436
-2.7262001037597656
-2.726226568222046
-2.7262685298919678
-2.726323366165161
-2.7263736724853516
-2.726428508758545
-2.7264833450317383
-2.726527214050293
-2.7265706062316895
-2.726604461669922
-2.7266323566436768
-2.726666212081909
-2.726686716079712
-2.726706027984619
-2.7267274856567383
-2.72674822807312
-2.726771116256714
-2.7268126010894775
-2.7268426418304443
-2.726888418197632
-2.7269465923309326
-2.7270095348358154
-2.7270560264587402
-2.7271134853363037
-2.727163076400757
-2.7272274494171143
-2.727299690246582
-2.727374315261841
-2.7274463176727295
-2.7275125980377197
-2.727576494216919
-2.727625846862793
-2.7276759147644043
-2.7277262210845947
-2.727773427963257
-2.7278199195861816
-2.727849245071411
-2.727884531021118
-2.7279305458068848
-2.7279720306396484
-2.7280139923095703
-2.7280635833740234
-2.728118896484375
-2.7281789779663086
-2.7282369136810303
-2.72829008102417
-2.728334426879883
-2.728388786315918
-2.728426218032837
-2.728470802307129
-2.7285044193267822
-2.7285385131835938
-2.7285714149475098
-2.728614330291748
-2.7286508083343506
-2.728686809539795
-2.7287230491638184
-2.728773832321167
-2.7288358211517334
-2.7288973331451416
-2.728963851928711
-2.729024648666382
-2.7290842533111572
-2.7291228771209717
-2.72916841506958
-2.729215621948242
-2.729248046875
-2.729271411895752
-2.7292959690093994
-2.729320764541626
-2.7293386459350586
-2.7293567657470703
-2.7293789386749268
-2.7293920516967773
-2.729416608810425
-2.7294397354125977
-2.7294533252716064
-2.7294883728027344
-2.7295188903808594
-2.729558229446411
-2.729597568511963
-2.7296392917633057
-2.729687213897705
-2.7297327518463135
-2.729773759841919
-2.729827880859375
-2.7298784255981445
-2.729935884475708
-2.7299861907958984
-2.73004150390625
-2.730100631713867
-2.7301621437072754
-2.7302162647247314
-2.730262041091919
-2.7302980422973633
-2.7303338050842285
-2.7303659915924072
-2.730391263961792
-2.7304229736328125
-2.7304489612579346
-2.7304768562316895
-2.730497121810913
-2.7305374145507812
-2.7305612564086914
-2.7306063175201416
-2.73066782951355
-2.7307255268096924
-2.730783224105835
-2.7308366298675537
-2.7308783531188965
-2.73091983795166
-2.730949640274048
-2.7309820652008057
-2.731011152267456
-2.7310314178466797
-2.7310569286346436
-2.7310738563537598
-2.7311038970947266
-2.7311267852783203
-2.7311580181121826
-2.7311882972717285
-2.731208324432373
-2.73123836517334
-2.731264114379883
-2.731285810470581
-2.7313122749328613
-2.731335401535034
-2.731363534927368
-2.7313826084136963
-2.731407880783081
-2.731451988220215
-2.73148775100708
-2.7315280437469482
-2.731579542160034
-2.7316274642944336
-2.7316675186157227
-2.731701374053955
-2.7317357063293457
-2.7317698001861572
-2.7318122386932373
-2.731844186782837
-2.7318668365478516
-2.731898546218872
-2.7319247722625732
-2.731947660446167
-2.7319648265838623
-2.731980800628662
-2.732001543045044
-2.7320175170898438
-2.732027292251587
-2.732043504714966
-2.7320523262023926
-2.732064723968506
-2.7320754528045654
-2.732085704803467
-2.7320926189422607
-2.732107400894165
-2.732119083404541
-2.732130289077759
-2.7321419715881348
-2.7321553230285645
-2.7321667671203613
-2.7321887016296387
-2.7322006225585938
-2.732219934463501
-2.7322299480438232
-2.7322494983673096
-2.7322754859924316
-2.7322962284088135
-2.7323222160339355
-2.7323427200317383
-2.7323620319366455
-2.7323880195617676
-2.7324187755584717
-2.73244309425354
-2.732471466064453
-2.7325000762939453
-2.73252272605896
-2.7325313091278076
-2.7325520515441895
-2.7325732707977295
-2.732591152191162
-2.7326061725616455
-2.7326314449310303
-2.7326467037200928
-2.7326676845550537
-2.7326865196228027
-2.732710123062134
-2.7327237129211426
-2.7327423095703125
-2.732750177383423
-2.7327659130096436
-2.7327775955200195
-2.7327945232391357
-2.7328035831451416
-2.732820987701416
-2.73283052444458
-2.7328433990478516
-2.7328531742095947
-2.7328662872314453
-2.732874870300293
-2.7328922748565674
-2.7329087257385254
-2.7329273223876953
-2.732954263687134
-2.7329719066619873
-2.7329955101013184
-2.733016014099121
-2.7330496311187744
-2.733069896697998
-2.733095645904541
-2.73311448097229
-2.7331345081329346
-2.733151912689209
-2.7331717014312744
-2.7331879138946533
-2.7332046031951904
-2.7332286834716797
-2.733252763748169
-2.733273506164551
-2.733295440673828
-2.7333245277404785
-2.733351707458496
-2.733379364013672
-2.733407497406006
-2.7334418296813965
-2.7334609031677246
-2.733487606048584
-2.7335116863250732
-2.733530282974243
-2.7335550785064697
-2.7335681915283203
-2.7335920333862305
-2.73362135887146
-2.733649730682373
-2.733684539794922
-2.733711004257202
-2.7337379455566406
-2.7337677478790283
-2.733797788619995
-2.7338204383850098
-2.7338404655456543
-2.7338664531707764
-2.7338790893554688
-2.733898162841797
-2.733920097351074
-2.7339394092559814
-2.7339632511138916
-2.733988046646118
-2.734017848968506
-2.73405122756958
-2.7340898513793945
-2.734131336212158
-2.7341811656951904
-2.7342286109924316
-2.7342746257781982
-2.734316825866699
-2.734377145767212
-2.7344069480895996
-2.734438180923462
-2.734469413757324
-2.7344915866851807
-2.734515428543091
-2.73453688621521
-2.7345480918884277
-2.7345640659332275
-2.7345738410949707
-2.734577178955078
-2.734585762023926
-2.7345921993255615
-2.734602451324463
-2.734611749649048
-2.7346303462982178
-2.734639883041382
-2.734649658203125
-2.7346699237823486
-2.7347044944763184
-2.7347278594970703
-2.7347564697265625
-2.734788179397583
-2.7348194122314453
-2.734844923019409
-2.7348709106445312
-2.734896183013916
-2.734928846359253
-2.7349650859832764
-2.7350034713745117
-2.735042095184326
-2.73508620262146
-2.7351222038269043
-2.7351605892181396
-2.735217332839966
-2.735252618789673
-2.735297203063965
-2.7353515625
-2.735386371612549
-2.7354414463043213
-2.73549747467041
-2.735546350479126
-2.735595464706421
-2.7356433868408203
-2.7356863021850586
-2.7357330322265625
-2.7357778549194336
-2.7358126640319824
-2.735846519470215
-2.735877513885498
-2.7359061241149902
-2.7359254360198975
-2.735952854156494
-2.7359774112701416
-2.7360072135925293
-2.7360353469848633
-2.736072301864624
-2.7361011505126953
-2.7361342906951904
-2.7361626625061035
-2.7361907958984375
-2.7362189292907715
-2.7362494468688965
-2.736280679702759
-2.7363197803497314
-2.7363626956939697
-2.736398935317993
-2.7364492416381836
-2.736496925354004
-2.7365407943725586
-2.736583948135376
-2.7366080284118652
-2.7366371154785156
-2.7366726398468018
-2.7366995811462402
-2.736715316772461
-2.736741542816162
-2.736762762069702
-2.7367842197418213
-2.736806631088257
-2.7368359565734863
-2.73686146736145
-2.7368876934051514
-2.7369089126586914
-2.7369372844696045
-2.7369728088378906
-2.7370097637176514
-2.737039089202881
-2.737064838409424
-2.7370927333831787
-2.7371156215667725
-2.73714017868042
-2.7371745109558105
-2.7371931076049805
-2.737213611602783
-2.7372334003448486
-2.737255096435547
-2.737278938293457
-2.7373015880584717
-2.7373220920562744
-2.7373509407043457
-2.7373883724212646
-2.7374157905578613
-2.7374539375305176
-2.7374961376190186
-2.7375495433807373
-2.737589120864868
-2.7376363277435303
-2.7376933097839355
-2.7377443313598633
-2.737800121307373
-2.737837076187134
-2.7378768920898438
-2.7379186153411865
-2.737962007522583
-2.73799991607666
-2.7380523681640625
-2.7381036281585693
-2.7381370067596436
-2.7381832599639893
-2.7382335662841797
-2.738281488418579
-2.7383270263671875
-2.738370656967163
-2.73844051361084
-2.7384655475616455
-2.7384939193725586
-2.7385237216949463
-2.73854398727417
-2.7385549545288086
-2.738570213317871
-2.7385916709899902
-2.7386093139648438
-2.7386293411254883
-2.7386486530303955
-2.7386651039123535
