0.9983239769935608
0.9989157319068909
0.9989156723022461
0.9985615015029907
0.9479321837425232
0.9453911185264587
0.945091724395752
0.944921612739563
0.8549785017967224
0.8370124697685242
0.6708580255508423
0.5155819058418274
0.31589993834495544
0.1960621029138565
0.14361689984798431
0.07360395789146423
0.0003959371242672205
0.0024695792235434055
0.022613683715462685
0.022510137408971786
0.03281739354133606
0.03466719388961792
0.033052749931812286
0.03631831333041191
0.03178835287690163
0.05253174901008606
0.05070853233337402
0.046115562319755554
0.07540818303823471
0.07283904403448105
0.07269347459077835
0.07305958867073059
0.0779346153140068
0.07979854941368103
0.07870880514383316
0.07617004960775375
0.0902133360505104
0.08281611651182175
0.08351832628250122
0.0882510170340538
