0.0006077723810449243
0.0006077723810449243
0.0006076348363421857
0.0006044707843102515
0.0005854864721186459
0.0005827351124025881
0.0005827351124025881
0.0005892008193768561
9.416482498636469e-05
0.0008263668278232217
4.5947483158670366e-05
0.0005755816237069666
0.0003001718723680824
0.0004587181902024895
0.00011349303531460464
0.0004331994568929076
0.00015909659850876778
0.00026089639868587255
1.1486870789667591e-05
0.00013701703574042767
7.174135680543259e-05
2.070388109132182e-05
1.7539832697366364e-05
3.514844866003841e-05
2.366157787037082e-05
2.324887645954732e-05
2.276738996442873e-05
0.00010957236372632906
4.608504968928173e-05
3.5217231925344095e-05
3.741830732906237e-05
6.747676525264978e-05
3.714317472258699e-06
2.146050064766314e-05
7.08471679899958e-06
1.5269972209353e-05
7.359851224464364e-06
5.296341441862751e-06
1.912185689434409e-05
2.6619274649419822e-05
