0.000000 0.000000 1.000000 112.585548
0.000000 0.000000 0.000000 113.266724
0.000000 1.000000 1.000000 80.083351
0.000000 1.000000 0.000000 76.617058
4.000000 0.000000 1.000000 11.140448
4.000000 0.000000 0.000000 11.970331
4.000000 1.000000 1.000000 14.177011
4.000000 1.000000 0.000000 13.803226
0.000000 0.000000 0.125000 113.060188
0.000000 0.000000 0.250000 112.894020
0.000000 0.000000 0.375000 112.765488
0.000000 0.000000 0.500000 112.671738
0.000000 0.000000 0.625000 112.610123
0.000000 0.000000 0.750000 112.577499
0.000000 0.000000 0.875000 112.570496
0.000000 0.125000 1.000000 78.135109
0.000000 0.250000 1.000000 47.811771
0.000000 0.375000 1.000000 21.703510
0.000000 0.500000 1.000000 10.385494
0.000000 0.625000 1.000000 28.053230
0.000000 0.750000 1.000000 46.954334
0.000000 0.875000 1.000000 64.310074
0.000000 1.000000 0.125000 77.060440
0.000000 1.000000 0.250000 77.501938
0.000000 1.000000 0.375000 77.940567
0.000000 1.000000 0.500000 78.375954
0.000000 1.000000 0.625000 78.807869
0.000000 1.000000 0.750000 79.236191
0.000000 1.000000 0.875000 79.661232
0.000000 0.125000 0.000000 79.335747
0.000000 0.250000 0.000000 49.421482
0.000000 0.375000 0.000000 23.376640
0.000000 0.500000 0.000000 8.421626
0.000000 0.625000 0.000000 24.923637
0.000000 0.750000 0.000000 43.653618
0.000000 0.875000 0.000000 60.897594
4.000000 0.000000 0.125000 11.240206
4.000000 0.000000 0.250000 10.642186
4.000000 0.000000 0.375000 10.206450
4.000000 0.000000 0.500000 9.962017
4.000000 0.000000 0.625000 9.930383
4.000000 0.000000 0.750000 10.121538
4.000000 0.000000 0.875000 10.530467
4.000000 0.125000 1.000000 10.136151
4.000000 0.250000 1.000000 9.494164
4.000000 0.375000 1.000000 9.277998
4.000000 0.500000 1.000000 9.516885
4.000000 0.625000 1.000000 10.188411
4.000000 0.750000 1.000000 11.233454
4.000000 0.875000 1.000000 12.582658
4.000000 1.000000 0.125000 13.305771
4.000000 1.000000 0.250000 12.947289
4.000000 1.000000 0.375000 12.741809
4.000000 1.000000 0.500000 12.699936
4.000000 1.000000 0.625000 12.826489
4.000000 1.000000 0.750000 13.120280
4.000000 1.000000 0.875000 13.574456
4.000000 0.125000 0.000000 11.020602
4.000000 0.250000 0.000000 10.330606
4.000000 0.375000 0.000000 9.961166
4.000000 0.500000 0.000000 9.965723
4.000000 0.625000 0.000000 10.372297
4.000000 0.750000 0.000000 11.172849
4.000000 0.875000 0.000000 12.331928
0.133333 0.000000 0.000000 109.585327
0.266667 0.000000 0.000000 106.512596
0.400000 0.000000 0.000000 103.791771
0.533333 0.000000 0.000000 101.202942
0.666667 0.000000 0.000000 98.570305
0.800000 0.000000 0.000000 95.764519
0.933333 0.000000 0.000000 92.699402
1.066667 0.000000 0.000000 89.328041
1.200000 0.000000 0.000000 85.635948
1.333333 0.000000 0.000000 81.634163
1.466667 0.000000 0.000000 77.354088
1.600000 0.000000 0.000000 72.841049
1.733333 0.000000 0.000000 68.150459
1.866667 0.000000 0.000000 63.343449
2.000000 0.000000 0.000000 58.483749
2.133333 0.000000 0.000000 53.634499
2.266667 0.000000 0.000000 48.856819
2.400000 0.000000 0.000000 44.207214
2.533333 0.000000 0.000000 39.737324
2.666667 0.000000 0.000000 35.492878
2.800000 0.000000 0.000000 31.513588
2.933333 0.000000 0.000000 27.834192
3.066667 0.000000 0.000000 24.485023
3.200000 0.000000 0.000000 21.492691
3.333333 0.000000 0.000000 18.881310
3.466667 0.000000 0.000000 16.671806
3.600000 0.000000 0.000000 14.879582
3.733333 0.000000 0.000000 13.510248
3.866667 0.000000 0.000000 12.551767
0.133333 0.000000 1.000000 110.768959
0.266667 0.000000 1.000000 109.005493
0.400000 0.000000 1.000000 107.064796
0.533333 0.000000 1.000000 104.782150
0.666667 0.000000 1.000000 102.058899
0.800000 0.000000 1.000000 98.855247
0.933333 0.000000 1.000000 95.179398
1.066667 0.000000 1.000000 91.074303
1.200000 0.000000 1.000000 86.604996
1.333333 0.000000 1.000000 81.848038
1.466667 0.000000 1.000000 76.884041
1.600000 0.000000 1.000000 71.790939
1.733333 0.000000 1.000000 66.642105
1.866667 0.000000 1.000000 61.504368
2.000000 0.000000 1.000000 56.437153
2.133333 0.000000 1.000000 51.493458
2.266667 0.000000 1.000000 46.719345
2.400000 0.000000 1.000000 42.155476
2.533333 0.000000 1.000000 37.836582
2.666667 0.000000 1.000000 33.792713
2.800000 0.000000 1.000000 30.048584
2.933333 0.000000 1.000000 26.624670
3.066667 0.000000 1.000000 23.535521
3.200000 0.000000 1.000000 20.791035
3.333333 0.000000 1.000000 18.394552
3.466667 0.000000 1.000000 16.341486
3.600000 0.000000 1.000000 14.618702
3.733333 0.000000 1.000000 13.202012
3.866667 0.000000 1.000000 12.057026
0.133333 1.000000 0.000000 78.271378
0.266667 1.000000 0.000000 79.371094
0.400000 1.000000 0.000000 79.894768
0.533333 1.000000 0.000000 79.845383
0.666667 1.000000 0.000000 79.245331
0.800000 1.000000 0.000000 78.131050
0.933333 1.000000 0.000000 76.548553
1.066667 1.000000 0.000000 74.549416
1.200000 1.000000 0.000000 72.187469
1.333333 1.000000 0.000000 69.516724
1.466667 1.000000 0.000000 66.589699
1.600000 1.000000 0.000000 63.457455
1.733333 1.000000 0.000000 60.168480
1.866667 1.000000 0.000000 56.768677
2.000000 1.000000 0.000000 53.302082
2.133333 1.000000 0.000000 49.809147
2.266667 1.000000 0.000000 46.327724
2.400000 1.000000 0.000000 42.892002
2.533333 1.000000 0.000000 39.532890
2.666667 1.000000 0.000000 36.277409
2.800000 1.000000 0.000000 33.148994
2.933333 1.000000 0.000000 30.168255
3.066667 1.000000 0.000000 27.353233
3.200000 1.000000 0.000000 24.720253
3.333333 1.000000 0.000000 22.285582
3.466667 1.000000 0.000000 20.066761
3.600000 1.000000 0.000000 18.083675
3.733333 1.000000 0.000000 16.360134
3.866667 1.000000 0.000000 14.923542
0.133333 1.000000 1.000000 80.658508
0.266667 1.000000 1.000000 80.808998
0.400000 1.000000 1.000000 80.521896
0.533333 1.000000 1.000000 79.804764
0.666667 1.000000 1.000000 78.680061
0.800000 1.000000 1.000000 77.180771
0.933333 1.000000 1.000000 75.345093
1.066667 1.000000 1.000000 73.212860
1.200000 1.000000 1.000000 70.823097
1.333333 1.000000 1.000000 68.212624
1.466667 1.000000 1.000000 65.416420
1.600000 1.000000 1.000000 62.467060
1.733333 1.000000 1.000000 59.396759
1.866667 1.000000 1.000000 56.236446
2.000000 1.000000 1.000000 53.017719
2.133333 1.000000 1.000000 49.771519
2.266667 1.000000 1.000000 46.529137
2.400000 1.000000 1.000000 43.320549
2.533333 1.000000 1.000000 40.174328
2.666667 1.000000 1.000000 37.116398
2.800000 1.000000 1.000000 34.169456
2.933333 1.000000 1.000000 31.351995
3.066667 1.000000 1.000000 28.677933
3.200000 1.000000 1.000000 26.155823
3.333333 1.000000 1.000000 23.789913
3.466667 1.000000 1.000000 21.579710
3.600000 1.000000 1.000000 19.520840
3.733333 1.000000 1.000000 17.606411
3.866667 1.000000 1.000000 15.827922
0.000000 0.558921 0.884220 17.533091
0.000000 0.564095 0.110725 16.038269
0.000000 0.108253 0.562500 82.779839
0.000000 0.891747 0.562500 65.056145
0.000000 0.118928 0.309042 80.328148
0.000000 0.892985 0.309892 64.347427
0.000000 0.309447 0.889324 34.912731
0.000000 0.326592 0.118154 32.687607
0.000000 0.800574 0.875940 53.778732
0.000000 0.796658 0.109485 50.665089
0.000000 0.108253 0.812500 82.585045
0.000000 0.891953 0.437065 64.654068
0.000000 0.783528 0.499928 50.162148
0.000000 0.784498 0.623258 50.704876
0.000000 0.676412 0.560468 34.652683
0.000000 0.676588 0.435313 34.281811
0.000000 0.566987 0.500000 17.670511
0.000000 0.561959 0.643375 17.325655
0.000000 0.458734 0.562500 9.642363
0.000000 0.458734 0.437500 9.674761
0.000000 0.350481 0.500000 27.111412
0.000000 0.348496 0.621562 27.298836
0.000000 0.351344 0.376495 27.168283
0.000000 0.458878 0.312749 9.707071
0.000000 0.246021 0.437954 49.429710
0.000000 0.344980 0.253919 28.674658
0.000000 0.452380 0.188105 10.440173
0.000000 0.226926 0.207145 54.209770
0.000000 0.566791 0.248428 16.881886
0.000000 0.676769 0.177740 33.453442
0.000000 0.682117 0.301484 34.679218
0.000000 0.786875 0.237557 49.743382
0.000000 0.242228 0.562500 50.091255
0.000000 0.249624 0.686052 48.240334
0.000000 0.358118 0.757010 25.204441
0.000000 0.892504 0.686188 65.572121
0.000000 0.793057 0.743115 52.298977
0.000000 0.105086 0.437350 83.743904
0.000000 0.437500 0.891747 11.695294
0.000000 0.496767 0.769275 9.658719
0.000000 0.617280 0.772431 26.192156
0.000000 0.681635 0.882089 36.428131
0.000000 0.108253 0.687500 82.669701
0.000000 0.785051 0.371576 49.946377
0.000000 0.568349 0.372579 17.497408
0.000000 0.105706 0.187500 83.942993
0.000000 0.899105 0.806456 66.831902
0.000000 0.189047 0.901538 62.174450
0.000000 0.897173 0.191133 64.473991
0.000000 0.187499 0.099272 63.686447
0.000000 0.244770 0.325129 49.912529
0.000000 0.687192 0.685423 36.672253
0.000000 0.250073 0.798911 47.997704
0.000000 0.437500 0.084536 12.475420
0.000000 0.444815 0.670744 10.940611
0.000000 0.687500 0.077338 34.721809
0.000000 0.091506 0.908494 86.971313
0.000000 0.908494 0.091506 65.580933
0.000000 0.908494 0.908494 68.384605
0.000000 0.090759 0.090759 88.032059
0.000000 0.175240 0.625000 65.798035
0.000000 0.175240 0.500000 65.955643
0.000000 0.175110 0.382001 66.159744
0.000000 0.175452 0.739793 65.623390
0.000000 0.707292 0.790330 40.013733
4.000000 0.558921 0.884220 9.089292
4.000000 0.564095 0.110725 9.456932
4.000000 0.108253 0.562500 8.938436
4.000000 0.891747 0.562500 11.274533
4.000000 0.118928 0.309042 9.396408
4.000000 0.892985 0.309892 11.427048
4.000000 0.309447 0.889324 8.680715
4.000000 0.326592 0.118154 9.293334
4.000000 0.800574 0.875940 11.076873
4.000000 0.796658 0.109485 11.025912
4.000000 0.108253 0.812500 9.349029
4.000000 0.891953 0.437065 11.251906
4.000000 0.783528 0.499928 9.968477
4.000000 0.784498 0.623258 10.080670
4.000000 0.676412 0.560468 8.954221
4.000000 0.676588 0.435313 8.990915
4.000000 0.566987 0.500000 8.188755
4.000000 0.561959 0.643375 8.245092
4.000000 0.458734 0.562500 7.769464
4.000000 0.458734 0.437500 7.876981
4.000000 0.350481 0.500000 7.771151
4.000000 0.348496 0.621562 7.764978
4.000000 0.351344 0.376495 8.029268
4.000000 0.458878 0.312749 8.228742
4.000000 0.246021 0.437954 8.209023
4.000000 0.344980 0.253919 8.517735
4.000000 0.452380 0.188105 8.779576
4.000000 0.226926 0.207145 9.176486
4.000000 0.566791 0.248428 8.797696
4.000000 0.676769 0.177740 9.730511
4.000000 0.682117 0.301484 9.313983
4.000000 0.786875 0.237557 10.437765
4.000000 0.242228 0.562500 8.074078
4.000000 0.249624 0.686052 8.143546
4.000000 0.358118 0.757010 8.045122
4.000000 0.892504 0.686188 11.493258
4.000000 0.793057 0.743115 10.465654
4.000000 0.105086 0.437350 9.117618
4.000000 0.437500 0.891747 8.680787
4.000000 0.496767 0.769275 8.286278
4.000000 0.617280 0.772431 8.952088
4.000000 0.681635 0.882089 9.942747
4.000000 0.108253 0.687500 9.023375
4.000000 0.785051 0.371576 10.091280
4.000000 0.568349 0.372579 8.392407
4.000000 0.105706 0.187500 10.042681
4.000000 0.899105 0.806456 11.950613
4.000000 0.189047 0.901538 9.199719
4.000000 0.897173 0.191133 11.787994
4.000000 0.187499 0.099272 9.998532
4.000000 0.244770 0.325129 8.556715
4.000000 0.687192 0.685423 9.242801
4.000000 0.250073 0.798911 8.458881
4.000000 0.437500 0.084536 9.363550
4.000000 0.444815 0.670744 7.860629
4.000000 0.687500 0.077338 10.291488
4.000000 0.091506 0.908494 9.879890
4.000000 0.908494 0.091506 12.286448
4.000000 0.908494 0.908494 12.507821
4.000000 0.090759 0.090759 10.689332
4.000000 0.175240 0.625000 8.466255
4.000000 0.175240 0.500000 8.499323
4.000000 0.175110 0.382001 8.753041
4.000000 0.175452 0.739793 8.657389
4.000000 0.707292 0.790330 9.759826
0.733041 0.000000 0.884435 100.271233
2.730225 0.000000 0.107608 33.518284
1.133287 0.000000 0.115483 87.876610
2.066666 0.000000 0.885013 54.434994
3.131827 0.000000 0.110960 22.877506
1.533334 0.000000 0.115472 75.288803
2.466667 0.000000 0.884530 40.374523
3.399089 0.000000 0.882905 17.187914
0.466286 0.000000 0.115164 102.899292
0.114931 0.000000 0.556573 110.391739
3.893360 0.000000 0.439379 10.814613
2.865535 0.000000 0.883559 28.553015
2.330241 0.000000 0.108524 46.599438
1.942441 0.000000 0.117495 60.614136
1.400000 0.000000 0.884707 79.670364
3.530059 0.000000 0.107374 15.507756
0.733084 0.000000 0.110760 97.650253
3.132170 0.000000 0.882853 22.198736
1.133072 0.000000 0.884652 88.966270
1.666666 0.000000 0.884530 69.643303
0.466241 0.000000 0.884838 105.619736
3.664781 0.000000 0.877668 13.514003
0.108009 0.000000 0.321767 110.319748
3.899553 0.000000 0.690327 10.763722
3.791452 0.000000 0.113093 12.569444
0.205999 0.000000 0.888198 109.554916
0.195916 0.000000 0.124055 108.233780
0.333785 0.000000 0.884791 107.717529
0.399720 0.000000 0.770657 106.336838
0.532297 0.000000 0.770092 104.075279
0.465527 0.000000 0.656447 104.856606
0.597929 0.000000 0.655426 102.446381
0.530938 0.000000 0.541799 103.290047
0.663109 0.000000 0.540758 100.743752
0.596290 0.000000 0.431224 101.657639
0.728745 0.000000 0.431461 98.976219
0.795573 0.000000 0.540865 97.858681
0.861445 0.000000 0.431013 95.952736
0.928390 0.000000 0.540766 94.584961
0.459755 0.000000 0.433968 104.160355
0.994379 0.000000 0.430639 92.557129
1.061412 0.000000 0.540338 90.920540
1.127439 0.000000 0.426827 88.786507
1.194562 0.000000 0.539264 86.892029
1.260668 0.000000 0.428878 84.684135
1.327798 0.000000 0.539119 82.546326
1.393930 0.000000 0.428901 80.283081
1.461074 0.000000 0.538704 77.940247
1.527199 0.000000 0.425050 75.645454
1.594371 0.000000 0.537688 73.139595
1.660523 0.000000 0.427257 70.830429
1.727686 0.000000 0.537407 68.209045
1.793843 0.000000 0.427286 65.905922
1.861008 0.000000 0.537087 63.215286
1.927167 0.000000 0.426829 60.936672
1.994333 0.000000 0.536630 58.221630
2.060470 0.000000 0.420885 55.993977
2.127633 0.000000 0.536247 53.287090
2.193792 0.000000 0.419073 51.117897
2.260957 0.000000 0.535476 48.464352
2.327118 0.000000 0.418587 46.365601
2.395170 0.000000 0.534591 43.771255
2.460595 0.000000 0.417952 41.780994
2.528699 0.000000 0.534464 39.303181
2.593984 0.000000 0.417418 37.412968
2.661634 0.000000 0.533755 35.092869
2.727250 0.000000 0.416810 33.297291
2.794441 0.000000 0.531969 31.153364
2.860457 0.000000 0.415928 29.460178
2.927663 0.000000 0.531115 27.489931
2.993780 0.000000 0.415291 25.919514
3.060965 0.000000 0.530450 24.133686
3.127121 0.000000 0.414479 22.697285
3.194213 0.000000 0.529755 21.102758
3.260314 0.000000 0.413954 19.810863
3.327317 0.000000 0.528909 18.408384
3.393425 0.000000 0.413791 17.268784
3.460158 0.000000 0.528181 16.057575
3.525955 0.000000 0.413637 15.085756
3.592116 0.000000 0.527646 14.059113
0.930080 0.000000 0.314710 93.894547
1.329757 0.000000 0.313791 82.327469
1.728822 0.000000 0.310849 68.406731
2.126601 0.000000 0.304029 53.734566
2.526591 0.000000 0.301956 39.758266
2.926563 0.000000 0.300119 27.792625
3.327029 0.000000 0.298751 18.602596
2.729932 0.000000 0.651159 32.808655
3.526802 0.000000 0.641913 15.009907
2.330694 0.000000 0.653033 45.703125
1.928190 0.000000 0.651097 60.417397
3.261046 0.000000 0.646326 19.643108
2.994836 0.000000 0.646218 25.615421
0.996427 0.000000 0.654419 92.974693
1.528234 0.000000 0.652896 75.403702
1.262938 0.000000 0.653709 84.725372
3.655389 0.000000 0.412361 13.293601
0.333952 0.000000 0.657353 107.012947
3.656872 0.000000 0.640372 13.224422
0.663909 0.000000 0.314977 99.882774
3.591245 0.000000 0.305086 14.275990
3.698406 0.000000 0.311293 12.926117
3.594720 0.000000 0.757539 14.146324
3.719820 0.000000 0.755530 12.620214
3.802511 0.000000 0.873260 12.077969
3.658719 0.000000 0.194503 13.641759
3.462428 0.000000 0.760181 16.064903
3.713131 0.000000 0.520322 12.521213
0.268848 0.000000 0.771371 108.348213
0.124892 0.000000 0.787877 110.536400
0.201388 0.000000 0.664817 109.114960
0.255147 0.000000 0.547794 107.967125
0.180487 0.000000 0.436793 109.023613
0.317581 0.000000 0.440307 106.623634
3.531281 0.000000 0.879715 15.200997
3.328218 0.000000 0.767777 18.342752
0.332663 0.000000 0.116279 105.436661
0.419232 0.000000 0.228809 104.161354
0.557359 0.000000 0.219502 101.579582
0.288986 0.000000 0.232661 106.572289
0.599706 0.000000 0.884771 103.158669
0.603872 0.000000 0.107934 100.250717
0.393817 0.000000 0.546278 105.680183
3.459616 0.000000 0.305786 16.246830
3.393802 0.000000 0.184340 17.524353
3.239756 0.000000 0.198413 20.446098
3.190003 0.000000 0.307332 21.392729
0.665385 0.000000 0.769658 101.459045
0.798529 0.000000 0.769308 98.430077
3.059315 0.000000 0.306763 24.403271
2.992628 0.000000 0.184328 26.173828
2.839249 0.000000 0.198928 30.282410
0.866014 0.000000 0.884691 96.939369
0.999511 0.000000 0.884723 93.152626
1.064556 0.000000 0.769401 91.110703
0.866580 0.000000 0.109712 94.698654
0.798263 0.000000 0.227574 96.700485
0.999946 0.000000 0.109561 91.444130
1.066619 0.000000 0.230922 90.058723
1.220544 0.000000 0.219079 85.592873
1.270082 0.000000 0.108352 83.841644
3.128107 0.000000 0.645574 22.461737
3.063117 0.000000 0.763596 23.835279
2.928722 0.000000 0.761978 27.122873
1.400573 0.000000 0.109138 79.722679
1.466676 0.000000 0.230945 77.686165
1.620382 0.000000 0.218261 72.326942
1.984157 0.000000 0.303201 58.979046
2.052548 0.000000 0.194925 56.545128
2.192737 0.000000 0.188015 51.443619
2.393308 0.000000 0.308226 44.235855
2.439292 0.000000 0.201237 42.779602
2.592729 0.000000 0.186182 37.729828
2.333333 0.000000 0.884530 44.859650
2.399560 0.000000 0.768967 42.989693
2.532847 0.000000 0.769283 38.587589
2.265271 0.000000 0.769907 47.644882
2.196567 0.000000 0.652852 50.470917
2.464083 0.000000 0.652560 41.156265
2.199767 0.000000 0.885235 49.565769
2.599919 0.000000 0.884567 36.140762
2.665230 0.000000 0.769146 34.468018
2.732529 0.000000 0.884598 32.202454
1.266385 0.000000 0.884717 84.453888
1.331582 0.000000 0.769215 82.309692
1.533333 0.000000 0.884737 74.711815
1.600000 0.000000 0.769060 72.509468
1.733331 0.000000 0.769061 67.464272
1.799999 0.000000 0.884557 64.532829
1.933333 0.000000 0.884643 59.444477
1.999553 0.000000 0.768976 57.371025
3.000000 0.000000 0.884530 25.181488
1.801519 0.000000 0.110481 65.768135
1.863901 0.000000 0.229491 63.478447
2.659994 0.000000 0.307204 35.489914
2.259962 0.000000 0.309804 48.909389
1.670317 0.000000 0.107199 70.490440
2.862236 0.000000 0.648793 29.066343
2.062767 0.000000 0.652253 55.378479
2.789954 0.000000 0.309847 31.586452
1.866200 0.000000 0.768974 62.409897
3.196554 0.000000 0.765495 20.903696
1.794864 0.000000 0.651238 65.450623
3.394328 0.000000 0.645548 17.153080
1.662103 0.000000 0.652032 70.446144
3.896419 0.000000 0.317413 11.053745
3.898439 0.000000 0.565053 10.677835
1.465943 0.000000 0.769640 77.486320
1.396261 0.000000 0.653881 80.146751
1.197828 0.000000 0.769079 86.871658
0.730478 0.000000 0.654942 99.693581
1.129281 0.000000 0.653915 89.032364
0.863453 0.000000 0.655042 96.537994
0.931415 0.000000 0.769597 94.979416
3.264894 0.000000 0.883172 19.536531
2.797656 0.000000 0.768939 30.623972
2.597071 0.000000 0.651728 36.851841
2.131765 0.000000 0.769039 52.463577
0.095206 0.000000 0.192924 110.554695
3.901255 0.000000 0.190283 11.456549
3.785311 0.000000 0.634058 11.758254
3.783604 0.000000 0.392491 11.874637
3.902367 0.000000 0.812500 11.020109
0.228068 0.000000 0.336934 107.953270
0.388007 0.000000 0.342687 105.099586
0.090768 0.000000 0.675018 110.944771
0.521627 0.000000 0.333996 102.681892
0.671297 0.000000 0.196150 99.266022
0.796488 0.000000 0.343947 97.171165
0.932297 0.000000 0.198496 93.452271
1.062426 0.000000 0.348355 90.486259
1.177909 0.000000 0.327975 87.097786
1.337526 0.000000 0.196261 81.907822
3.799751 0.000000 0.249988 12.037601
1.462203 0.000000 0.347307 77.916756
1.577634 0.000000 0.326611 73.867096
1.736988 0.000000 0.195256 68.130493
1.859578 0.000000 0.339531 63.562256
2.081078 0.000000 0.092997 55.537685
2.200811 0.000000 0.077907 51.202202
3.666667 0.000000 0.081537 13.869360
2.323108 0.000000 0.223161 46.771645
0.098887 0.000000 0.903132 111.088043
0.077407 0.000000 0.437500 111.023994
2.482599 0.000000 0.096207 41.389538
2.601111 0.000000 0.078000 37.527264
3.526688 0.000000 0.219418 15.332974
2.722430 0.000000 0.221954 33.669792
2.882573 0.000000 0.095187 29.150370
3.398106 0.000000 0.074258 17.624077
3.001405 0.000000 0.078095 26.031805
3.122706 0.000000 0.221559 22.983543
3.274900 0.000000 0.087272 19.864981
0.089414 0.000000 0.089117 110.694344
3.907993 0.000000 0.089530 11.866668
3.914309 0.000000 0.912152 11.290137
3.816852 0.000000 0.500000 11.430158
3.822332 0.000000 0.756349 11.572146
1.962550 0.000000 0.210652 59.848850
0.179351 0.000000 0.244373 108.746902
0.733041 1.000000 0.884435 78.048447
2.730225 1.000000 0.107608 34.656590
1.133287 1.000000 0.115483 73.208435
2.066666 1.000000 0.885013 51.232029
3.131827 1.000000 0.110960 25.943401
1.533334 1.000000 0.115472 64.816963
2.466667 1.000000 0.884530 41.467567
3.399089 1.000000 0.882905 22.204082
0.466286 1.000000 0.115164 79.979263
0.114931 1.000000 0.556573 79.504509
3.893360 1.000000 0.439379 13.891681
2.865535 1.000000 0.883559 32.407768
2.330241 1.000000 0.108524 44.528389
1.942441 1.000000 0.117495 54.595928
1.400000 1.000000 0.884707 66.874649
3.530059 1.000000 0.107374 18.937016
0.733084 1.000000 0.110760 78.661461
3.132170 1.000000 0.882853 27.001009
1.133072 1.000000 0.884652 72.143471
1.666666 1.000000 0.884530 60.905807
0.466241 1.000000 0.884838 80.184731
3.664781 1.000000 0.877668 18.020786
0.108009 1.000000 0.321767 78.849342
3.899553 1.000000 0.690327 14.174049
3.791452 1.000000 0.113093 15.408842
0.205999 1.000000 0.888198 80.593491
0.195916 1.000000 0.124055 79.106735
0.333785 1.000000 0.884791 80.605782
0.399720 1.000000 0.770657 80.382942
0.532297 1.000000 0.770092 79.814857
0.465527 1.000000 0.656447 80.128700
0.597929 1.000000 0.655426 79.405586
0.530938 1.000000 0.541799 79.835365
0.663109 1.000000 0.540758 78.951714
0.596290 1.000000 0.431224 79.493080
0.728745 1.000000 0.431461 78.435577
0.795573 1.000000 0.540865 77.624947
0.861445 1.000000 0.431013 76.938736
0.928390 1.000000 0.540766 75.892632
0.459755 1.000000 0.433968 80.086876
0.994379 1.000000 0.430639 75.044785
1.061412 1.000000 0.540338 73.800194
1.127439 1.000000 0.426827 72.806747
1.194562 1.000000 0.539264 71.394981
1.260668 1.000000 0.428878 70.257370
1.327798 1.000000 0.539119 68.721458
1.393930 1.000000 0.428901 67.458427
1.461074 1.000000 0.538704 65.826790
1.527199 1.000000 0.425050 64.458237
1.594371 1.000000 0.537688 62.754787
1.660523 1.000000 0.427257 61.286694
1.727686 1.000000 0.537407 59.544979
1.793843 1.000000 0.427286 57.998001
1.861008 1.000000 0.537087 56.238106
1.927167 1.000000 0.426829 54.629890
1.994333 1.000000 0.536630 52.871742
2.060470 1.000000 0.420885 51.222996
2.127633 1.000000 0.536247 49.482349
2.193792 1.000000 0.419073 47.805908
2.260957 1.000000 0.535476 46.102783
2.327118 1.000000 0.418587 44.415234
2.395170 1.000000 0.534591 42.742294
2.460595 1.000000 0.417952 41.078552
2.528699 1.000000 0.534464 39.469997
2.593984 1.000000 0.417418 37.828915
2.661634 1.000000 0.533755 36.306610
2.727250 1.000000 0.416810 34.689983
2.794441 1.000000 0.531969 33.260193
2.860457 1.000000 0.415928 31.679495
2.927663 1.000000 0.531115 30.337980
2.993780 1.000000 0.415291 28.809290
3.060965 1.000000 0.530450 27.560619
3.127121 1.000000 0.414479 26.093315
3.194213 1.000000 0.529755 24.940228
3.260314 1.000000 0.413954 23.544481
3.327317 1.000000 0.528909 22.484379
3.393425 1.000000 0.413791 21.168119
3.460158 1.000000 0.528181 20.199244
3.525955 1.000000 0.413637 18.977631
3.592116 1.000000 0.527646 18.097048
0.930080 1.000000 0.314710 76.160370
1.329757 1.000000 0.313791 69.015892
1.728822 1.000000 0.310849 59.752502
2.126601 1.000000 0.304029 49.592964
2.526591 1.000000 0.301956 39.453072
2.926563 1.000000 0.300119 30.176672
3.327029 1.000000 0.298751 22.249908
2.729932 1.000000 0.651159 34.883389
3.526802 1.000000 0.641913 19.354204
2.330694 1.000000 0.653033 44.428993
1.928190 1.000000 0.651097 54.529881
3.261046 1.000000 0.646326 23.918047
2.994836 1.000000 0.646218 29.115358
0.996427 1.000000 0.654419 74.720428
1.528234 1.000000 0.652896 64.191101
1.262938 1.000000 0.653709 69.908257
3.655389 1.000000 0.412361 17.013336
0.333952 1.000000 0.657353 80.383995
3.656872 1.000000 0.640372 17.356632
0.663909 1.000000 0.314977 79.080421
3.591245 1.000000 0.305086 17.912247
3.698406 1.000000 0.311293 16.374313
3.594720 1.000000 0.757539 18.624149
3.719820 1.000000 0.755530 16.775785
3.802511 1.000000 0.873260 16.073341
3.658719 1.000000 0.194503 16.981297
3.462428 1.000000 0.760181 20.727606
3.713131 1.000000 0.520322 16.308834
0.268848 1.000000 0.771371 80.492447
0.124892 1.000000 0.787877 80.127922
0.201388 1.000000 0.664817 80.174316
0.255147 1.000000 0.547794 80.146400
0.180487 1.000000 0.436793 79.635529
0.317581 1.000000 0.440307 80.146019
3.531281 1.000000 0.879715 20.046087
3.328218 1.000000 0.767777 23.033411
0.332663 1.000000 0.116279 79.829521
0.419232 1.000000 0.228809 80.053726
0.557359 1.000000 0.219502 79.749893
0.288986 1.000000 0.232661 79.814430
0.599706 1.000000 0.884771 79.321884
0.603872 1.000000 0.107934 79.560356
0.393817 1.000000 0.546278 80.256348
3.459616 1.000000 0.305786 19.980177
3.393802 1.000000 0.184340 21.083422
3.239756 1.000000 0.198413 23.832731
3.190003 1.000000 0.307332 24.791775
0.665385 1.000000 0.769658 78.802170
0.798529 1.000000 0.769308 77.378151
3.059315 1.000000 0.306763 27.383780
2.992628 1.000000 0.184328 28.763123
2.839249 1.000000 0.198928 32.104694
0.866014 1.000000 0.884691 76.404991
0.999511 1.000000 0.884723 74.421173
1.064556 1.000000 0.769401 73.463234
0.866580 1.000000 0.109712 77.261734
0.798263 1.000000 0.227574 77.913376
0.999946 1.000000 0.109561 75.430344
1.066619 1.000000 0.230922 74.172379
1.220544 1.000000 0.219079 71.395988
1.270082 1.000000 0.108352 70.612640
3.128107 1.000000 0.645574 26.433905
3.063117 1.000000 0.763596 27.997711
2.928722 1.000000 0.761978 30.748764
1.400573 1.000000 0.109138 67.854034
1.466676 1.000000 0.230945 66.150162
1.620382 1.000000 0.218261 62.555096
1.984157 1.000000 0.303201 53.273628
2.052548 1.000000 0.194925 51.623638
2.192737 1.000000 0.188015 47.988373
2.393308 1.000000 0.308226 42.766590
2.439292 1.000000 0.201237 41.667274
2.592729 1.000000 0.186182 37.883362
2.333333 1.000000 0.884530 44.680965
2.399560 1.000000 0.768967 42.875851
2.532847 1.000000 0.769283 39.669502
2.265271 1.000000 0.769907 46.175716
2.196567 1.000000 0.652852 47.779984
2.464083 1.000000 0.652560 41.151070
2.199767 1.000000 0.885235 47.952072
2.599919 1.000000 0.884567 38.334236
2.665230 1.000000 0.769146 36.575287
2.732529 1.000000 0.884598 35.316681
1.266385 1.000000 0.884717 69.618446
1.331582 1.000000 0.769215 68.389931
1.533333 1.000000 0.884737 63.960587
1.600000 1.000000 0.769060 62.469440
1.733331 1.000000 0.769061 59.318607
1.799999 1.000000 0.884557 57.743946
1.933333 1.000000 0.884643 54.508385
1.999553 1.000000 0.768976 52.788040
3.000000 1.000000 0.884530 29.611305
1.801519 1.000000 0.110481 58.232483
1.863901 1.000000 0.229491 56.452732
2.659994 1.000000 0.307204 36.232670
2.259962 1.000000 0.309804 46.155094
1.670317 1.000000 0.107199 61.529526
2.862236 1.000000 0.648793 31.934816
2.062767 1.000000 0.652253 51.148426
2.789954 1.000000 0.309847 33.212612
1.866200 1.000000 0.768974 56.087605
3.196554 1.000000 0.765495 25.420671
1.794864 1.000000 0.651238 57.839474
3.394328 1.000000 0.645548 21.552288
1.662103 1.000000 0.652032 61.058842
3.896419 1.000000 0.317413 13.899172
3.898439 1.000000 0.565053 13.934525
1.465943 1.000000 0.769640 65.509094
1.396261 1.000000 0.653881 67.129196
1.197828 1.000000 0.769079 71.053368
0.730478 1.000000 0.654942 78.239891
1.129281 1.000000 0.653915 72.459961
0.863453 1.000000 0.655042 76.662445
0.931415 1.000000 0.769597 75.586143
3.264894 1.000000 0.883172 24.538483
2.797656 1.000000 0.768939 33.591564
2.597071 1.000000 0.651728 37.963722
2.131765 1.000000 0.769039 49.493179
0.095206 1.000000 0.192924 78.384834
3.901255 1.000000 0.190283 14.042453
3.785311 1.000000 0.634058 15.525912
3.783604 1.000000 0.392491 15.241737
3.902367 1.000000 0.812500 14.526010
0.228068 1.000000 0.336934 79.702538
0.388007 1.000000 0.342687 80.123680
0.090768 1.000000 0.675018 79.656136
0.521627 1.000000 0.333996 79.882759
0.671297 1.000000 0.196150 79.097534
0.796488 1.000000 0.343947 77.812492
0.932297 1.000000 0.198496 76.287300
1.062426 1.000000 0.348355 74.060188
1.177909 1.000000 0.327975 72.030037
1.337526 1.000000 0.196261 69.054771
3.799751 1.000000 0.249988 15.094479
1.462203 1.000000 0.347307 66.061211
1.577634 1.000000 0.326611 63.410992
1.736988 1.000000 0.195256 59.719082
1.859578 1.000000 0.339531 56.427704
2.081078 1.000000 0.092997 51.021957
2.200811 1.000000 0.077907 47.919094
3.666667 1.000000 0.081537 17.022089
2.323108 1.000000 0.223161 44.596600
0.098887 1.000000 0.903132 80.299522
0.077407 1.000000 0.437500 78.901550
2.482599 1.000000 0.096207 40.676399
2.601111 1.000000 0.078000 37.768688
3.526688 1.000000 0.219418 18.907654
2.722430 1.000000 0.221954 34.775692
2.882573 1.000000 0.095187 31.191568
3.398106 1.000000 0.074258 21.086693
3.001405 1.000000 0.078095 28.633081
3.122706 1.000000 0.221559 26.089600
3.274900 1.000000 0.087272 23.235971
0.089414 1.000000 0.089117 78.036125
3.907993 1.000000 0.089530 14.236267
3.914309 1.000000 0.912152 14.789241
3.816852 1.000000 0.500000 14.881368
3.822332 1.000000 0.756349 15.369111
1.962550 1.000000 0.210652 53.938644
0.179351 1.000000 0.244373 79.230820
0.733041 0.884435 0.000000 63.903870
2.731122 0.109834 0.000000 25.709972
1.133299 0.115471 0.000000 64.045807
2.066667 0.115470 0.000000 41.722389
3.131823 0.111047 0.000000 17.944416
1.533327 0.884527 0.000000 52.448097
2.466952 0.883184 0.000000 33.037685
3.399087 0.882906 0.000000 17.475662
0.464594 0.112994 0.000000 74.544701
0.116922 0.554763 0.000000 15.298315
3.893373 0.439379 0.000000 9.569155
2.865674 0.884069 0.000000 25.567734
1.933332 0.884529 0.000000 44.280540
1.666667 0.110202 0.000000 52.946766
1.133299 0.884515 0.000000 59.369068
3.529893 0.107335 0.000000 13.139215
0.738401 0.107652 0.000000 72.142342
3.132168 0.882853 0.000000 21.153286
2.200000 0.884530 0.000000 38.639717
1.400001 0.110334 0.000000 59.414921
2.346194 0.112938 0.000000 34.702454
0.466241 0.884838 0.000000 65.052406
3.664778 0.877667 0.000000 14.510426
0.116137 0.315608 0.000000 33.551098
3.899588 0.690145 0.000000 10.730499
3.791449 0.113092 0.000000 11.483200
0.205999 0.888198 0.000000 64.692253
0.208879 0.110301 0.000000 78.887856
0.333785 0.884791 0.000000 64.882942
0.399720 0.770657 0.000000 49.205059
0.532297 0.770092 0.000000 49.071827
0.464940 0.656391 0.000000 32.344482
0.597831 0.655417 0.000000 32.107273
0.530236 0.541732 0.000000 15.228309
0.662942 0.540816 0.000000 15.244683
0.594661 0.425889 0.000000 12.057386
0.728446 0.430584 0.000000 11.728021
0.795496 0.540729 0.000000 15.228092
0.861382 0.430846 0.000000 11.912223
0.928367 0.540715 0.000000 15.099294
0.455571 0.425422 0.000000 12.019810
0.994365 0.430601 0.000000 12.077117
1.061405 0.540324 0.000000 14.822608
1.127438 0.426825 0.000000 12.463136
1.194557 0.539002 0.000000 14.360253
1.260663 0.428833 0.000000 12.180825
1.327791 0.539028 0.000000 13.973784
1.393921 0.428878 0.000000 11.969775
1.461065 0.538728 0.000000 13.495518
1.527209 0.428419 0.000000 11.699063
1.594363 0.538076 0.000000 12.948076
1.660515 0.427941 0.000000 11.348188
1.727676 0.537661 0.000000 12.404960
1.793832 0.427383 0.000000 10.945251
1.860996 0.537194 0.000000 11.859586
1.927156 0.426919 0.000000 10.502914
1.994321 0.536634 0.000000 11.327118
2.060465 0.422754 0.000000 10.253930
2.127647 0.535615 0.000000 10.801375
2.193808 0.425128 0.000000 9.650949
2.260979 0.535435 0.000000 10.371422
2.327116 0.419588 0.000000 9.447829
2.394304 0.533495 0.000000 9.905444
2.460442 0.417934 0.000000 9.086214
2.527633 0.532490 0.000000 9.551792
2.593773 0.417117 0.000000 8.745056
2.660966 0.532214 0.000000 9.288696
2.727105 0.416482 0.000000 8.470374
2.794298 0.531656 0.000000 9.074879
2.860437 0.415880 0.000000 8.278044
2.927629 0.531057 0.000000 8.922023
2.993807 0.415278 0.000000 8.174912
3.060948 0.530442 0.000000 8.831985
3.127083 0.414689 0.000000 8.162848
3.194196 0.529787 0.000000 8.805100
3.260298 0.414166 0.000000 8.238549
3.327304 0.528948 0.000000 8.840282
3.393244 0.413753 0.000000 8.396032
3.460152 0.528249 0.000000 8.942717
3.525748 0.413562 0.000000 8.625892
3.592080 0.527425 0.000000 9.107541
0.930089 0.314681 0.000000 29.208910
1.862139 0.310559 0.000000 22.073782
2.526579 0.301987 0.000000 15.408390
2.926650 0.300095 0.000000 11.897863
3.326530 0.298927 0.000000 9.893258
2.728968 0.648850 0.000000 14.551513
3.526787 0.641886 0.000000 10.573585
1.794854 0.651698 0.000000 23.047497
3.261034 0.646338 0.000000 11.462975
1.394928 0.653471 0.000000 27.028498
2.994815 0.646196 0.000000 12.733249
0.996422 0.654408 0.000000 30.248959
2.329736 0.649452 0.000000 17.791492
2.061505 0.650488 0.000000 20.346039
3.655349 0.412092 0.000000 8.915657
0.332745 0.657748 0.000000 32.316193
3.656900 0.639928 0.000000 10.353975
0.654923 0.318695 0.000000 29.551025
1.329754 0.313779 0.000000 26.850103
1.596374 0.313325 0.000000 24.525448
2.259917 0.303173 0.000000 18.268843
3.590991 0.304961 0.000000 9.466397
3.698343 0.311214 0.000000 9.482823
3.594718 0.757460 0.000000 12.531347
3.719857 0.755259 0.000000 11.896244
3.802515 0.873221 0.000000 13.351495
3.658642 0.194484 0.000000 10.799420
3.462419 0.760169 0.000000 13.415413
3.713196 0.519984 0.000000 9.278150
0.268472 0.771742 0.000000 48.987907
0.124575 0.788297 0.000000 50.399185
0.200927 0.664990 0.000000 32.809216
0.254433 0.547863 0.000000 15.175678
0.187603 0.429354 0.000000 12.113264
0.323058 0.426124 0.000000 12.057451
0.393497 0.542547 0.000000 15.004892
0.388066 0.312147 0.000000 31.942392
0.258079 0.315489 0.000000 32.154408
0.331516 0.195143 0.000000 57.152805
0.523153 0.316799 0.000000 30.394152
0.565192 0.211926 0.000000 51.358234
3.531278 0.879700 0.000000 15.862399
3.328209 0.767782 0.000000 14.668761
0.599706 0.884771 0.000000 64.720093
3.459234 0.305746 0.000000 9.515286
3.392885 0.184099 0.000000 12.346064
3.239626 0.198686 0.000000 13.190308
0.665369 0.769657 0.000000 48.572681
0.798527 0.769308 0.000000 47.750122
3.190023 0.307533 0.000000 10.149624
3.059464 0.306873 0.000000 10.785515
2.992788 0.184374 0.000000 16.622826
2.839439 0.199270 0.000000 18.021021
0.866014 0.884691 0.000000 62.767250
0.999549 0.884701 0.000000 61.236759
1.064831 0.769239 0.000000 45.367008
1.199963 0.769077 0.000000 43.802094
0.867502 0.109191 0.000000 69.894981
0.819154 0.218984 0.000000 47.821480
1.000125 0.109470 0.000000 67.659424
1.066619 0.230899 0.000000 43.182907
1.220548 0.219070 0.000000 43.494312
3.128095 0.645572 0.000000 12.019634
3.063107 0.763591 0.000000 17.063210
2.928710 0.761975 0.000000 18.478163
2.789951 0.308857 0.000000 12.537557
1.266647 0.884750 0.000000 57.295624
1.399992 0.884788 0.000000 54.977558
1.466666 0.769058 0.000000 40.261421
1.599992 0.769063 0.000000 38.313255
1.270091 0.107488 0.000000 62.811958
1.666663 0.884608 0.000000 49.820305
1.799999 0.884621 0.000000 47.086327
1.866667 0.769059 0.000000 34.208767
1.999551 0.768810 0.000000 32.095043
2.659381 0.308449 0.000000 13.684470
2.592715 0.186178 0.000000 22.972767
2.453692 0.193051 0.000000 24.992926
2.066592 0.884488 0.000000 41.455139
2.133333 0.769060 0.000000 30.019873
2.265230 0.766706 0.000000 27.789356
2.194840 0.650759 0.000000 19.114677
2.398606 0.766347 0.000000 25.766930
2.332909 0.883461 0.000000 35.784576
2.533727 0.767497 0.000000 23.896593
2.600007 0.884517 0.000000 30.503513
2.664922 0.767805 0.000000 22.101688
3.000000 0.884530 0.000000 23.312006
1.533334 0.108467 0.000000 56.567272
1.464709 0.226202 0.000000 38.893566
2.202143 0.109492 0.000000 38.818436
2.153689 0.215577 0.000000 28.433943
2.000000 0.230940 0.000000 29.452972
1.933334 0.110086 0.000000 45.950821
1.800000 0.108311 0.000000 49.752831
1.731229 0.225421 0.000000 34.752804
2.596284 0.649153 0.000000 15.556791
2.398620 0.307466 0.000000 16.362015
2.862181 0.648704 0.000000 13.640153
1.928560 0.651290 0.000000 21.702486
3.196547 0.765498 0.000000 15.788210
1.732884 0.769242 0.000000 36.311813
3.394317 0.645562 0.000000 10.977351
1.661532 0.651539 0.000000 24.322544
3.896419 0.317414 0.000000 9.812902
2.732656 0.884813 0.000000 28.006414
3.898521 0.564840 0.000000 9.889580
1.528780 0.652380 0.000000 25.676365
1.332461 0.769651 0.000000 42.186176
1.261663 0.652484 0.000000 28.042454
0.730418 0.654927 0.000000 31.674637
1.129807 0.654089 0.000000 29.283707
0.863425 0.655006 0.000000 31.101814
0.931461 0.769559 0.000000 46.723289
3.264891 0.883173 0.000000 19.242775
2.462840 0.648688 0.000000 16.598295
2.797910 0.769196 0.000000 20.437174
3.784201 0.633731 0.000000 10.230874
0.103048 0.186373 0.000000 62.229385
3.901254 0.190283 0.000000 10.556290
3.783632 0.392392 0.000000 9.282929
3.902368 0.812500 0.000000 11.988611
0.092311 0.673943 0.000000 33.346077
0.454504 0.229802 0.000000 48.433403
0.607769 0.101555 0.000000 75.327766
0.788043 0.330131 0.000000 27.043871
0.334331 0.083688 0.000000 83.491066
0.936698 0.196645 0.000000 51.066166
1.062424 0.348336 0.000000 23.066217
1.177908 0.327957 0.000000 25.712641
1.337021 0.195375 0.000000 45.906372
3.799738 0.249971 0.000000 10.053105
1.462393 0.342120 0.000000 21.766428
1.598462 0.196723 0.000000 41.220840
1.728818 0.340926 0.000000 19.803720
1.865341 0.197063 0.000000 36.110500
1.995300 0.345591 0.000000 16.960474
2.110530 0.323860 0.000000 17.987459
3.666667 0.081536 0.000000 12.601486
2.265183 0.190049 0.000000 28.926830
0.098887 0.903132 0.000000 65.727043
2.487656 0.095577 0.000000 32.673870
0.080694 0.436196 0.000000 11.912694
2.602299 0.078318 0.000000 31.150496
3.526329 0.219325 0.000000 10.820783
2.722522 0.222518 0.000000 18.314749
0.697071 0.213338 0.000000 49.994781
2.882780 0.095625 0.000000 23.352129
3.397889 0.074270 0.000000 15.433485
3.001478 0.078209 0.000000 21.881222
3.274792 0.087450 0.000000 16.691771
3.122745 0.221702 0.000000 13.462893
0.092007 0.089530 0.000000 86.385139
0.202414 0.222134 0.000000 52.570065
3.907993 0.089530 0.000000 11.409564
3.914310 0.912144 0.000000 13.208055
3.816171 0.503668 0.000000 9.449391
3.822326 0.756350 0.000000 11.556367
2.356956 0.213535 0.000000 24.957811
0.733034 0.884434 1.000000 62.867008
2.730249 0.107721 1.000000 24.412125
1.133299 0.884514 1.000000 57.902905
2.066666 0.115470 1.000000 39.989529
3.131828 0.111130 1.000000 17.237364
1.533327 0.884527 1.000000 51.429054
2.466935 0.883209 1.000000 33.740036
3.399086 0.882977 1.000000 19.108965
0.460869 0.113829 1.000000 77.354691
0.116925 0.554765 1.000000 16.930819
3.893366 0.439401 1.000000 9.502764
0.866667 0.115470 1.000000 71.294846
2.865657 0.884091 1.000000 26.819532
1.933332 0.884530 1.000000 44.029709
1.400000 0.110332 1.000000 59.664627
3.529904 0.107518 1.000000 12.959450
3.132162 0.882935 1.000000 22.680786
2.200000 0.884530 1.000000 38.892384
2.346198 0.113044 1.000000 32.846874
1.666667 0.110216 1.000000 52.097107
1.133333 0.110456 1.000000 66.590691
0.466239 0.884837 1.000000 65.043228
3.664763 0.877832 1.000000 15.916650
0.116153 0.315611 1.000000 33.124401
3.899548 0.690192 1.000000 11.201266
3.791437 0.113175 1.000000 11.147728
0.206000 0.888198 1.000000 66.348740
0.208901 0.110315 1.000000 80.295128
0.333785 0.884791 1.000000 65.635780
0.399721 0.770661 1.000000 49.235413
0.532291 0.770096 1.000000 48.420326
0.464934 0.656407 1.000000 31.660776
0.597796 0.655440 1.000000 30.870205
0.530207 0.541782 1.000000 14.085325
0.662874 0.540873 1.000000 13.800402
0.594627 0.425978 1.000000 13.485844
0.455579 0.425485 1.000000 13.179860
0.728397 0.425822 1.000000 13.800156
0.795396 0.540446 1.000000 13.653758
0.861360 0.430132 1.000000 13.423820
0.928303 0.540607 1.000000 13.619777
0.994325 0.430436 1.000000 13.415061
1.061359 0.540343 1.000000 13.545458
1.127444 0.430154 1.000000 13.301122
1.194530 0.539618 1.000000 13.402841
1.260653 0.429563 1.000000 13.049077
1.327770 0.539331 1.000000 13.257586
1.393913 0.429130 1.000000 12.632254
1.461047 0.538908 1.000000 13.039966
1.527204 0.428581 1.000000 12.108416
1.594348 0.538213 1.000000 12.740203
1.660513 0.428088 1.000000 11.500485
1.727662 0.537812 1.000000 12.415456
1.793831 0.427539 1.000000 10.858155
1.860984 0.537356 1.000000 12.054155
1.927155 0.427086 1.000000 10.215543
1.994310 0.536808 1.000000 11.677461
2.060466 0.422949 1.000000 9.791469
2.127636 0.535784 1.000000 11.287472
2.193809 0.425319 1.000000 9.151543
2.260968 0.535612 1.000000 10.992863
2.327118 0.419809 1.000000 8.918588
2.394294 0.533722 1.000000 10.664624
2.460444 0.418178 1.000000 8.667065
2.527623 0.532738 1.000000 10.465875
2.593775 0.417379 1.000000 8.536141
2.660956 0.532482 1.000000 10.374923
2.727108 0.416759 1.000000 8.537691
2.794288 0.531939 1.000000 10.335253
2.860439 0.416170 1.000000 8.646818
2.927619 0.531355 1.000000 10.341845
2.993810 0.415582 1.000000 8.826378
3.060939 0.530754 1.000000 10.373897
3.127085 0.415007 1.000000 9.036679
3.194186 0.530113 1.000000 10.407054
3.260301 0.414498 1.000000 9.242345
3.327294 0.529287 1.000000 10.416687
3.393247 0.414099 1.000000 9.413740
3.460142 0.528602 1.000000 10.389551
3.525752 0.413922 1.000000 9.529189
3.592072 0.527792 1.000000 10.306338
0.659967 0.310207 1.000000 33.593983
1.862144 0.310672 1.000000 21.362961
2.526593 0.302242 1.000000 14.168899
2.926664 0.300392 1.000000 11.394278
3.326544 0.299266 1.000000 10.195551
2.728941 0.649063 1.000000 15.883634
3.526766 0.642247 1.000000 12.133713
1.794830 0.651878 1.000000 22.929213
3.261026 0.646630 1.000000 13.227204
1.394898 0.653615 1.000000 25.998888
2.994793 0.646501 1.000000 14.362741
0.996365 0.654410 1.000000 28.551041
2.329717 0.649585 1.000000 18.593470
2.061483 0.650695 1.000000 20.739660
3.655344 0.412461 1.000000 9.570524
0.332746 0.657754 1.000000 32.420990
3.656868 0.640295 1.000000 11.631812
1.063241 0.314475 1.000000 30.455103
1.329758 0.313942 1.000000 27.827011
1.596374 0.313401 1.000000 24.586039
2.259931 0.303401 1.000000 16.950804
3.591005 0.305294 1.000000 9.822587
3.698318 0.311500 1.000000 9.695953
3.594696 0.757791 1.000000 14.053165
3.719815 0.755498 1.000000 13.135233
3.802486 0.873270 1.000000 14.420521
3.658639 0.194718 1.000000 10.758070
3.462405 0.760455 1.000000 15.097861
3.713155 0.520285 1.000000 10.117605
0.268473 0.771744 1.000000 49.895874
0.124575 0.788298 1.000000 52.531883
0.200929 0.664994 1.000000 33.963867
0.254437 0.547870 1.000000 15.543068
0.187623 0.429357 1.000000 12.173085
0.323087 0.426149 1.000000 12.763794
0.393498 0.542575 1.000000 14.446989
0.388126 0.312221 1.000000 33.616631
0.258125 0.315518 1.000000 32.990471
0.328643 0.196684 1.000000 58.752457
0.524007 0.315444 1.000000 32.863506
0.578315 0.194587 1.000000 57.815544
0.718337 0.202926 1.000000 54.826332
3.531270 0.879842 1.000000 17.440966
3.328223 0.767920 1.000000 16.393145
0.599703 0.884771 1.000000 64.114349
3.459249 0.306060 1.000000 9.937392
3.392912 0.184445 1.000000 12.234686
3.239640 0.198923 1.000000 12.902032
0.665341 0.769664 1.000000 47.434700
0.798483 0.769318 1.000000 46.308868
3.190035 0.307812 1.000000 10.294671
3.059477 0.307146 1.000000 10.646214
2.992814 0.184678 1.000000 15.784434
2.839307 0.199112 1.000000 16.937157
0.865989 0.884698 1.000000 61.456871
0.999530 0.884707 1.000000 59.789104
1.064796 0.769252 1.000000 43.782291
1.199967 0.769075 1.000000 42.324009
3.128073 0.645890 1.000000 13.747264
3.063091 0.763814 1.000000 18.668062
2.928676 0.762273 1.000000 19.957314
2.789938 0.309040 1.000000 11.774227
1.266648 0.884764 1.000000 55.912140
1.399993 0.884804 1.000000 53.750305
1.464953 0.769066 1.000000 39.239418
1.599993 0.769063 1.000000 37.543911
1.666663 0.884624 1.000000 49.046539
1.799999 0.884640 1.000000 46.573143
1.866667 0.769059 1.000000 34.006538
1.999999 0.769060 1.000000 32.177399
2.659390 0.308676 1.000000 12.660620
2.592741 0.186441 1.000000 21.443102
2.453710 0.193278 1.000000 23.358335
2.066666 0.884530 1.000000 41.464291
2.133333 0.769060 1.000000 30.334999
2.265216 0.766757 1.000000 28.339476
2.194816 0.650748 1.000000 19.705376
2.398581 0.766419 1.000000 26.530222
2.332900 0.883486 1.000000 36.270870
2.533672 0.767524 1.000000 24.854151
2.600026 0.884486 1.000000 31.398693
2.664896 0.767856 1.000000 23.240288
3.000000 0.884530 1.000000 24.712757
1.266667 0.108640 1.000000 63.564034
1.198086 0.226743 1.000000 43.851551
1.800000 0.109227 1.000000 48.364258
1.731231 0.225619 1.000000 34.086239
1.933333 0.109063 1.000000 44.527946
2.000000 0.230940 1.000000 28.190958
2.153335 0.216648 1.000000 26.817272
2.205478 0.107149 1.000000 37.128658
1.533333 0.108484 1.000000 56.216862
1.464705 0.226267 1.000000 39.192627
1.000000 0.109621 1.000000 69.828285
0.951649 0.219844 1.000000 48.762867
2.596259 0.649324 1.000000 16.719032
2.398629 0.307700 1.000000 15.057722
2.862153 0.648919 1.000000 15.129762
0.787557 0.320182 1.000000 31.245083
1.928559 0.651398 1.000000 21.845972
3.196540 0.765679 1.000000 17.481441
1.732882 0.769327 1.000000 35.835670
3.394309 0.645857 1.000000 12.694786
3.896391 0.317476 1.000000 9.471404
2.732641 0.884803 1.000000 29.086962
1.661507 0.651614 1.000000 23.901573
3.898487 0.564910 1.000000 10.101331
1.529457 0.653413 1.000000 25.053095
1.331347 0.768976 1.000000 40.825897
1.261625 0.652534 1.000000 26.720970
0.730356 0.654900 1.000000 30.096537
1.129774 0.654205 1.000000 27.743082
0.863356 0.654944 1.000000 29.377289
0.931420 0.769555 1.000000 45.140022
3.265398 0.884290 1.000000 20.881248
2.462816 0.648856 1.000000 17.585737
2.797865 0.769213 1.000000 21.742859
3.784129 0.634002 1.000000 11.086521
0.103051 0.186375 1.000000 62.144329
3.901229 0.190307 1.000000 10.023883
3.783592 0.392540 1.000000 9.511973
3.902264 0.812500 1.000000 12.633238
0.092311 0.673945 1.000000 35.552017
0.455992 0.226553 1.000000 51.531948
0.661150 0.109038 1.000000 76.093742
0.333016 0.084166 1.000000 85.906601
0.922713 0.332723 1.000000 28.337164
1.069262 0.196228 1.000000 51.500778
1.195836 0.342975 1.000000 24.752108
1.331843 0.197185 1.000000 46.473953
3.799672 0.250040 1.000000 9.885402
1.462391 0.342264 1.000000 22.326427
1.598462 0.196797 1.000000 40.915367
1.728819 0.341064 1.000000 19.541510
1.865342 0.197104 1.000000 35.002476
1.995303 0.345704 1.000000 16.114929
2.110474 0.324160 1.000000 16.865335
3.666667 0.081746 1.000000 12.377833
2.265783 0.189906 1.000000 27.275803
0.098887 0.903132 1.000000 68.273010
2.487664 0.095701 1.000000 30.868584
3.526342 0.219607 1.000000 10.903412
2.602131 0.077972 1.000000 29.486853
0.080701 0.436197 1.000000 11.449039
2.722325 0.222198 1.000000 17.097795
2.882617 0.095326 1.000000 22.159893
3.397897 0.074413 1.000000 15.098317
3.001452 0.078227 1.000000 20.874546
3.274797 0.087610 1.000000 16.200665
3.122759 0.221938 1.000000 13.027921
0.835215 0.214783 1.000000 51.171764
0.762050 0.101008 1.000000 76.329903
0.092007 0.089530 1.000000 86.608139
0.202020 0.222366 1.000000 53.315239
3.907993 0.089530 1.000000 10.809155
3.914283 0.912154 1.000000 13.898679
3.817016 0.500000 1.000000 9.846905
3.822286 0.756287 1.000000 12.456979
0.575281 0.086576 1.000000 82.553108
2.358997 0.212459 1.000000 23.418785
0.985244 0.499998 0.499999 9.959694
1.923932 0.500000 0.499991 8.744758
3.007712 0.500029 0.500027 8.136684
3.506191 0.495303 0.495298 8.098384
0.490122 0.491733 0.500000 8.947546
2.460713 0.500000 0.500060 8.125755
1.454588 0.466336 0.466333 9.321265
2.734230 0.349425 0.657119 10.388900
2.734195 0.657101 0.349396 14.790072
2.192342 0.659827 0.347498 19.447313
2.192302 0.347807 0.660823 14.436510
1.244984 0.657943 0.657894 27.546869
0.734921 0.661360 0.661363 31.412745
1.664223 0.657709 0.657721 24.087448
3.257072 0.340142 0.667804 8.815170
3.257066 0.667672 0.339819 11.913440
3.262181 0.330036 0.330182 8.892805
0.735327 0.636958 0.330869 28.344011
0.740439 0.330756 0.645000 28.585537
1.221153 0.328078 0.655483 26.405151
1.221144 0.655342 0.328130 27.891605
3.693446 0.314372 0.316961 8.321931
2.788522 0.675279 0.675241 15.829390
2.144067 0.674444 0.674069 21.334055
1.688058 0.328779 0.654334 21.671953
2.780364 0.330074 0.330090 11.271610
3.688518 0.313677 0.682135 8.361489
1.688052 0.654385 0.328760 23.667776
2.230401 0.330199 0.331271 15.977499
3.285547 0.670333 0.670006 12.439598
3.683488 0.683645 0.312548 10.237950
0.306320 0.314372 0.316961 32.273708
3.680585 0.684531 0.684541 10.737377
1.711609 0.331674 0.323030 21.110203
0.783647 0.319978 0.327447 29.632559
0.317387 0.684156 0.684069 36.485371
0.309442 0.313506 0.688227 32.885754
1.197639 0.322503 0.333239 26.986433
0.301462 0.699254 0.369221 38.692032
2.494411 0.709069 0.709804 20.567636
2.463901 0.278415 0.721201 17.056679
1.941429 0.733140 0.264380 29.065416
2.463832 0.721065 0.277659 21.343576
2.505267 0.281896 0.281894 16.905905
0.990948 0.733403 0.733395 39.835606
1.461604 0.738488 0.462949 35.742523
2.992917 0.729584 0.270605 16.167774
2.992962 0.270610 0.729587 12.093836
1.460702 0.463702 0.738424 9.661814
1.970073 0.263405 0.373769 26.067051
1.942229 0.261643 0.723139 26.293337
0.975030 0.738982 0.383955 41.322552
1.455108 0.261927 0.293935 33.827248
0.979183 0.390416 0.739786 18.159019
3.042141 0.596785 0.744180 11.328266
0.556467 0.744815 0.488833 44.949677
1.902262 0.589938 0.745906 15.606329
3.021292 0.400785 0.259081 8.069557
3.472354 0.459481 0.750125 8.479672
3.472402 0.750102 0.459044 12.913218
0.545357 0.406359 0.257527 14.953825
0.562896 0.488417 0.748609 8.811945
2.023174 0.487032 0.253150 8.397423
0.994789 0.244486 0.505719 42.648045
0.994783 0.505687 0.244485 10.758744
3.041595 0.247705 0.464573 12.746837
3.089108 0.743890 0.520026 16.117649
3.525878 0.489739 0.242134 8.105288
1.927710 0.752217 0.548440 30.982302
3.756868 0.474852 0.500000 7.914756
3.467895 0.245401 0.456455 9.702372
0.576956 0.253451 0.463481 43.835880
1.454581 0.247562 0.595561 36.240349
0.241349 0.471171 0.500000 8.155023
1.454585 0.595563 0.247563 18.899864
0.516341 0.719200 0.243825 41.531860
2.327577 0.530885 0.760598 9.873734
1.454695 0.752309 0.752220 37.287392
2.362586 0.754755 0.503079 25.153437
0.536468 0.244520 0.750581 46.665657
0.535478 0.758296 0.758296 46.811668
2.388616 0.492048 0.240313 8.048021
0.992513 0.233847 0.234795 44.001759
2.389580 0.239966 0.492284 21.645166
2.571770 0.488558 0.767532 8.192015
2.626278 0.481568 0.230064 7.761505
3.466715 0.228411 0.693757 10.169395
2.627042 0.229578 0.481749 18.816423
2.599175 0.772688 0.506615 23.220118
3.788903 0.237857 0.500036 8.567243
0.211025 0.237857 0.500036 49.225452
3.468342 0.715203 0.228626 11.969527
3.240338 0.494025 0.493944 8.088234
1.216696 0.495372 0.495468 9.693638
0.230490 0.520867 0.232762 11.484019
3.486792 0.261786 0.225964 9.580612
3.476608 0.766144 0.766138 14.075472
1.693612 0.496157 0.496122 9.041854
3.773039 0.777219 0.499033 11.313311
2.865692 0.782858 0.488415 20.318256
2.236189 0.526859 0.527112 9.456976
2.683272 0.532784 0.532780 9.128903
0.712213 0.502873 0.506889 9.995998
3.781837 0.500436 0.223542 8.415192
2.851573 0.487888 0.788139 8.428000
3.773756 0.500400 0.777740 8.695741
1.804061 0.502641 0.213122 9.353443
0.784868 0.786225 0.486057 49.430859
1.796259 0.209503 0.501251 35.752548
1.798244 0.785335 0.785443 36.308201
1.159984 0.785027 0.497283 45.321957
1.166355 0.496887 0.785829 9.936319
0.789921 0.490318 0.786773 9.319158
0.225568 0.501775 0.780731 9.551260
0.864959 0.207855 0.775560 51.746189
2.840667 0.539267 0.203746 9.035378
2.300851 0.783301 0.783515 28.608526
2.094245 0.495309 0.788223 8.669415
2.144802 0.213791 0.495043 28.450920
1.093407 0.213248 0.786187 47.740856
3.141827 0.788030 0.788009 18.018673
2.279004 0.208283 0.791388 25.847525
1.556685 0.213706 0.785986 39.575226
0.864948 0.793805 0.205145 50.250252
1.679236 0.492039 0.794923 9.311152
1.721377 0.788154 0.495182 37.742760
1.274113 0.482487 0.209207 9.652827
1.353570 0.784638 0.215240 43.242065
2.837712 0.211689 0.526604 16.854683
3.205799 0.501521 0.213022 8.085448
3.260597 0.202494 0.502976 12.297711
3.121066 0.215164 0.215160 13.487808
0.621571 0.204818 0.243165 53.099598
0.209424 0.793885 0.202823 52.139423
1.274231 0.202886 0.491748 46.417206
0.209277 0.792657 0.536551 52.446217
1.343127 0.212486 0.787283 43.774918
1.593040 0.200511 0.442407 41.031345
3.260589 0.505285 0.800399 9.068768
2.311286 0.200947 0.197338 26.900595
3.803332 0.800690 0.800698 12.254578
2.129150 0.792118 0.499416 31.656734
2.278032 0.794197 0.208970 29.519653
1.051083 0.714750 0.177374 37.725948
0.792307 0.484860 0.200568 9.507046
2.961630 0.794874 0.679518 20.077976
1.561418 0.419993 0.206582 12.101100
2.911823 0.231460 0.198484 15.145309
0.731959 0.807719 0.807731 52.487041
2.009665 0.789753 0.789726 33.551556
1.562927 0.770742 0.206688 38.584507
3.808064 0.196120 0.790359 9.309562
1.260351 0.804833 0.804265 46.218933
0.793988 0.200603 0.494804 53.231518
2.679265 0.201978 0.201909 20.228722
2.097242 0.216050 0.207255 29.384687
2.664987 0.793484 0.793624 24.147354
2.731483 0.194638 0.794841 19.059490
1.286516 0.197834 0.197956 46.658062
3.175717 0.203238 0.800477 13.091900
3.175598 0.800478 0.203180 17.169014
2.731141 0.794768 0.194517 22.623646
1.760944 0.201129 0.797155 37.206097
3.283914 0.801864 0.514981 16.278135
1.762706 0.799597 0.197528 38.641399
1.844872 0.210526 0.210791 34.805454
0.197698 0.194376 0.198557 59.003548
3.801064 0.803321 0.197049 11.700693
0.424113 0.200188 0.198095 55.533569
0.393504 0.317600 0.507585 31.574986
0.193011 0.190039 0.798036 60.591480
2.094304 0.403831 0.458100 10.828992
0.408331 0.536571 0.323023 13.946457
1.427564 0.604937 0.604409 19.697952
0.188744 0.773957 0.809923 50.123940
2.203188 0.540473 0.189573 10.433706
1.346751 0.815425 0.601579 46.500950
1.346325 0.602322 0.815718 19.840815
0.907783 0.662891 0.572467 30.745707
0.385038 0.500526 0.665856 9.402216
1.860443 0.412562 0.816774 11.362370
3.643596 0.632513 0.495582 9.631653
2.833239 0.500083 0.411357 8.027846
3.631757 0.495233 0.646291 8.340441
3.356541 0.500244 0.337771 8.057876
3.825967 0.188952 0.327858 9.204042
3.086676 0.419988 0.810361 8.321283
3.615897 0.186099 0.560718 9.958322
2.604008 0.407396 0.407862 8.637681
3.470102 0.640310 0.618806 10.667680
1.621916 0.200342 0.199793 40.432327
0.675223 0.809052 0.186852 53.830399
1.565215 0.815850 0.606776 43.195202
0.990487 0.563290 0.820642 16.198627
0.619779 0.568163 0.185279 18.712509
0.431683 0.609112 0.817737 24.506948
0.430792 0.818468 0.611246 55.991959
3.581795 0.822715 0.597547 13.991470
3.086833 0.578269 0.343177 9.833358
3.581817 0.597799 0.822820 10.270856
2.089527 0.181799 0.819762 32.405003
1.070452 0.584151 0.647235 18.773695
3.616943 0.184713 0.805099 10.348413
2.015222 0.645395 0.416838 19.735605
2.111014 0.706891 0.181906 24.523537
0.960822 0.368136 0.368153 20.902884
0.370182 0.821515 0.821514 56.643353
3.306500 0.228741 0.175536 11.413606
0.664080 0.829083 0.621406 56.214649
0.994599 0.828266 0.572542 52.922024
0.345022 0.663761 0.188019 33.299187
0.520356 0.624934 0.627904 26.848894
2.016842 0.412124 0.638134 10.539572
0.663943 0.622535 0.829076 25.706875
1.310381 0.823352 0.393001 48.306129
2.909809 0.370963 0.594642 8.915555
2.560659 0.589043 0.368879 11.973755
2.560855 0.368617 0.588578 10.415449
1.616650 0.819748 0.819748 42.789070
0.652832 0.171004 0.610775 61.221558
0.417586 0.176485 0.625521 61.965950
0.426219 0.380414 0.819705 20.156082
3.825150 0.622541 0.413403 8.960389
1.313856 0.391633 0.826226 16.821480
0.561805 0.363037 0.611297 22.887947
1.971921 0.183600 0.556860 35.352921
1.109727 0.375325 0.177952 19.054720
2.901731 0.691298 0.822670 16.190830
3.365343 0.322834 0.818909 9.187802
3.620985 0.352186 0.481772 7.960720
2.365650 0.405903 0.628753 9.337249
1.806833 0.470589 0.640788 8.616970
3.373082 0.400796 0.183080 7.999354
3.118474 0.184570 0.622097 14.434142
0.675817 0.347067 0.818511 26.182943
0.376609 0.418114 0.178627 13.162235
3.127066 0.472025 0.637970 8.075521
2.365258 0.606307 0.383300 14.029788
0.173464 0.618792 0.588193 26.303576
1.128344 0.177376 0.610595 53.623219
3.605421 0.369536 0.832116 8.692060
3.827253 0.323393 0.187715 8.684419
3.828414 0.614373 0.598205 8.993175
3.358801 0.821399 0.332360 15.873916
2.608377 0.183384 0.658735 22.160748
1.538703 0.605961 0.823366 19.300739
2.608272 0.824018 0.329363 26.265526
0.847610 0.382717 0.508664 19.083370
2.708586 0.599300 0.823345 12.744059
3.604704 0.167201 0.369853 10.463663
0.374944 0.177823 0.802869 62.393291
0.839946 0.662701 0.808536 30.805407
1.180927 0.821874 0.263528 50.229824
2.608467 0.658379 0.183156 15.819631
0.838929 0.809062 0.662164 51.871483
0.354906 0.612480 0.520545 25.322468
1.620505 0.588885 0.172878 17.303751
3.603928 0.833523 0.370317 13.704087
1.137826 0.672419 0.820008 30.163258
2.274780 0.168591 0.613952 30.231157
0.673260 0.166022 0.832230 62.747314
2.247156 0.383278 0.830922 11.119725
0.850815 0.509281 0.381491 10.780252
1.834556 0.644480 0.435694 21.200813
3.416554 0.364352 0.583979 8.149849
0.163993 0.410733 0.354105 14.954122
1.104538 0.173760 0.379633 54.271473
3.032973 0.584233 0.170511 10.145343
2.688482 0.366252 0.830990 9.804852
3.362473 0.580885 0.169676 9.388893
1.302391 0.487996 0.657646 9.487951
3.831769 0.405951 0.642342 7.898187
2.912265 0.166242 0.368729 18.455515
1.866997 0.829437 0.397320 39.642128
3.621163 0.803544 0.193740 12.946093
3.704645 0.181551 0.185082 10.129267
2.090507 0.821607 0.322997 34.952236
3.166670 0.827658 0.380878 18.405207
0.428384 0.196611 0.378405 56.717953
1.302482 0.659518 0.487971 27.486843
0.565863 0.602061 0.379879 23.538235
2.938946 0.646102 0.580250 13.245691
3.315832 0.827708 0.827671 17.650867
0.811025 0.188278 0.189812 54.672718
1.916312 0.369753 0.169609 15.104614
1.869935 0.411291 0.353246 11.455496
0.165700 0.399781 0.640031 16.723997
1.143395 0.822975 0.670796 50.212601
2.394710 0.381900 0.381995 10.757345
3.835266 0.406181 0.360185 7.918112
3.661970 0.512167 0.354342 8.171877
3.350028 0.173369 0.341128 12.442958
3.618540 0.361308 0.164601 8.406961
2.257873 0.836926 0.383804 33.225765
2.793635 0.386156 0.161978 9.007522
1.614450 0.169424 0.617704 45.218418
3.403853 0.610784 0.815736 10.967582
2.379856 0.613830 0.611364 14.668263
2.273554 0.378426 0.165069 11.914469
2.855206 0.833673 0.317284 22.961494
2.253799 0.834580 0.619471 33.209297
2.272542 0.165020 0.381516 31.041004
2.737643 0.829248 0.602560 24.804451
1.585839 0.512069 0.356176 10.094785
1.095668 0.627907 0.449142 24.849937
3.117690 0.396882 0.407416 7.969780
0.872045 0.502953 0.633066 10.011647
2.859087 0.317185 0.836607 11.046283
1.147648 0.492238 0.332581 9.769394
0.407752 0.828423 0.433726 57.443615
0.381026 0.835970 0.164047 58.440510
2.498335 0.834309 0.833669 29.388748
1.084262 0.838239 0.838280 52.781593
1.399057 0.367049 0.164562 18.914930
3.645026 0.593625 0.167949 9.272657
3.629889 0.831051 0.831108 14.476684
0.160462 0.366421 0.183080 22.940304
3.342980 0.637004 0.497080 10.833344
0.687198 0.470190 0.338109 8.960505
0.664046 0.793517 0.360326 51.514912
3.300620 0.169112 0.679939 12.957240
1.611514 0.651265 0.490352 23.844788
1.999028 0.846038 0.154029 39.057430
1.584957 0.359746 0.515735 18.758081
1.067595 0.377111 0.590931 19.596094
0.891675 0.625001 0.169625 26.235174
1.355258 0.398260 0.339369 15.234296
1.592160 0.827018 0.375521 44.233742
0.899719 0.837224 0.837234 54.870823
0.714347 0.332061 0.167549 27.280472
0.172643 0.581337 0.384818 20.215734
2.522336 0.161484 0.839872 25.083830
2.735779 0.164997 0.362256 21.591066
3.845316 0.844279 0.644806 12.087051
3.331779 0.504983 0.641602 8.534179
2.430457 0.409572 0.829490 8.903700
2.259638 0.355059 0.500771 13.452926
3.519603 0.610959 0.366391 9.543931
2.563252 0.828055 0.160893 27.312647
1.326665 0.364724 0.523335 19.995752
2.937464 0.638448 0.407148 12.656302
1.599742 0.498026 0.641406 9.365993
2.071421 0.566895 0.560078 12.608902
0.170312 0.810973 0.369735 54.649086
2.213578 0.641303 0.828615 18.284449
2.353633 0.644896 0.170079 16.985655
1.563855 0.375044 0.841894 17.168205
1.448505 0.157523 0.157794 50.545559
3.357684 0.829016 0.159321 16.119522
3.157584 0.162559 0.373149 15.011234
0.876622 0.178146 0.347107 56.487633
2.863394 0.166205 0.689579 18.862112
2.932812 0.362028 0.399718 9.147174
2.827963 0.518117 0.621926 8.724432
1.883839 0.344558 0.556341 17.813341
0.901647 0.160027 0.618079 60.601128
2.516422 0.160254 0.158526 26.441778
1.427731 0.165887 0.430651 49.842251
3.841780 0.356396 0.841927 8.585286
2.824051 0.843080 0.830717 24.778627
2.748843 0.375961 0.490269 9.298433
2.473798 0.838198 0.601044 29.645832
2.630095 0.615145 0.671061 13.522635
2.237757 0.497031 0.360271 8.216990
1.128092 0.550779 0.153426 15.366815
0.154235 0.209091 0.352526 56.142490
3.413219 0.832065 0.622109 16.048563
2.463259 0.600018 0.836850 13.827382
2.916069 0.832768 0.156331 22.002495
2.110007 0.162654 0.652722 34.505478
1.934140 0.598539 0.161233 16.270988
1.700600 0.655607 0.834883 23.715881
3.841258 0.641365 0.841381 10.059186
2.038854 0.342604 0.836313 16.164497
3.846274 0.845168 0.351496 11.834270
3.478734 0.388377 0.368104 7.853381
1.227726 0.683370 0.148301 31.952631
1.821460 0.633824 0.603028 20.226442
3.000500 0.833005 0.402315 20.870422
0.158023 0.353930 0.837465 25.255461
0.272049 0.845930 0.683007 60.146240
2.500265 0.396717 0.160765 9.659179
3.837176 0.155812 0.633849 9.250000
0.251887 0.162852 0.643851 66.398750
1.126047 0.161764 0.161759 55.698502
2.501054 0.160596 0.396583 26.493145
2.157753 0.844024 0.843859 35.993443
3.387439 0.156449 0.823089 12.607377
3.844454 0.652064 0.250877 9.466945
3.248511 0.668194 0.832251 13.146347
2.989711 0.831426 0.839294 21.864752
3.169828 0.838838 0.631320 19.217333
2.042475 0.836322 0.633856 37.125797
0.919095 0.373134 0.162657 19.835949
1.714203 0.372712 0.162237 16.227432
0.680192 0.150737 0.387016 64.673904
1.722344 0.845483 0.650805 43.768246
2.457543 0.836464 0.395552 29.646767
1.329622 0.148985 0.636540 54.918255
1.832071 0.160399 0.654313 41.384449
1.066381 0.853881 0.146112 56.125847
1.348183 0.559531 0.366657 15.052358
1.747580 0.166276 0.343652 42.843197
2.737472 0.686542 0.520316 16.549019
2.933075 0.148039 0.841450 18.556158
3.140298 0.364741 0.154228 8.666511
0.275036 0.641338 0.848579 29.977808
1.123646 0.356758 0.855424 22.933289
1.911070 0.157240 0.845218 39.448250
2.106213 0.376170 0.159028 13.183698
2.027720 0.635305 0.840640 19.171909
3.852576 0.143245 0.143245 10.269180
0.460855 0.555130 0.148586 16.841875
0.863329 0.853826 0.361843 58.148266
0.860915 0.355288 0.848962 24.382145
2.086350 0.149667 0.356367 37.044254
1.973228 0.144091 0.255892 40.548637
3.168544 0.614266 0.574083 11.022336
2.454995 0.156989 0.614735 27.393785
3.142915 0.335298 0.554175 9.131680
0.689973 0.660464 0.508681 31.747511
3.218112 0.652042 0.155645 11.632725
2.725859 0.841145 0.436649 25.471813
2.526402 0.636999 0.550900 15.225335
3.412161 0.146562 0.568364 12.456133
0.700464 0.352540 0.458291 24.286188
0.158763 0.645925 0.156428 29.873308
0.693791 0.509214 0.663299 10.368372
0.436235 0.387837 0.371576 18.145464
1.143876 0.292958 0.479814 32.537590
0.739739 0.667565 0.157472 33.190994
2.844057 0.690982 0.152281 15.694416
2.972175 0.144888 0.576629 18.389803
1.887882 0.847264 0.669579 40.969120
1.904294 0.571511 0.314070 13.764790
1.767584 0.646345 0.156319 22.358046
1.719172 0.346677 0.841861 19.082468
1.373376 0.343060 0.689624 22.897301
0.311122 0.859858 0.308813 61.737335
1.217763 0.146607 0.855508 57.821133
1.561107 0.356955 0.360449 19.251009
0.532954 0.846857 0.134775 59.757202
2.979762 0.459317 0.703145 8.002042
0.140403 0.744631 0.668094 45.576778
2.230566 0.682046 0.544198 20.981052
1.466612 0.861735 0.861690 49.965164
0.853015 0.656036 0.428556 30.358500
3.699772 0.841306 0.694471 13.515090
3.301371 0.351214 0.479648 8.379592
0.893350 0.312631 0.638100 31.235956
2.487038 0.567915 0.146247 11.160950
2.723361 0.562809 0.139365 10.179666
1.537499 0.336504 0.692510 22.262585
2.409456 0.838409 0.137782 30.733980
0.465645 0.857774 0.292541 61.389194
1.032831 0.855505 0.298228 56.486832
1.755210 0.355998 0.470082 17.765574
1.447168 0.847086 0.322723 49.085640
2.078651 0.353859 0.309971 15.255639
2.200976 0.501838 0.675989 8.553081
1.763655 0.523371 0.360954 10.369443
3.221829 0.363354 0.859362 8.944752
0.337207 0.145389 0.494863 69.539368
1.537861 0.687436 0.339113 28.933298
1.255869 0.136889 0.348424 58.376728
3.135370 0.568731 0.863240 10.715382
0.536388 0.294809 0.151800 34.915436
0.133198 0.257058 0.623610 45.551685
2.645318 0.345967 0.160307 11.520169
3.698925 0.695324 0.835383 11.409715
2.151833 0.849019 0.141214 36.395271
0.532961 0.865397 0.865398 61.991474
2.546639 0.312133 0.848787 13.570745
1.991724 0.691273 0.673659 24.390211
0.294406 0.161682 0.312803 65.725853
1.997232 0.862895 0.469579 40.379425
1.807295 0.549303 0.857910 12.663352
1.347261 0.596404 0.139632 19.933861
1.460920 0.862428 0.138662 50.979286
3.549469 0.368375 0.656712 8.150041
3.694305 0.140804 0.682322 10.308195
3.855329 0.367499 0.503778 7.787001
3.047828 0.693192 0.865221 15.367612
2.715953 0.486684 0.719652 8.131202
0.308539 0.285007 0.142149 38.090389
0.977231 0.146333 0.855425 62.651703
2.935638 0.432777 0.138554 7.809164
2.994409 0.865578 0.549891 22.665503
2.982047 0.518275 0.859109 9.426341
0.532964 0.130925 0.864982 72.204491
1.453032 0.313013 0.457338 26.320261
0.976198 0.590083 0.366934 20.444481
1.252080 0.354735 0.131471 21.414085
2.477684 0.505224 0.650274 8.431164
3.017829 0.260677 0.315817 12.543464
1.383799 0.703367 0.338627 32.522606
0.300338 0.300946 0.853925 35.733501
1.468851 0.133031 0.693142 54.398865
1.450784 0.139298 0.861842 53.635586
3.499507 0.264424 0.857870 9.800545
1.887592 0.688546 0.859414 25.478493
1.740059 0.136419 0.134084 47.298092
1.885012 0.142023 0.400100 42.893414
3.499569 0.858480 0.264219 15.376033
0.442132 0.678415 0.417569 35.447388
0.143457 0.365267 0.501771 23.132502
0.132022 0.620050 0.870055 26.873363
2.401161 0.265279 0.856470 18.638575
3.099827 0.710852 0.665858 15.036098
2.722337 0.130164 0.577010 23.907782
2.566978 0.704651 0.863913 19.938326
1.450254 0.704647 0.133935 32.381760
2.605949 0.851898 0.669414 28.415949
2.952598 0.516010 0.323742 8.314460
2.641397 0.278206 0.341857 15.496314
2.695112 0.513837 0.357912 8.366664
0.490256 0.137761 0.500929 69.929863
0.939711 0.135288 0.135984 63.767597
0.753574 0.134155 0.712379 68.414398
2.423667 0.140261 0.272092 30.111534
1.733323 0.794983 0.342899 38.423653
3.046956 0.241812 0.866052 12.809688
1.432307 0.307766 0.858533 27.491457
0.544484 0.136678 0.132577 68.483421
0.122851 0.875005 0.624449 63.736160
2.093983 0.527043 0.376524 9.739501
0.635374 0.868159 0.483124 61.927170
0.346936 0.497132 0.866379 9.138672
1.901002 0.859306 0.859281 42.041698
3.557960 0.140160 0.164286 11.735427
1.050885 0.865737 0.442934 57.321747
3.712186 0.277251 0.860812 9.164669
0.574979 0.411672 0.411620 14.368614
1.966829 0.503495 0.860027 9.358716
3.858331 0.711651 0.700920 10.248741
2.475122 0.693904 0.425705 19.340893
2.405713 0.145583 0.752388 29.162773
0.648473 0.482224 0.866916 8.937600
3.386824 0.475247 0.867491 9.060620
3.503706 0.583223 0.131922 9.323322
3.064749 0.725185 0.142142 15.326079
0.992515 0.291850 0.857282 34.744213
2.074744 0.575497 0.129958 13.522344
1.025631 0.261846 0.667838 39.480034
1.458102 0.497807 0.139707 10.057244
2.506271 0.431901 0.302280 8.153976
1.242525 0.828088 0.131841 50.415062
3.871606 0.129542 0.480568 9.361663
2.506190 0.302014 0.430966 15.257380
0.959588 0.872040 0.709563 58.948414
0.996740 0.730510 0.877480 39.230537
2.424960 0.272977 0.139783 18.730713
1.460113 0.417571 0.601864 12.826009
1.417157 0.872254 0.490129 52.299015
1.331979 0.258459 0.370727 36.063343
0.144472 0.690386 0.293620 36.829906
2.605874 0.316566 0.716362 12.956811
1.416583 0.490683 0.872324 9.856215
0.302882 0.449087 0.370549 9.412880
2.365459 0.750414 0.657920 24.961603
3.004606 0.126429 0.716953 18.646200
2.480510 0.712164 0.133980 20.613470
1.160388 0.472429 0.644608 9.551527
1.080694 0.414299 0.433904 14.104768
1.065051 0.703310 0.567385 35.249424
3.758997 0.678153 0.136151 10.241772
3.404380 0.874661 0.484061 17.147043
3.875915 0.872685 0.499751 12.028698
3.061046 0.858420 0.272196 21.058664
2.804623 0.137848 0.137709 22.260595
3.724952 0.124198 0.437630 10.308026
0.688427 0.134430 0.136777 67.340828
0.916087 0.128362 0.479719 66.588837
0.130429 0.122584 0.488360 77.286629
2.583515 0.130767 0.282424 27.269350
0.534019 0.281315 0.328592 38.013752
1.001766 0.129165 0.715581 65.459671
1.544143 0.144370 0.313601 50.782337
0.465845 0.732665 0.879790 43.312569
3.464901 0.869551 0.869561 17.348204
3.115744 0.337871 0.695624 9.249338
1.369314 0.866154 0.733883 52.146984
1.521037 0.286316 0.127832 29.207422
2.066841 0.285545 0.592081 21.953896
1.824445 0.340019 0.698096 18.828138
0.123128 0.124347 0.637601 77.020538
1.369158 0.734687 0.865976 36.123856
3.718872 0.861998 0.294720 13.230886
1.218526 0.200220 0.718807 48.042355
2.037831 0.627726 0.276388 18.016764
1.383981 0.137905 0.284231 55.409805
3.863658 0.279647 0.693035 8.280471
0.465848 0.881236 0.732696 64.554916
1.116966 0.745727 0.366514 40.857086
0.136222 0.601720 0.726774 23.775476
3.398166 0.685741 0.355052 11.649602
3.215492 0.516840 0.354923 8.281331
0.923446 0.612275 0.706331 23.194357
2.384149 0.861525 0.276055 32.817043
1.650771 0.139272 0.861930 48.526863
2.902666 0.598391 0.713446 11.712568
2.359505 0.259022 0.318478 20.670433
2.406617 0.728639 0.862465 23.271759
0.267868 0.349468 0.560927 25.695086
3.072591 0.867819 0.129570 21.309462
1.922530 0.877421 0.268792 43.385555
0.137294 0.689481 0.470183 36.978973
1.522216 0.875603 0.728799 50.610741
1.836045 0.860192 0.537988 43.207527
3.180527 0.584105 0.712801 10.495420
1.733334 0.875895 0.875903 46.805313
0.531951 0.120479 0.684815 74.108559
1.648734 0.862877 0.139771 47.547718
1.979798 0.124773 0.700394 42.164368
1.488768 0.601319 0.440304 19.030981
2.862878 0.676616 0.292387 14.818000
3.496554 0.821825 0.126049 14.519100
2.328844 0.280229 0.680899 18.720800
3.880860 0.494815 0.126550 8.924012
3.080502 0.714850 0.381341 14.830507
0.127376 0.498537 0.133266 8.782265
0.603540 0.699064 0.134363 38.418259
0.620789 0.868934 0.748498 61.931358
3.028854 0.133735 0.133842 18.448200
2.330269 0.730455 0.324372 23.658005
0.249699 0.511031 0.633479 10.434456
3.482804 0.140576 0.300900 12.100394
3.294968 0.869381 0.692774 18.856630
2.412243 0.865720 0.725636 32.880257
0.620534 0.749396 0.869022 44.909035
1.763298 0.578816 0.721061 15.195518
1.829178 0.276365 0.379321 26.596655
1.875781 0.736891 0.138253 30.533279
3.530149 0.479086 0.876145 9.172333
0.124002 0.878023 0.138501 63.013992
0.438331 0.370475 0.679380 21.697750
3.880881 0.528491 0.315442 8.349224
3.009943 0.311461 0.133387 10.747862
2.840501 0.867022 0.692175 25.443565
0.746984 0.880766 0.285690 62.970898
2.760626 0.722554 0.871097 19.154108
0.321676 0.537819 0.124930 14.048569
1.261150 0.880212 0.512181 55.872395
3.327657 0.707778 0.224615 12.658881
0.619383 0.433782 0.139555 11.245289
0.493386 0.493681 0.871938 9.003177
3.875188 0.878752 0.878742 13.175618
1.180909 0.875542 0.393091 56.763924
2.203747 0.509228 0.874718 9.283746
2.881232 0.407432 0.269926 8.132011
0.323962 0.876267 0.537818 64.160164
1.528259 0.650086 0.690774 24.354437
2.278953 0.650153 0.704650 18.211939
0.132422 0.482459 0.880710 8.580532
3.127456 0.879779 0.504536 21.196053
1.969688 0.240926 0.154477 28.802469
3.520120 0.119514 0.484761 12.071168
3.665414 0.869321 0.492959 13.997035
1.681477 0.460549 0.266411 9.156877
0.880291 0.687137 0.294689 34.951374
2.201188 0.127357 0.259491 36.805317
1.866659 0.874860 0.121855 44.497566
1.521949 0.734112 0.877054 34.369125
0.452877 0.725252 0.120225 42.597763
3.734103 0.357281 0.562622 7.898787
3.007874 0.126782 0.273019 19.025543
2.154007 0.876304 0.707948 38.598534
2.327093 0.496773 0.115874 8.403412
0.889981 0.875271 0.495632 60.509018
0.801833 0.123279 0.867598 70.472168
3.208472 0.694739 0.467572 13.226259
3.239430 0.131344 0.258373 15.235985
0.891979 0.487098 0.878746 9.559835
3.103732 0.127631 0.496296 17.175478
1.506029 0.131300 0.539900 53.842472
1.266580 0.509703 0.879870 10.719789
0.128306 0.881627 0.476269 64.310211
3.887158 0.748543 0.561872 10.246605
1.660166 0.725958 0.117815 32.335300
1.468300 0.467081 0.297928 9.359403
1.955733 0.536217 0.629907 10.773899
0.546092 0.325294 0.863198 30.570057
3.557508 0.123838 0.695806 11.689102
1.817157 0.674580 0.282615 24.615955
0.799536 0.879991 0.120280 62.615765
3.875344 0.120985 0.875822 10.062172
3.420528 0.150250 0.177629 12.642242
0.767220 0.257210 0.878072 43.077740
1.346752 0.520802 0.531801 11.071159
2.648594 0.128025 0.881228 24.962479
3.535116 0.881618 0.714790 16.271460
3.126983 0.678159 0.256353 13.004876
3.535175 0.715043 0.881634 12.938533
2.748841 0.480157 0.879622 8.440144
3.019912 0.287474 0.595116 11.262066
2.369218 0.868002 0.867993 34.114426
3.669855 0.487733 0.870825 9.157403
2.328775 0.115778 0.497987 34.414108
0.368587 0.446952 0.541823 9.692050
0.568688 0.498910 0.610838 9.453663
3.877023 0.575532 0.722611 8.833148
3.373514 0.468119 0.470563 7.859807
0.277802 0.124225 0.882016 76.051132
3.867919 0.485737 0.874726 8.948564
2.588617 0.564551 0.880913 11.503483
3.884908 0.633096 0.121008 9.696362
0.111119 0.493339 0.500000 8.777118
2.204370 0.260752 0.125015 22.944590
0.509844 0.130925 0.284931 70.654716
0.994925 0.553878 0.117578 16.231384
2.234834 0.695735 0.123479 22.186684
3.880322 0.865680 0.115922 12.350513
1.687109 0.127593 0.509699 49.872662
0.255778 0.873914 0.873914 64.202820
1.998997 0.463201 0.114741 8.669164
0.839273 0.549108 0.510230 15.035449
2.855584 0.302623 0.700361 11.751986
1.093584 0.613898 0.300598 23.272287
3.196940 0.877790 0.877798 21.088713
3.879094 0.287103 0.400392 8.187321
0.312160 0.143070 0.131127 69.613556
1.235128 0.280527 0.835634 34.127659
3.398488 0.731637 0.881497 14.247471
3.488775 0.361947 0.121207 8.468185
2.982111 0.361409 0.875404 9.229495
2.092295 0.281527 0.726321 21.795954
0.550156 0.756602 0.624054 46.587151
2.834308 0.587219 0.880894 11.987291
1.676024 0.117905 0.728861 51.336246
2.323444 0.885596 0.493676 35.828636
0.669076 0.245685 0.722683 45.635689
0.119497 0.875861 0.860046 64.367477
3.074888 0.615991 0.475040 11.237633
3.724527 0.435040 0.116801 8.549068
1.163969 0.123367 0.491033 63.036304
1.960990 0.376924 0.448707 13.916852
1.111945 0.372467 0.721661 20.357746
3.874470 0.500317 0.444684 7.998243
0.331968 0.739983 0.561169 44.847427
0.534809 0.232707 0.589845 48.740826
3.269039 0.344910 0.116325 8.860353
1.017832 0.439677 0.867418 12.063032
1.675494 0.260588 0.537338 30.899782
3.132545 0.328641 0.289183 9.421143
1.455850 0.736732 0.616216 35.454197
0.934799 0.871027 0.118324 60.038189
0.653917 0.331229 0.289099 27.864546
1.913593 0.292773 0.852112 22.920582
0.122260 0.121198 0.122264 77.676826
2.157052 0.119708 0.129493 38.860371
0.600241 0.882106 0.276356 64.187279
2.835749 0.593663 0.509528 11.294752
2.328171 0.572796 0.888950 12.755174
1.170286 0.604832 0.559028 21.145912
2.827782 0.124511 0.270890 22.531237
3.562533 0.289362 0.333368 8.740999
3.067139 0.873703 0.713358 22.281507
0.550443 0.625335 0.758277 26.670038
3.748062 0.342592 0.433648 7.943719
2.728644 0.879398 0.300457 27.592737
1.019616 0.294707 0.116822 32.451954
2.198705 0.113098 0.740751 37.532356
