0.000000 0.000000 1.000000 0.012845
0.000000 0.000000 0.000000 0.013953
0.000000 1.000000 1.000000 0.013839
0.000000 1.000000 0.000000 0.013999
4.000000 0.000000 1.000000 1.286496
4.000000 0.000000 0.000000 1.283797
4.000000 1.000000 1.000000 1.309321
4.000000 1.000000 0.000000 1.308147
0.000000 0.000000 0.125000 0.013322
0.000000 0.000000 0.250000 0.012878
0.000000 0.000000 0.375000 0.012568
0.000000 0.000000 0.500000 0.012361
0.000000 0.000000 0.625000 0.012251
0.000000 0.000000 0.750000 0.012258
0.000000 0.000000 0.875000 0.012433
0.000000 0.125000 1.000000 0.009244
0.000000 0.250000 1.000000 0.006194
0.000000 0.375000 1.000000 0.003927
0.000000 0.500000 1.000000 0.003375
0.000000 0.625000 1.000000 0.004917
0.000000 0.750000 1.000000 0.007410
0.000000 0.875000 1.000000 0.010395
0.000000 1.000000 0.125000 0.013377
0.000000 1.000000 0.250000 0.012943
0.000000 1.000000 0.375000 0.012667
0.000000 1.000000 0.500000 0.012535
0.000000 1.000000 0.625000 0.012551
0.000000 1.000000 0.750000 0.012743
0.000000 1.000000 0.875000 0.013154
0.000000 0.125000 0.000000 0.010116
0.000000 0.250000 0.000000 0.006870
0.000000 0.375000 0.000000 0.004396
0.000000 0.500000 0.000000 0.003515
0.000000 0.625000 0.000000 0.004856
0.000000 0.750000 0.000000 0.007353
0.000000 0.875000 0.000000 0.010423
4.000000 0.000000 0.125000 1.285364
4.000000 0.000000 0.250000 1.286574
4.000000 0.000000 0.375000 1.287429
4.000000 0.000000 0.500000 1.287933
4.000000 0.000000 0.625000 1.288089
4.000000 0.000000 0.750000 1.287899
4.000000 0.000000 0.875000 1.287368
4.000000 0.125000 1.000000 1.280517
4.000000 0.250000 1.000000 1.277075
4.000000 0.375000 1.000000 1.276184
4.000000 0.500000 1.000000 1.277843
4.000000 0.625000 1.000000 1.282030
4.000000 0.750000 1.000000 1.288709
4.000000 0.875000 1.000000 1.297828
4.000000 1.000000 0.125000 1.309315
4.000000 1.000000 0.250000 1.310182
4.000000 1.000000 0.375000 1.310751
4.000000 1.000000 0.500000 1.311029
4.000000 1.000000 0.625000 1.311021
4.000000 1.000000 0.750000 1.310729
4.000000 1.000000 0.875000 1.310161
4.000000 0.125000 0.000000 1.278142
4.000000 0.250000 0.000000 1.275001
4.000000 0.375000 0.000000 1.274377
4.000000 0.500000 0.000000 1.276264
4.000000 0.625000 0.000000 1.280634
4.000000 0.750000 0.000000 1.287445
4.000000 0.875000 0.000000 1.296639
0.133333 0.000000 0.000000 0.026953
0.266667 0.000000 0.000000 0.041823
0.400000 0.000000 0.000000 0.058626
0.533333 0.000000 0.000000 0.077657
0.666667 0.000000 0.000000 0.099133
0.800000 0.000000 0.000000 0.123171
0.933333 0.000000 0.000000 0.149811
1.066667 0.000000 0.000000 0.179040
1.200000 0.000000 0.000000 0.210806
1.333333 0.000000 0.000000 0.245035
1.466667 0.000000 0.000000 0.281638
1.600000 0.000000 0.000000 0.320518
1.733333 0.000000 0.000000 0.361572
1.866667 0.000000 0.000000 0.404693
2.000000 0.000000 0.000000 0.449772
2.133333 0.000000 0.000000 0.496698
2.266667 0.000000 0.000000 0.545356
2.400000 0.000000 0.000000 0.595633
2.533333 0.000000 0.000000 0.647411
2.666667 0.000000 0.000000 0.700575
2.800000 0.000000 0.000000 0.755009
2.933333 0.000000 0.000000 0.810597
3.066667 0.000000 0.000000 0.867224
3.200000 0.000000 0.000000 0.924780
3.333333 0.000000 0.000000 0.983155
3.466667 0.000000 0.000000 1.042244
3.600000 0.000000 0.000000 1.101947
3.733333 0.000000 0.000000 1.162167
3.866667 0.000000 0.000000 1.222812
0.133333 0.000000 1.000000 0.025812
0.266667 0.000000 1.000000 0.040871
0.400000 0.000000 1.000000 0.057928
0.533333 0.000000 1.000000 0.077210
0.666667 0.000000 1.000000 0.098895
0.800000 0.000000 1.000000 0.123082
0.933333 0.000000 1.000000 0.149808
1.066667 0.000000 1.000000 0.179065
1.200000 0.000000 1.000000 0.210810
1.333333 0.000000 1.000000 0.244984
1.466667 0.000000 1.000000 0.281511
1.600000 0.000000 1.000000 0.320305
1.733333 0.000000 1.000000 0.361274
1.866667 0.000000 1.000000 0.404320
2.000000 0.000000 1.000000 0.449343
2.133333 0.000000 1.000000 0.496237
2.266667 0.000000 1.000000 0.544891
2.400000 0.000000 1.000000 0.595196
2.533333 0.000000 1.000000 0.647038
2.666667 0.000000 1.000000 0.700302
2.800000 0.000000 1.000000 0.754873
2.933333 0.000000 1.000000 0.810637
3.066667 0.000000 1.000000 0.867478
3.200000 0.000000 1.000000 0.925285
3.333333 0.000000 1.000000 0.983949
3.466667 0.000000 1.000000 1.043360
3.600000 0.000000 1.000000 1.103417
3.733333 0.000000 1.000000 1.164021
3.866667 0.000000 1.000000 1.225077
0.133333 1.000000 0.000000 0.028345
0.266667 1.000000 0.000000 0.044761
0.400000 1.000000 0.000000 0.063209
0.533333 1.000000 0.000000 0.083878
0.666667 1.000000 0.000000 0.106936
0.800000 1.000000 0.000000 0.132495
0.933333 1.000000 0.000000 0.160607
1.066667 1.000000 0.000000 0.191277
1.200000 1.000000 0.000000 0.224466
1.333333 1.000000 0.000000 0.260104
1.466667 1.000000 0.000000 0.298099
1.600000 1.000000 0.000000 0.338340
1.733333 1.000000 0.000000 0.380709
1.866667 1.000000 0.000000 0.425079
2.000000 1.000000 0.000000 0.471323
2.133333 1.000000 0.000000 0.519312
2.266667 1.000000 0.000000 0.568918
2.400000 1.000000 0.000000 0.620015
2.533333 1.000000 0.000000 0.672480
2.666667 1.000000 0.000000 0.726194
2.800000 1.000000 0.000000 0.781038
2.933333 1.000000 0.000000 0.836900
3.066667 1.000000 0.000000 0.893670
3.200000 1.000000 0.000000 0.951241
3.333333 1.000000 0.000000 1.009513
3.466667 1.000000 0.000000 1.068387
3.600000 1.000000 0.000000 1.127772
3.733333 1.000000 0.000000 1.187581
3.866667 1.000000 0.000000 1.247732
0.133333 1.000000 1.000000 0.028230
0.266667 1.000000 1.000000 0.044834
0.400000 1.000000 1.000000 0.063358
0.533333 1.000000 1.000000 0.083998
0.666667 1.000000 1.000000 0.106961
0.800000 1.000000 1.000000 0.132393
0.933333 1.000000 1.000000 0.160374
1.066667 1.000000 1.000000 0.190924
1.200000 1.000000 1.000000 0.224013
1.333333 1.000000 1.000000 0.259573
1.466667 1.000000 1.000000 0.297508
1.600000 1.000000 1.000000 0.337707
1.733333 1.000000 1.000000 0.380044
1.866667 1.000000 1.000000 0.424390
2.000000 1.000000 1.000000 0.470615
2.133333 1.000000 1.000000 0.518589
2.266667 1.000000 1.000000 0.568185
2.400000 1.000000 1.000000 0.619280
2.533333 1.000000 1.000000 0.671754
2.666667 1.000000 1.000000 0.725490
2.800000 1.000000 1.000000 0.780378
2.933333 1.000000 1.000000 0.836307
3.066667 1.000000 1.000000 0.893172
3.200000 1.000000 1.000000 0.950872
3.333333 1.000000 1.000000 1.009307
3.466667 1.000000 1.000000 1.068382
3.600000 1.000000 1.000000 1.128007
3.733333 1.000000 1.000000 1.188092
3.866667 1.000000 1.000000 1.248557
0.000000 0.558921 0.884220 0.002915
0.000000 0.564095 0.110725 0.003018
0.000000 0.108253 0.562500 0.009107
0.000000 0.891747 0.562500 0.009447
0.000000 0.118928 0.309042 0.009147
0.000000 0.892985 0.309892 0.009704
0.000000 0.309447 0.889324 0.004398
0.000000 0.326592 0.118154 0.004476
0.000000 0.800574 0.875940 0.007821
0.000000 0.796658 0.109485 0.007831
0.000000 0.108253 0.812500 0.009153
0.000000 0.891953 0.437065 0.009492
0.000000 0.783528 0.499928 0.006687
0.000000 0.784498 0.623258 0.006760
0.000000 0.676412 0.560468 0.004214
0.000000 0.676588 0.435313 0.004222
0.000000 0.566987 0.500000 0.001861
0.000000 0.561959 0.643375 0.001901
0.000000 0.458734 0.562500 0.000956
0.000000 0.458734 0.437500 0.001005
0.000000 0.350481 0.500000 0.003125
0.000000 0.348496 0.621562 0.003134
0.000000 0.351344 0.376495 0.003211
0.000000 0.458878 0.312749 0.001300
0.000000 0.246021 0.437954 0.005616
0.000000 0.344980 0.253919 0.003577
0.000000 0.452380 0.188105 0.001979
0.000000 0.226926 0.207145 0.006493
0.000000 0.566791 0.248428 0.002284
0.000000 0.676769 0.177740 0.004762
0.000000 0.682117 0.301484 0.004515
0.000000 0.786875 0.237557 0.007125
0.000000 0.242228 0.562500 0.005617
0.000000 0.249624 0.686052 0.005417
0.000000 0.358118 0.757010 0.003034
0.000000 0.892504 0.686188 0.009580
0.000000 0.793057 0.743115 0.007171
0.000000 0.105086 0.437350 0.009324
0.000000 0.437500 0.891747 0.002400
0.000000 0.496767 0.769275 0.001469
0.000000 0.617280 0.772431 0.003352
0.000000 0.681635 0.882089 0.005170
0.000000 0.108253 0.687500 0.009066
0.000000 0.785051 0.371576 0.006816
0.000000 0.568349 0.372579 0.001978
0.000000 0.105706 0.187500 0.009838
0.000000 0.899105 0.806456 0.010048
0.000000 0.189047 0.901538 0.007211
0.000000 0.897173 0.191133 0.010135
0.000000 0.187499 0.099272 0.007894
0.000000 0.244770 0.325129 0.005790
0.000000 0.687192 0.685423 0.004600
0.000000 0.250073 0.798911 0.005498
0.000000 0.437500 0.084536 0.002876
0.000000 0.444815 0.670744 0.001292
0.000000 0.687500 0.077338 0.005489
0.000000 0.091506 0.908494 0.009819
0.000000 0.908494 0.091506 0.010843
0.000000 0.908494 0.908494 0.010724
0.000000 0.090759 0.090759 0.010642
0.000000 0.175240 0.625000 0.007278
0.000000 0.175240 0.500000 0.007352
0.000000 0.175110 0.382001 0.007489
0.000000 0.175452 0.739793 0.007287
0.000000 0.707292 0.790330 0.005322
4.000000 0.558921 0.884220 1.280343
4.000000 0.564095 0.110725 1.279361
4.000000 0.108253 0.562500 1.282801
4.000000 0.891747 0.562500 1.301016
4.000000 0.118928 0.309042 1.281440
4.000000 0.892985 0.309892 1.300542
4.000000 0.309447 0.889324 1.277142
4.000000 0.326592 0.118154 1.275652
4.000000 0.800574 0.875940 1.292977
4.000000 0.796658 0.109485 1.291683
4.000000 0.108253 0.812500 1.282371
4.000000 0.891953 0.437065 1.300897
4.000000 0.783528 0.499928 1.292694
4.000000 0.784498 0.623258 1.292756
4.000000 0.676412 0.560468 1.286297
4.000000 0.676588 0.435313 1.286146
4.000000 0.566987 0.500000 1.281539
4.000000 0.561959 0.643375 1.281362
4.000000 0.458734 0.562500 1.278805
4.000000 0.458734 0.437500 1.278610
4.000000 0.350481 0.500000 1.277841
4.000000 0.348496 0.621562 1.277905
4.000000 0.351344 0.376495 1.277462
4.000000 0.458878 0.312749 1.278096
4.000000 0.246021 0.437954 1.278603
4.000000 0.344980 0.253919 1.276768
4.000000 0.452380 0.188105 1.277144
4.000000 0.226926 0.207145 1.277603
4.000000 0.566791 0.248428 1.280545
4.000000 0.676769 0.177740 1.284847
4.000000 0.682117 0.301484 1.285923
4.000000 0.786875 0.237557 1.291960
4.000000 0.242228 0.562500 1.278920
4.000000 0.249624 0.686052 1.278712
4.000000 0.358118 0.757010 1.277612
4.000000 0.892504 0.686188 1.300928
4.000000 0.793057 0.743115 1.293069
4.000000 0.105086 0.437350 1.282632
4.000000 0.437500 0.891747 1.277491
4.000000 0.496767 0.769275 1.279188
4.000000 0.617280 0.772431 1.283102
4.000000 0.681635 0.882089 1.285595
4.000000 0.108253 0.687500 1.282755
4.000000 0.785051 0.371576 1.292494
4.000000 0.568349 0.372579 1.281247
4.000000 0.105706 0.187500 1.280986
4.000000 0.899105 0.806456 1.301076
4.000000 0.189047 0.901538 1.279162
4.000000 0.897173 0.191133 1.300208
4.000000 0.187499 0.099272 1.277451
4.000000 0.244770 0.325129 1.278111
4.000000 0.687192 0.685423 1.286719
4.000000 0.250073 0.798911 1.278353
4.000000 0.437500 0.084536 1.275957
4.000000 0.444815 0.670744 1.278498
4.000000 0.687500 0.077338 1.284549
4.000000 0.091506 0.908494 1.282549
4.000000 0.908494 0.091506 1.300398
4.000000 0.908494 0.908494 1.301333
4.000000 0.090759 0.090759 1.280580
4.000000 0.175240 0.625000 1.280506
4.000000 0.175240 0.500000 1.280403
4.000000 0.175110 0.382001 1.279998
4.000000 0.175452 0.739793 1.280301
4.000000 0.707292 0.790330 1.287470
0.733041 0.000000 0.884435 0.111522
2.730225 0.000000 0.107608 0.727576
1.133287 0.000000 0.115483 0.195734
2.066666 0.000000 0.885013 0.473912
3.131827 0.000000 0.110960 0.896507
1.533334 0.000000 0.115472 0.302041
2.466667 0.000000 0.884530 0.622275
3.399089 0.000000 0.882905 1.014275
0.466286 0.000000 0.115164 0.068356
0.114931 0.000000 0.556573 0.024527
3.893360 0.000000 0.439379 1.238817
2.865535 0.000000 0.883559 0.783423
2.330241 0.000000 0.108524 0.570339
1.942441 0.000000 0.117495 0.431367
1.400000 0.000000 0.884707 0.264184
3.530059 0.000000 0.107374 1.071839
0.733084 0.000000 0.110760 0.111622
3.132170 0.000000 0.882853 0.896977
1.133072 0.000000 0.884652 0.195689
1.666666 0.000000 0.884530 0.341823
0.466241 0.000000 0.884838 0.067906
3.664781 0.000000 0.877668 1.133834
0.108009 0.000000 0.321767 0.024022
3.899553 0.000000 0.690327 1.241866
3.791452 0.000000 0.113093 1.189942
0.205999 0.000000 0.888198 0.034123
0.195916 0.000000 0.124055 0.033811
0.333785 0.000000 0.884791 0.049738
0.399720 0.000000 0.770657 0.059003
0.532297 0.000000 0.770092 0.078377
0.465527 0.000000 0.656447 0.068714
0.597929 0.000000 0.655426 0.089236
0.530938 0.000000 0.541799 0.078775
0.663109 0.000000 0.540758 0.100425
0.596290 0.000000 0.431224 0.089197
0.728745 0.000000 0.431461 0.112068
0.795573 0.000000 0.540865 0.124563
0.861445 0.000000 0.431013 0.137470
0.928390 0.000000 0.540766 0.151268
0.459755 0.000000 0.433968 0.068133
0.994379 0.000000 0.430639 0.165435
1.061412 0.000000 0.540338 0.180520
1.127439 0.000000 0.426827 0.195920
1.194562 0.000000 0.539264 0.212275
1.260668 0.000000 0.428878 0.228905
1.327798 0.000000 0.539119 0.246464
1.393930 0.000000 0.428901 0.264278
1.461074 0.000000 0.538704 0.283003
1.527199 0.000000 0.425050 0.301946
1.594371 0.000000 0.537688 0.321801
1.660523 0.000000 0.427257 0.341848
1.727686 0.000000 0.537407 0.362764
1.793843 0.000000 0.427286 0.383856
1.861008 0.000000 0.537087 0.405790
1.927167 0.000000 0.426829 0.427875
1.994333 0.000000 0.536630 0.450776
2.060470 0.000000 0.420885 0.473781
2.127633 0.000000 0.536247 0.497605
2.193792 0.000000 0.419073 0.521497
2.260957 0.000000 0.535476 0.546187
2.327118 0.000000 0.418587 0.570901
2.395170 0.000000 0.534591 0.596741
2.460595 0.000000 0.417952 0.621935
2.528699 0.000000 0.534464 0.648563
2.593984 0.000000 0.417418 0.674395
2.661634 0.000000 0.533755 0.701554
2.727250 0.000000 0.416810 0.728150
2.794441 0.000000 0.531969 0.755774
2.860457 0.000000 0.415928 0.783106
2.927663 0.000000 0.531115 0.811334
2.993780 0.000000 0.415291 0.839224
3.060965 0.000000 0.530450 0.867987
3.127121 0.000000 0.414479 0.896350
3.194213 0.000000 0.529755 0.925565
3.260314 0.000000 0.413954 0.954303
3.327317 0.000000 0.528909 0.983919
3.393425 0.000000 0.413791 1.013002
3.460158 0.000000 0.528181 1.042887
3.525955 0.000000 0.413637 1.072118
3.592116 0.000000 0.527646 1.102086
0.930080 0.000000 0.314710 0.151298
1.329757 0.000000 0.313791 0.246611
1.728822 0.000000 0.310849 0.362765
2.126601 0.000000 0.304029 0.496879
2.526591 0.000000 0.301956 0.647351
2.926563 0.000000 0.300119 0.810393
3.327029 0.000000 0.298751 0.983149
2.729932 0.000000 0.651159 0.728976
3.526802 0.000000 0.641913 1.072622
2.330694 0.000000 0.653033 0.571909
1.928190 0.000000 0.651097 0.427893
3.261046 0.000000 0.646326 0.954584
2.994836 0.000000 0.646218 0.839510
0.996427 0.000000 0.654419 0.165686
1.528234 0.000000 0.652896 0.301982
1.262938 0.000000 0.653709 0.229263
3.655389 0.000000 0.412361 1.130402
0.333952 0.000000 0.657353 0.050529
3.656872 0.000000 0.640372 1.131290
0.663909 0.000000 0.314977 0.100351
3.591245 0.000000 0.305086 1.100948
3.698406 0.000000 0.311293 1.149386
3.594720 0.000000 0.757539 1.102813
3.719820 0.000000 0.755530 1.159533
3.802511 0.000000 0.873260 1.196641
3.658719 0.000000 0.194503 1.130563
3.462428 0.000000 0.760181 1.043349
3.713131 0.000000 0.520322 1.156830
0.268848 0.000000 0.771371 0.041971
0.124892 0.000000 0.787877 0.025256
0.201388 0.000000 0.664817 0.034154
0.255147 0.000000 0.547794 0.040782
0.180487 0.000000 0.436793 0.032044
0.317581 0.000000 0.440307 0.048698
3.531281 0.000000 0.879715 1.073472
3.328218 0.000000 0.767777 0.983637
0.332663 0.000000 0.116279 0.050240
0.419232 0.000000 0.228809 0.062076
0.557359 0.000000 0.219502 0.082483
0.288986 0.000000 0.232661 0.044975
0.599706 0.000000 0.884771 0.088501
0.603872 0.000000 0.107934 0.089400
0.393817 0.000000 0.546278 0.058751
3.459616 0.000000 0.305786 1.041976
3.393802 0.000000 0.184340 1.011858
3.239756 0.000000 0.198413 0.944169
3.190003 0.000000 0.307332 0.923197
0.665385 0.000000 0.769658 0.100174
0.798529 0.000000 0.769308 0.124451
3.059315 0.000000 0.306763 0.866791
2.992628 0.000000 0.184328 0.837564
2.839249 0.000000 0.198928 0.773257
0.866014 0.000000 0.884691 0.136981
0.999511 0.000000 0.884723 0.165071
1.064556 0.000000 0.769401 0.180479
0.866580 0.000000 0.109712 0.137087
0.798263 0.000000 0.227574 0.124439
0.999946 0.000000 0.109561 0.165113
1.066619 0.000000 0.230922 0.180949
1.220544 0.000000 0.219079 0.217877
1.270082 0.000000 0.108352 0.229616
3.128107 0.000000 0.645574 0.896672
3.063117 0.000000 0.763596 0.868107
2.928722 0.000000 0.761978 0.810930
1.400573 0.000000 0.109138 0.264362
1.466676 0.000000 0.230945 0.283775
1.620382 0.000000 0.218261 0.328738
1.984157 0.000000 0.303201 0.446908
2.052548 0.000000 0.194925 0.469994
2.192737 0.000000 0.188015 0.520059
2.393308 0.000000 0.308226 0.595687
2.439292 0.000000 0.201237 0.612731
2.592729 0.000000 0.186182 0.672814
2.333333 0.000000 0.884530 0.571198
2.399560 0.000000 0.768967 0.597393
2.532847 0.000000 0.769283 0.649184
2.265271 0.000000 0.769907 0.546745
2.196567 0.000000 0.652852 0.522168
2.464083 0.000000 0.652560 0.622963
2.199767 0.000000 0.885235 0.521615
2.599919 0.000000 0.884567 0.674793
2.665230 0.000000 0.769146 0.702023
2.732529 0.000000 0.884598 0.728404
1.266385 0.000000 0.884717 0.228703
1.331582 0.000000 0.769215 0.246617
1.533333 0.000000 0.884737 0.301896
1.600000 0.000000 0.769060 0.322550
1.733331 0.000000 0.769061 0.363572
1.799999 0.000000 0.884557 0.383869
1.933333 0.000000 0.884643 0.427934
1.999553 0.000000 0.768976 0.451555
3.000000 0.000000 0.884530 0.840168
1.801519 0.000000 0.110481 0.384590
1.863901 0.000000 0.229491 0.405958
2.659994 0.000000 0.307204 0.700514
2.259962 0.000000 0.309804 0.545489
1.670317 0.000000 0.107199 0.343082
2.862236 0.000000 0.648793 0.783628
2.062767 0.000000 0.652253 0.474253
2.789954 0.000000 0.309847 0.753528
1.866200 0.000000 0.768974 0.406505
3.196554 0.000000 0.765495 0.925839
1.794864 0.000000 0.651238 0.383877
3.394328 0.000000 0.645548 1.013439
1.662103 0.000000 0.652032 0.342043
3.896419 0.000000 0.317413 1.239601
3.898439 0.000000 0.565053 1.241426
1.465943 0.000000 0.769640 0.283480
1.396261 0.000000 0.653881 0.264668
1.197828 0.000000 0.769079 0.212278
0.730478 0.000000 0.654942 0.112175
1.129281 0.000000 0.653915 0.196156
0.863453 0.000000 0.655042 0.137674
0.931415 0.000000 0.769597 0.151184
3.264894 0.000000 0.883172 0.954901
2.797656 0.000000 0.768939 0.756157
2.597071 0.000000 0.651728 0.675325
2.131765 0.000000 0.769039 0.498053
0.095206 0.000000 0.192924 0.022766
3.901255 0.000000 0.190283 1.240807
3.785311 0.000000 0.634058 1.189688
3.783604 0.000000 0.392491 1.188513
3.902367 0.000000 0.812500 1.242752
0.228068 0.000000 0.336934 0.037648
0.388007 0.000000 0.342687 0.057979
0.090768 0.000000 0.675018 0.021726
0.521627 0.000000 0.333996 0.077258
0.671297 0.000000 0.196150 0.101175
0.796488 0.000000 0.343947 0.124549
0.932297 0.000000 0.198496 0.151195
1.062426 0.000000 0.348355 0.180522
1.177909 0.000000 0.327975 0.207857
1.337526 0.000000 0.196261 0.248007
3.799751 0.000000 0.249988 1.194999
1.462203 0.000000 0.347307 0.283087
1.577634 0.000000 0.326611 0.316505
1.736988 0.000000 0.195256 0.364660
1.859578 0.000000 0.339531 0.405090
2.081078 0.000000 0.092997 0.479145
2.200811 0.000000 0.077907 0.522010
3.666667 0.000000 0.081537 1.133012
2.323108 0.000000 0.223161 0.568588
0.098887 0.000000 0.903132 0.022303
0.077407 0.000000 0.437500 0.020589
2.482599 0.000000 0.096207 0.628625
2.601111 0.000000 0.078000 0.675170
3.526688 0.000000 0.219418 1.071365
2.722430 0.000000 0.221954 0.725345
2.882573 0.000000 0.095187 0.790392
3.398106 0.000000 0.074258 1.012679
3.001405 0.000000 0.078095 0.840299
3.122706 0.000000 0.221559 0.893521
3.274900 0.000000 0.087272 0.958511
0.089414 0.000000 0.089117 0.022288
3.907993 0.000000 0.089530 1.242824
3.914309 0.000000 0.912152 1.247669
3.816852 0.000000 0.500000 1.204018
3.822332 0.000000 0.756349 1.206302
1.962550 0.000000 0.210652 0.438974
0.179351 0.000000 0.244373 0.031978
0.733041 1.000000 0.884435 0.120034
2.730225 1.000000 0.107608 0.753144
1.133287 1.000000 0.115483 0.208480
2.066666 1.000000 0.885013 0.495544
3.131827 1.000000 0.110960 0.922667
1.533334 1.000000 0.115472 0.318967
2.466667 1.000000 0.884530 0.646487
3.399089 1.000000 0.882905 1.039364
0.466286 1.000000 0.115164 0.073688
0.114931 1.000000 0.556573 0.025923
3.893360 1.000000 0.439379 1.262493
2.865535 1.000000 0.883559 0.808843
2.330241 1.000000 0.108524 0.594075
1.942441 1.000000 0.117495 0.452196
1.400000 1.000000 0.884707 0.279348
3.530059 1.000000 0.107374 1.097514
0.733084 1.000000 0.110760 0.120056
3.132170 1.000000 0.882853 0.922480
1.133072 1.000000 0.884652 0.208092
1.666666 1.000000 0.884530 0.359761
0.466241 1.000000 0.884838 0.073779
3.664781 1.000000 0.877668 1.158102
0.108009 1.000000 0.321767 0.025170
3.899553 1.000000 0.690327 1.265203
3.791452 1.000000 0.113093 1.214793
0.205999 1.000000 0.888198 0.037115
0.195916 1.000000 0.124055 0.035892
0.333785 1.000000 0.884791 0.054181
0.399720 1.000000 0.770657 0.063957
0.532297 1.000000 0.770092 0.084746
0.465527 1.000000 0.656447 0.074227
0.597929 1.000000 0.655426 0.096157
0.530938 1.000000 0.541799 0.084895
0.663109 1.000000 0.540758 0.107954
0.596290 1.000000 0.431224 0.095982
0.728745 1.000000 0.431461 0.120271
0.795573 1.000000 0.540865 0.133458
0.861445 1.000000 0.431013 0.147056
0.928390 1.000000 0.540766 0.161511
0.459755 1.000000 0.433968 0.073395
0.994379 1.000000 0.430639 0.176389
1.061412 1.000000 0.540338 0.192115
1.127439 1.000000 0.426827 0.208249
1.194562 1.000000 0.539264 0.225237
1.260668 1.000000 0.428878 0.242615
1.327798 1.000000 0.539119 0.260807
1.393930 1.000000 0.428901 0.279372
1.461074 1.000000 0.538704 0.298728
1.527199 1.000000 0.425050 0.318417
1.594371 1.000000 0.537688 0.338892
1.660523 1.000000 0.427257 0.359661
1.727686 1.000000 0.537407 0.381178
1.793843 1.000000 0.427286 0.402958
1.861008 1.000000 0.537087 0.425463
1.927167 1.000000 0.426829 0.448189
1.994333 1.000000 0.536630 0.471617
2.060470 1.000000 0.420885 0.495213
2.127633 1.000000 0.536247 0.519505
2.193792 1.000000 0.419073 0.543928
2.260957 1.000000 0.535476 0.569021
2.327118 1.000000 0.418587 0.594201
2.395170 1.000000 0.534591 0.620377
2.460595 1.000000 0.417952 0.645967
2.528699 1.000000 0.534464 0.672852
2.593984 1.000000 0.417418 0.699017
2.661634 1.000000 0.533755 0.726348
2.727250 1.000000 0.416810 0.753217
2.794441 1.000000 0.531969 0.780930
2.860457 1.000000 0.415928 0.808478
2.927663 1.000000 0.531115 0.836712
2.993780 1.000000 0.415291 0.864763
3.060965 1.000000 0.530450 0.893453
3.127121 1.000000 0.414479 0.921928
3.194213 1.000000 0.529755 0.950993
3.260314 1.000000 0.413954 0.979798
3.327317 1.000000 0.528909 1.009193
3.393425 1.000000 0.413791 1.038300
3.460158 1.000000 0.528181 1.067900
3.525955 1.000000 0.413637 1.097119
3.592116 1.000000 0.527646 1.126743
0.930080 1.000000 0.314710 0.161664
1.329757 1.000000 0.313791 0.261147
1.728822 1.000000 0.310849 0.381354
2.126601 1.000000 0.304029 0.518927
2.526591 1.000000 0.301956 0.671815
2.926563 1.000000 0.300119 0.836019
3.327029 1.000000 0.298751 1.008753
2.729932 1.000000 0.651159 0.753960
3.526802 1.000000 0.641913 1.097369
2.330694 1.000000 0.653033 0.595185
1.928190 1.000000 0.651097 0.448168
3.261046 1.000000 0.646326 0.979880
2.994836 1.000000 0.646218 0.864910
0.996427 1.000000 0.654419 0.176613
1.528234 1.000000 0.652896 0.318379
1.262938 1.000000 0.653709 0.242907
3.655389 1.000000 0.412361 1.155026
0.333952 1.000000 0.657353 0.054570
3.656872 1.000000 0.640372 1.155631
0.663909 1.000000 0.314977 0.107882
3.591245 1.000000 0.305086 1.125972
3.698406 1.000000 0.311293 1.174061
3.594720 1.000000 0.757539 1.127313
3.719820 1.000000 0.755530 1.183587
3.802511 1.000000 0.873260 1.220355
3.658719 1.000000 0.194503 1.155644
3.462428 1.000000 0.760181 1.068237
3.713131 1.000000 0.520322 1.181094
0.268848 1.000000 0.771371 0.045449
0.124892 1.000000 0.787877 0.027107
0.201388 1.000000 0.664817 0.036673
0.255147 1.000000 0.547794 0.043771
0.180487 1.000000 0.436793 0.034063
0.317581 1.000000 0.440307 0.052316
3.531281 1.000000 0.879715 1.098197
3.328218 1.000000 0.767777 1.008822
0.332663 1.000000 0.116279 0.053949
0.419232 1.000000 0.228809 0.066818
0.557359 1.000000 0.219502 0.088848
0.288986 1.000000 0.232661 0.048159
0.599706 1.000000 0.884771 0.095724
0.603872 1.000000 0.107934 0.096365
0.393817 1.000000 0.546278 0.063344
3.459616 1.000000 0.305786 1.067331
3.393802 1.000000 0.184340 1.037611
3.239756 1.000000 0.198413 0.970079
3.190003 1.000000 0.307332 0.948917
0.665385 1.000000 0.769658 0.107891
0.798529 1.000000 0.769308 0.133475
3.059315 1.000000 0.306763 0.892520
2.992628 1.000000 0.184328 0.863483
2.839249 1.000000 0.198928 0.798913
0.866014 1.000000 0.884691 0.146763
0.999511 1.000000 0.884723 0.176146
1.064556 1.000000 0.769401 0.192121
0.866580 1.000000 0.109712 0.146991
0.798263 1.000000 0.227574 0.133478
0.999946 1.000000 0.109561 0.176452
1.066619 1.000000 0.230922 0.192831
1.220544 1.000000 0.219079 0.231389
1.270082 1.000000 0.108352 0.243817
3.128107 1.000000 0.645574 0.922082
3.063117 1.000000 0.763596 0.893549
2.928722 1.000000 0.761978 0.836310
1.400573 1.000000 0.109138 0.279929
1.466676 1.000000 0.230945 0.299836
1.620382 1.000000 0.218261 0.346379
1.984157 1.000000 0.303201 0.467822
2.052548 1.000000 0.194925 0.491613
2.192737 1.000000 0.188015 0.542748
2.393308 1.000000 0.308226 0.619474
2.439292 1.000000 0.201237 0.636919
2.592729 1.000000 0.186182 0.697739
2.333333 1.000000 0.884530 0.594698
2.399560 1.000000 0.768967 0.621129
2.532847 1.000000 0.769283 0.673559
2.265271 1.000000 0.769907 0.569688
2.196567 1.000000 0.652852 0.544575
2.464083 1.000000 0.652560 0.646958
2.199767 1.000000 0.885235 0.544252
2.599919 1.000000 0.884567 0.699562
2.665230 1.000000 0.769146 0.726880
2.732529 1.000000 0.884598 0.753574
1.266385 1.000000 0.884717 0.242471
1.331582 1.000000 0.769215 0.260993
1.533333 1.000000 0.884737 0.318458
1.600000 1.000000 0.769060 0.339715
1.733331 1.000000 0.769061 0.382077
1.799999 1.000000 0.884557 0.403128
1.933333 1.000000 0.884643 0.448433
1.999553 1.000000 0.768976 0.472507
3.000000 1.000000 0.884530 0.865699
1.801519 1.000000 0.110481 0.404159
1.863901 1.000000 0.229491 0.425913
2.659994 1.000000 0.307204 0.725497
2.259962 1.000000 0.309804 0.568468
1.670317 1.000000 0.107199 0.361397
2.862236 1.000000 0.648793 0.808888
2.062767 1.000000 0.652253 0.495658
2.789954 1.000000 0.309847 0.778885
1.866200 1.000000 0.768974 0.426278
3.196554 1.000000 0.765495 0.951210
1.794864 1.000000 0.651238 0.402928
3.394328 1.000000 0.645548 1.038509
1.662103 1.000000 0.652032 0.359800
3.896419 1.000000 0.317413 1.263506
3.898439 1.000000 0.565053 1.264891
1.465943 1.000000 0.769640 0.299259
1.396261 1.000000 0.653881 0.279697
1.197828 1.000000 0.769079 0.225271
0.730478 1.000000 0.654942 0.120448
1.129281 1.000000 0.653915 0.208426
0.863453 1.000000 0.655042 0.147275
0.931415 1.000000 0.769597 0.161507
3.264894 1.000000 0.883172 0.980255
2.797656 1.000000 0.768939 0.781351
2.597071 1.000000 0.651728 0.699889
2.131765 1.000000 0.769039 0.520060
0.095206 1.000000 0.192924 0.023748
3.901255 1.000000 0.190283 1.265005
3.785311 1.000000 0.634058 1.213555
3.783604 1.000000 0.392491 1.212718
3.902367 1.000000 0.812500 1.266020
0.228068 1.000000 0.336934 0.040150
0.388007 1.000000 0.342687 0.062370
0.090768 1.000000 0.675018 0.023009
0.521627 1.000000 0.333996 0.083197
0.671297 1.000000 0.196150 0.108845
0.796488 1.000000 0.343947 0.133493
0.932297 1.000000 0.198496 0.161697
1.062426 1.000000 0.348355 0.192238
1.177909 1.000000 0.327975 0.220794
1.337526 1.000000 0.196261 0.262776
3.799751 1.000000 0.249988 1.219450
1.462203 1.000000 0.347307 0.298962
1.577634 1.000000 0.326611 0.333580
1.736988 1.000000 0.195256 0.383479
1.859578 1.000000 0.339531 0.424875
2.081078 1.000000 0.092997 0.501165
2.200811 1.000000 0.077907 0.544953
3.666667 1.000000 0.081537 1.158385
2.323108 1.000000 0.223161 0.592083
0.098887 1.000000 0.903132 0.024096
0.077407 1.000000 0.437500 0.021478
2.482599 1.000000 0.096207 0.653230
2.601111 1.000000 0.078000 0.700349
3.526688 1.000000 0.219418 1.096755
2.722430 1.000000 0.221954 0.750660
2.882573 1.000000 0.095187 0.816360
3.398106 1.000000 0.074258 1.038720
3.001405 1.000000 0.078095 0.866478
3.122706 1.000000 0.221559 0.919424
3.274900 1.000000 0.087272 0.984672
0.089414 1.000000 0.089117 0.023207
3.907993 1.000000 0.089530 1.267285
3.914309 1.000000 0.912152 1.270883
3.816852 1.000000 0.500000 1.227914
3.822332 1.000000 0.756349 1.229942
1.962550 1.000000 0.210652 0.459824
0.179351 1.000000 0.244373 0.033884
0.733041 0.884435 0.000000 0.104160
2.731122 0.109834 0.000000 0.717543
1.133299 0.115471 0.000000 0.179235
2.066667 0.115470 0.000000 0.460358
3.131823 0.111047 0.000000 0.887561
1.533327 0.884527 0.000000 0.300274
2.466952 0.883184 0.000000 0.630233
3.399087 0.882906 0.000000 1.025654
0.464594 0.112994 0.000000 0.055722
0.116922 0.554763 0.000000 0.003972
3.893373 0.439379 0.000000 1.225731
2.865674 0.884069 0.000000 0.793890
1.933332 0.884529 0.000000 0.430785
1.666667 0.110202 0.000000 0.327047
1.133299 0.884515 0.000000 0.190317
3.529893 0.107335 0.000000 1.064307
0.738401 0.107652 0.000000 0.098268
3.132168 0.882853 0.000000 0.908104
2.200000 0.884530 0.000000 0.527353
1.400001 0.110334 0.000000 0.248567
2.346194 0.112938 0.000000 0.564011
0.466241 0.884838 0.000000 0.060876
3.664778 0.877667 0.000000 1.144375
0.116137 0.315608 0.000000 0.008669
3.899588 0.690145 0.000000 1.237661
3.791449 0.113092 0.000000 1.182834
0.205999 0.888198 0.000000 0.029265
0.208879 0.110301 0.000000 0.027365
0.333785 0.884791 0.000000 0.043443
0.399720 0.770657 0.000000 0.041411
0.532297 0.770092 0.000000 0.058826
0.464940 0.656391 0.000000 0.040466
0.597831 0.655417 0.000000 0.058874
0.530236 0.541732 0.000000 0.043305
0.662942 0.540816 0.000000 0.063220
0.594661 0.425889 0.000000 0.051884
0.728446 0.430584 0.000000 0.073383
0.795496 0.540729 0.000000 0.086383
0.861382 0.430846 0.000000 0.098054
0.928367 0.540715 0.000000 0.112756
0.455571 0.425422 0.000000 0.033033
0.994365 0.430601 0.000000 0.125842
1.061405 0.540324 0.000000 0.142190
1.127438 0.426825 0.000000 0.156661
1.194557 0.539002 0.000000 0.174531
1.260663 0.428833 0.000000 0.190291
1.327791 0.539028 0.000000 0.209708
1.393921 0.428878 0.000000 0.226649
1.461065 0.538728 0.000000 0.247509
1.527209 0.428419 0.000000 0.265565
1.594363 0.538076 0.000000 0.287777
1.660515 0.427941 0.000000 0.306883
1.727676 0.537661 0.000000 0.330376
1.793832 0.427383 0.000000 0.350450
1.860996 0.537194 0.000000 0.375141
1.927156 0.426919 0.000000 0.396116
1.994321 0.536634 0.000000 0.421922
2.060465 0.422754 0.000000 0.443722
2.127647 0.535615 0.000000 0.470553
2.193808 0.425128 0.000000 0.493154
2.260979 0.535435 0.000000 0.520942
2.327116 0.419588 0.000000 0.544215
2.394304 0.533495 0.000000 0.572847
2.460442 0.417934 0.000000 0.596819
2.527633 0.532490 0.000000 0.626235
2.593773 0.417117 0.000000 0.650820
2.660966 0.532214 0.000000 0.680963
2.727105 0.416482 0.000000 0.706086
2.794298 0.531656 0.000000 0.736865
2.860437 0.415880 0.000000 0.762489
2.927629 0.531057 0.000000 0.793824
2.993807 0.415278 0.000000 0.819923
3.060948 0.530442 0.000000 0.851718
3.127083 0.414689 0.000000 0.878210
3.194196 0.529787 0.000000 0.910402
3.260298 0.414166 0.000000 0.937254
3.327304 0.528948 0.000000 0.969731
3.393244 0.413753 0.000000 0.996850
3.460152 0.528249 0.000000 1.029555
3.525748 0.413562 0.000000 1.056817
3.592080 0.527425 0.000000 1.089464
0.930089 0.314681 0.000000 0.116113
1.862139 0.310559 0.000000 0.375912
2.526579 0.301987 0.000000 0.624660
2.926650 0.300095 0.000000 0.791502
3.326530 0.298927 0.000000 0.967043
2.728968 0.648850 0.000000 0.715191
3.526787 0.641886 0.000000 1.064651
1.794854 0.651698 0.000000 0.358838
3.261034 0.646338 0.000000 0.945463
1.394928 0.653471 0.000000 0.234625
2.994815 0.646196 0.000000 0.828423
0.996422 0.654408 0.000000 0.133505
2.329736 0.649452 0.000000 0.553540
2.061505 0.650488 0.000000 0.452308
3.655349 0.412092 0.000000 1.115911
0.332745 0.657748 0.000000 0.025525
3.656900 0.639928 0.000000 1.123740
0.654923 0.318695 0.000000 0.065389
1.329754 0.313779 0.000000 0.212173
1.596374 0.313325 0.000000 0.289516
2.259917 0.303173 0.000000 0.519979
3.590991 0.304961 0.000000 1.086428
3.698343 0.311214 0.000000 1.135416
3.594718 0.757460 0.000000 1.102761
3.719857 0.755259 0.000000 1.159483
3.802515 0.873221 0.000000 1.206426
3.658642 0.194484 0.000000 1.119361
3.462419 0.760169 0.000000 1.043232
3.713196 0.519984 0.000000 1.144622
0.268472 0.771742 0.000000 0.027229
0.124575 0.788297 0.000000 0.015909
0.200927 0.664990 0.000000 0.014463
0.254433 0.547863 0.000000 0.012840
0.187603 0.429354 0.000000 0.007326
0.323058 0.426124 0.000000 0.018534
0.393497 0.542547 0.000000 0.026273
0.388066 0.312147 0.000000 0.030220
0.258079 0.315489 0.000000 0.017779
0.331516 0.195143 0.000000 0.032858
0.523153 0.316799 0.000000 0.046230
0.565192 0.211926 0.000000 0.059964
3.531278 0.879700 0.000000 1.084427
3.328209 0.767782 0.000000 0.983751
0.599706 0.884771 0.000000 0.081141
3.459234 0.305746 0.000000 1.026637
3.392885 0.184099 0.000000 0.999562
3.239626 0.198686 0.000000 0.930820
0.665369 0.769657 0.000000 0.079418
0.798527 0.769308 0.000000 0.103125
3.190023 0.307533 0.000000 0.906208
3.059464 0.306873 0.000000 0.848870
2.992788 0.184374 0.000000 0.823631
2.839439 0.199270 0.000000 0.757593
0.866014 0.884691 0.000000 0.130016
0.999549 0.884701 0.000000 0.158771
1.064831 0.769239 0.000000 0.159625
1.199963 0.769077 0.000000 0.192679
0.867502 0.109191 0.000000 0.122132
0.819154 0.218984 0.000000 0.101319
1.000125 0.109470 0.000000 0.149586
1.066619 0.230899 0.000000 0.151900
1.220548 0.219070 0.000000 0.190021
3.128095 0.645572 0.000000 0.886599
3.063107 0.763591 0.000000 0.866637
2.928710 0.761975 0.000000 0.808459
2.789951 0.308857 0.000000 0.733179
1.266647 0.884750 0.000000 0.224494
1.399992 0.884788 0.000000 0.261195
1.466666 0.769058 0.000000 0.265984
1.599992 0.769063 0.000000 0.306342
1.270091 0.107488 0.000000 0.214152
1.666663 0.884608 0.000000 0.341689
1.799999 0.884621 0.000000 0.385241
1.866667 0.769059 0.000000 0.393734
1.999551 0.768810 0.000000 0.440278
2.659381 0.308449 0.000000 0.678706
2.592715 0.186178 0.000000 0.656143
2.453692 0.193051 0.000000 0.600151
2.066592 0.884488 0.000000 0.478173
2.133333 0.769060 0.000000 0.489024
2.265230 0.766706 0.000000 0.538483
2.194840 0.650759 0.000000 0.501854
2.398606 0.766347 0.000000 0.590245
2.332909 0.883461 0.000000 0.577791
2.533727 0.767497 0.000000 0.644272
2.600007 0.884517 0.000000 0.683815
2.664922 0.767805 0.000000 0.697910
3.000000 0.884530 0.000000 0.851148
1.533334 0.108467 0.000000 0.286852
1.464709 0.226202 0.000000 0.255576
2.202143 0.109492 0.000000 0.510102
2.153689 0.215577 0.000000 0.484203
2.000000 0.230940 0.000000 0.427762
1.933334 0.110086 0.000000 0.414283
1.800000 0.108311 0.000000 0.369825
1.731229 0.225421 0.000000 0.337156
2.596284 0.649153 0.000000 0.660203
2.398620 0.307466 0.000000 0.573553
2.862181 0.648704 0.000000 0.771512
1.928560 0.651290 0.000000 0.404756
3.196547 0.765498 0.000000 0.925229
1.732884 0.769242 0.000000 0.348850
3.394317 0.645562 0.000000 1.005042
1.661532 0.651539 0.000000 0.315093
3.896419 0.317414 0.000000 1.226475
2.732656 0.884813 0.000000 0.738298
3.898521 0.564840 0.000000 1.231360
1.528780 0.652380 0.000000 0.273823
1.332461 0.769651 0.000000 0.227875
1.261663 0.652484 0.000000 0.197989
0.730418 0.654927 0.000000 0.080542
1.129807 0.654089 0.000000 0.164577
0.863425 0.655006 0.000000 0.105507
0.931461 0.769559 0.000000 0.129885
3.264891 0.883173 0.000000 0.966261
2.462840 0.648688 0.000000 0.606080
2.797910 0.769196 0.000000 0.753519
3.784201 0.633731 0.000000 1.181689
0.103048 0.186373 0.000000 0.014329
3.901254 0.190283 0.000000 1.230655
3.783632 0.392392 0.000000 1.174598
3.902368 0.812500 0.000000 1.247024
0.092311 0.673943 0.000000 0.008411
0.454504 0.229802 0.000000 0.043780
0.607769 0.101555 0.000000 0.077377
0.788043 0.330131 0.000000 0.087494
0.334331 0.083688 0.000000 0.042540
0.936698 0.196645 0.000000 0.126637
1.062424 0.348336 0.000000 0.143421
1.177908 0.327957 0.000000 0.172002
1.337021 0.195375 0.000000 0.222552
3.799738 0.249971 0.000000 1.182678
1.462393 0.342120 0.000000 0.248206
1.598462 0.196723 0.000000 0.297670
1.728818 0.340926 0.000000 0.330425
1.865341 0.197063 0.000000 0.383527
1.995300 0.345591 0.000000 0.421176
2.110530 0.323860 0.000000 0.463438
3.666667 0.081536 0.000000 1.127404
2.265183 0.190049 0.000000 0.527452
0.098887 0.903132 0.000000 0.019582
2.487656 0.095577 0.000000 0.620411
0.080694 0.436196 0.000000 0.002099
2.602299 0.078318 0.000000 0.667481
3.526329 0.219325 0.000000 1.058572
2.722522 0.222518 0.000000 0.707623
0.697071 0.213338 0.000000 0.080219
2.882780 0.095625 0.000000 0.781774
3.397889 0.074270 0.000000 1.006890
3.001478 0.078209 0.000000 0.833371
3.274792 0.087450 0.000000 0.951572
3.122745 0.221702 0.000000 0.878595
0.092007 0.089530 0.000000 0.018248
0.202414 0.222134 0.000000 0.019348
3.907993 0.089530 0.000000 1.237205
3.914310 0.912144 0.000000 1.260761
3.816171 0.503668 0.000000 1.191483
3.822326 0.756350 0.000000 1.206355
2.356956 0.213535 0.000000 0.561175
0.733034 0.884434 1.000000 0.104182
2.730249 0.107721 1.000000 0.717045
1.133299 0.884514 1.000000 0.189926
2.066666 0.115470 1.000000 0.459931
3.131828 0.111130 1.000000 0.887769
1.533327 0.884527 1.000000 0.299668
2.466935 0.883209 1.000000 0.629447
3.399086 0.882977 1.000000 1.025512
0.460869 0.113829 1.000000 0.054591
0.116925 0.554765 1.000000 0.004682
3.893366 0.439401 1.000000 1.227094
0.866667 0.115470 1.000000 0.121154
2.865657 0.884091 1.000000 0.793197
1.933332 0.884530 1.000000 0.430071
1.400000 0.110332 1.000000 0.248474
3.529904 0.107518 1.000000 1.065356
3.132162 0.882935 1.000000 0.907619
2.200000 0.884530 1.000000 0.526590
2.346198 0.113044 1.000000 0.563544
1.666667 0.110216 1.000000 0.326808
1.133333 0.110456 1.000000 0.179831
0.466239 0.884837 1.000000 0.061182
3.664763 0.877832 1.000000 1.144731
0.116153 0.315611 1.000000 0.007808
3.899548 0.690192 1.000000 1.238680
3.791437 0.113175 1.000000 1.184581
0.206000 0.888198 1.000000 0.029544
0.208901 0.110315 1.000000 0.026379
0.333785 0.884791 1.000000 0.043800
0.399721 0.770661 1.000000 0.041863
0.532291 0.770096 1.000000 0.059122
0.464934 0.656407 1.000000 0.040808
0.597796 0.655440 1.000000 0.059028
0.530207 0.541782 1.000000 0.043395
0.662874 0.540873 1.000000 0.063188
0.594627 0.425978 1.000000 0.051745
0.455579 0.425485 1.000000 0.032897
0.728397 0.425822 1.000000 0.073308
0.795396 0.540446 1.000000 0.086239
0.861360 0.430132 1.000000 0.097900
0.928303 0.540607 1.000000 0.112546
0.994325 0.430436 1.000000 0.125651
1.061359 0.540343 1.000000 0.141924
1.127444 0.430154 1.000000 0.156413
1.194530 0.539618 1.000000 0.174236
1.260653 0.429563 1.000000 0.190032
1.327770 0.539331 1.000000 0.209355
1.393913 0.429130 1.000000 0.226353
1.461047 0.538908 1.000000 0.247105
1.527204 0.428581 1.000000 0.265223
1.594348 0.538213 1.000000 0.287325
1.660513 0.428088 1.000000 0.306490
1.727662 0.537812 1.000000 0.329876
1.793831 0.427539 1.000000 0.350003
1.860984 0.537356 1.000000 0.374594
1.927155 0.427086 1.000000 0.395616
1.994310 0.536808 1.000000 0.421327
2.060466 0.422949 1.000000 0.443176
2.127636 0.535784 1.000000 0.469916
2.193809 0.425319 1.000000 0.492566
2.260968 0.535612 1.000000 0.520270
2.327118 0.419809 1.000000 0.543603
2.394294 0.533722 1.000000 0.572158
2.460444 0.418178 1.000000 0.596199
2.527623 0.532738 1.000000 0.625544
2.593775 0.417379 1.000000 0.650217
2.660956 0.532482 1.000000 0.680294
2.727108 0.416759 1.000000 0.705528
2.794288 0.531939 1.000000 0.736247
2.860439 0.416170 1.000000 0.762007
2.927619 0.531355 1.000000 0.793290
2.993810 0.415582 1.000000 0.819554
3.060939 0.530754 1.000000 0.851302
3.127085 0.415007 1.000000 0.877993
3.194186 0.530113 1.000000 0.910144
3.260301 0.414498 1.000000 0.937227
3.327294 0.529287 1.000000 0.969672
3.393247 0.414099 1.000000 0.997055
3.460142 0.528602 1.000000 1.029735
3.525752 0.413922 1.000000 1.057292
3.592072 0.527792 1.000000 1.089922
0.659967 0.310207 1.000000 0.066485
1.862144 0.310672 1.000000 0.375509
2.526593 0.302242 1.000000 0.624127
2.926664 0.300392 1.000000 0.791195
3.326544 0.299266 1.000000 0.967299
2.728941 0.649063 1.000000 0.714473
3.526766 0.642247 1.000000 1.064844
1.794830 0.651878 1.000000 0.358243
3.261026 0.646630 1.000000 0.945201
1.394898 0.653615 1.000000 0.234166
2.994793 0.646501 1.000000 0.827862
0.996365 0.654410 1.000000 0.133242
2.329717 0.649585 1.000000 0.552797
2.061483 0.650695 1.000000 0.451631
3.655344 0.412461 1.000000 1.116685
0.332746 0.657754 1.000000 0.026050
3.656868 0.640295 1.000000 1.124210
1.063241 0.314475 1.000000 0.145141
1.329758 0.313942 1.000000 0.211988
1.596374 0.313401 1.000000 0.289232
2.259931 0.303401 1.000000 0.519445
3.591005 0.305294 1.000000 1.087238
3.698318 0.311500 1.000000 1.136468
3.594696 0.757791 1.000000 1.103013
3.719815 0.755498 1.000000 1.159998
3.802486 0.873270 1.000000 1.207083
3.658639 0.194718 1.000000 1.120553
3.462405 0.760455 1.000000 1.043227
3.713155 0.520285 1.000000 1.145360
0.268473 0.771744 1.000000 0.027753
0.124575 0.788298 1.000000 0.016283
0.200929 0.664994 1.000000 0.015100
0.254437 0.547870 1.000000 0.013289
0.187623 0.429357 1.000000 0.007066
0.323087 0.426149 1.000000 0.018374
0.393498 0.542575 1.000000 0.026514
0.388126 0.312221 1.000000 0.029752
0.258125 0.315518 1.000000 0.017129
0.328643 0.196684 1.000000 0.031707
0.524007 0.315444 1.000000 0.046110
0.578315 0.194587 1.000000 0.063081
0.718337 0.202926 1.000000 0.084559
3.531270 0.879842 1.000000 1.084515
3.328223 0.767920 1.000000 0.983526
0.599703 0.884771 1.000000 0.081320
3.459249 0.306060 1.000000 1.027146
3.392912 0.184445 1.000000 1.000145
3.239640 0.198923 1.000000 0.931077
0.665341 0.769664 1.000000 0.079533
0.798483 0.769318 1.000000 0.103066
3.190035 0.307812 1.000000 0.906218
3.059477 0.307146 1.000000 0.848701
2.992814 0.184678 1.000000 0.823533
2.839307 0.199112 1.000000 0.757266
0.865989 0.884698 1.000000 0.129879
0.999530 0.884707 1.000000 0.158494
1.064796 0.769252 1.000000 0.159299
1.199967 0.769075 1.000000 0.192264
3.128073 0.645890 1.000000 0.886168
3.063091 0.763814 1.000000 0.866092
2.928676 0.762273 1.000000 0.807810
2.789938 0.309040 1.000000 0.732742
1.266648 0.884764 1.000000 0.224014
1.399993 0.884804 1.000000 0.260644
1.464953 0.769066 1.000000 0.264935
1.599993 0.769063 1.000000 0.305747
1.666663 0.884624 1.000000 0.341042
1.799999 0.884640 1.000000 0.384560
1.866667 0.769059 1.000000 0.393058
1.999999 0.769060 1.000000 0.439752
2.659390 0.308676 1.000000 0.678208
2.592741 0.186441 1.000000 0.655710
2.453710 0.193278 1.000000 0.599668
2.066666 0.884530 1.000000 0.477465
2.133333 0.769060 1.000000 0.488280
2.265216 0.766757 1.000000 0.537713
2.194816 0.650748 1.000000 0.501126
2.398581 0.766419 1.000000 0.589457
2.332900 0.883486 1.000000 0.577013
2.533672 0.767524 1.000000 0.643465
2.600026 0.884486 1.000000 0.683046
2.664896 0.767856 1.000000 0.697132
3.000000 0.884530 1.000000 0.850541
1.266667 0.108640 1.000000 0.213094
1.198086 0.226743 1.000000 0.183646
1.800000 0.109227 1.000000 0.369417
1.731231 0.225619 1.000000 0.336844
1.933333 0.109063 1.000000 0.414009
2.000000 0.230940 1.000000 0.427337
2.153335 0.216648 1.000000 0.483538
2.205478 0.107149 1.000000 0.511090
1.533333 0.108484 1.000000 0.286689
1.464705 0.226267 1.000000 0.255401
1.000000 0.109621 1.000000 0.149523
0.951649 0.219844 1.000000 0.127525
2.596259 0.649324 1.000000 0.659453
2.398629 0.307700 1.000000 0.573003
2.862153 0.648919 1.000000 0.770852
0.787557 0.320182 1.000000 0.087795
1.928559 0.651398 1.000000 0.404121
3.196540 0.765679 1.000000 0.924823
1.732882 0.769327 1.000000 0.348221
3.394309 0.645857 1.000000 1.004988
3.896391 0.317476 1.000000 1.228071
2.732641 0.884803 1.000000 0.737547
1.661507 0.651614 1.000000 0.314535
3.898487 0.564910 1.000000 1.232528
1.529457 0.653413 1.000000 0.273594
1.331347 0.768976 1.000000 0.227006
1.261625 0.652534 1.000000 0.197580
0.730356 0.654900 1.000000 0.080524
1.129774 0.654205 1.000000 0.164241
0.863356 0.654944 1.000000 0.105348
0.931420 0.769555 1.000000 0.129677
3.265398 0.884290 1.000000 0.966259
2.462816 0.648856 1.000000 0.605326
2.797865 0.769213 1.000000 0.752771
3.784129 0.634002 1.000000 1.182453
0.103051 0.186375 1.000000 0.013333
3.901229 0.190307 1.000000 1.232547
3.783592 0.392540 1.000000 1.175721
3.902264 0.812500 1.000000 1.247923
0.092311 0.673945 1.000000 0.008918
0.455992 0.226553 1.000000 0.043727
0.661150 0.109038 1.000000 0.084764
0.333016 0.084166 1.000000 0.041544
0.922713 0.332723 1.000000 0.113472
1.069262 0.196228 1.000000 0.155572
1.195836 0.342975 1.000000 0.175639
1.331843 0.197185 1.000000 0.220894
3.799672 0.250040 1.000000 1.184115
1.462391 0.342264 1.000000 0.247954
1.598462 0.196797 1.000000 0.297444
1.728819 0.341064 1.000000 0.330062
1.865342 0.197104 1.000000 0.383168
1.995303 0.345704 1.000000 0.420697
2.110474 0.324160 1.000000 0.462903
3.666667 0.081746 1.000000 1.128865
2.265783 0.189906 1.000000 0.527207
0.098887 0.903132 1.000000 0.019657
2.487664 0.095701 1.000000 0.619981
3.526342 0.219607 1.000000 1.059387
2.602131 0.077972 1.000000 0.667083
0.080701 0.436197 1.000000 0.001399
2.722325 0.222198 1.000000 0.707166
2.882617 0.095326 1.000000 0.781601
3.397897 0.074413 1.000000 1.007688
3.001452 0.078227 1.000000 0.833409
3.274797 0.087610 1.000000 0.952077
3.122759 0.221938 1.000000 0.878626
0.835215 0.214783 1.000000 0.104613
0.762050 0.101008 1.000000 0.103102
0.092007 0.089530 1.000000 0.017168
0.202020 0.222366 1.000000 0.018402
3.907993 0.089530 1.000000 1.239375
3.914283 0.912154 1.000000 1.261694
3.817016 0.500000 1.000000 1.192826
3.822286 0.756287 1.000000 1.207103
0.575281 0.086576 1.000000 0.073705
2.358997 0.212459 1.000000 0.561530
0.985244 0.499998 0.499999 0.127152
1.923932 0.500000 0.499991 0.398775
3.007712 0.500029 0.500027 0.830143
3.506191 0.495303 0.495298 1.052292
0.490122 0.491733 0.500000 0.040037
2.460713 0.500000 0.500060 0.600894
1.454588 0.466336 0.466333 0.247206
2.734230 0.349425 0.657119 0.711544
2.734195 0.657101 0.349396 0.720250
2.192342 0.659827 0.347498 0.504029
2.192302 0.347807 0.660823 0.495694
1.244984 0.657943 0.657894 0.196539
0.734921 0.661360 0.661363 0.084337
1.664223 0.657709 0.657721 0.318825
3.257072 0.340142 0.667804 0.938216
3.257066 0.667672 0.339819 0.947278
3.262181 0.330036 0.330182 0.940569
0.735327 0.636958 0.330869 0.082747
0.740439 0.330756 0.645000 0.081663
1.221153 0.328078 0.655483 0.185733
1.221144 0.655342 0.328130 0.190247
3.693446 0.314372 0.316961 1.135863
2.788522 0.675279 0.675241 0.743955
2.144067 0.674444 0.674069 0.486648
1.688058 0.328779 0.654334 0.320421
2.780364 0.330074 0.330090 0.731309
3.688518 0.313677 0.682135 1.133963
1.688052 0.654385 0.328760 0.326408
2.230401 0.330199 0.331271 0.510640
3.285547 0.670333 0.670006 0.959968
3.683488 0.683645 0.312548 1.140627
0.306320 0.314372 0.316961 0.023820
3.680585 0.684531 0.684541 1.139507
1.711609 0.331674 0.323030 0.327925
0.783647 0.319978 0.327447 0.089937
0.317387 0.684156 0.684069 0.027725
0.309442 0.313506 0.688227 0.023948
1.197639 0.322503 0.333239 0.180069
0.301462 0.699254 0.369221 0.027044
2.494411 0.709069 0.709804 0.625015
2.463901 0.278415 0.721201 0.602377
1.941429 0.733140 0.264380 0.418274
2.463832 0.721065 0.277659 0.614085
2.505267 0.281896 0.281894 0.619065
0.990948 0.733403 0.733395 0.141131
1.461604 0.738488 0.462949 0.264064
2.992917 0.729584 0.270605 0.835408
2.992962 0.270610 0.729587 0.822893
1.460702 0.463702 0.738424 0.248124
1.970073 0.263405 0.373769 0.418275
1.942229 0.261643 0.723139 0.408025
0.975030 0.738982 0.383955 0.138734
1.455108 0.261927 0.293935 0.252916
0.979183 0.390416 0.739786 0.125693
3.042141 0.596785 0.744180 0.848006
0.556467 0.744815 0.488833 0.062383
1.902262 0.589938 0.745906 0.393645
3.021292 0.400785 0.259081 0.833927
3.472354 0.459481 0.750125 1.035519
3.472402 0.750102 0.459044 1.049511
0.545357 0.406359 0.257527 0.047548
0.562896 0.488417 0.748609 0.049207
2.023174 0.487032 0.253150 0.433153
0.994789 0.244486 0.505719 0.137795
0.994783 0.505687 0.244485 0.128562
3.041595 0.247705 0.464573 0.845309
3.089108 0.743890 0.520026 0.878728
3.525878 0.489739 0.242134 1.060327
1.927710 0.752217 0.548440 0.415718
3.756868 0.474852 0.500000 1.166593
3.467895 0.245401 0.456455 1.034642
0.576956 0.253451 0.463481 0.060684
1.454581 0.247562 0.595561 0.254102
0.241349 0.471171 0.500000 0.013533
1.454585 0.595563 0.247563 0.250416
0.516341 0.719200 0.243825 0.053802
2.327577 0.530885 0.760598 0.548214
1.454695 0.752309 0.752220 0.262505
2.362586 0.754755 0.503079 0.577457
0.536468 0.244520 0.750581 0.054835
0.535478 0.758296 0.758296 0.059977
2.388616 0.492048 0.240313 0.571423
0.992513 0.233847 0.234795 0.137324
2.389580 0.239966 0.492284 0.575420
2.571770 0.488558 0.767532 0.644480
2.626278 0.481568 0.230064 0.667092
3.466715 0.228411 0.693757 1.034267
2.627042 0.229578 0.481749 0.670856
2.599175 0.772688 0.506615 0.673743
3.788903 0.237857 0.500036 1.181394
0.211025 0.237857 0.500036 0.020040
3.468342 0.715203 0.228626 1.044511
3.240338 0.494025 0.493944 0.932510
1.216696 0.495372 0.495468 0.182260
0.230490 0.520867 0.232762 0.012168
3.486792 0.261786 0.225964 1.041873
3.476608 0.766144 0.766138 1.051872
1.693612 0.496157 0.496122 0.321121
3.773039 0.777219 0.499033 1.188081
2.865692 0.782858 0.488415 0.785801
2.236189 0.526859 0.527112 0.513847
2.683272 0.532784 0.532780 0.692804
0.712213 0.502873 0.506889 0.073713
3.781837 0.500436 0.223542 1.177638
2.851573 0.487888 0.788139 0.761359
3.773756 0.500400 0.777740 1.174390
1.804061 0.502641 0.213122 0.356800
0.784868 0.786225 0.486057 0.104840
1.796259 0.209503 0.501251 0.362623
1.798244 0.785335 0.785443 0.373732
1.159984 0.785027 0.497283 0.187046
1.166355 0.496887 0.785829 0.168386
0.789921 0.490318 0.786773 0.086338
0.225568 0.501775 0.780731 0.011558
0.864959 0.207855 0.775560 0.113065
2.840667 0.539267 0.203746 0.758605
2.300851 0.783301 0.783515 0.555151
2.094245 0.495309 0.788223 0.458572
2.144802 0.213791 0.495043 0.484021
1.093407 0.213248 0.786187 0.161661
3.141827 0.788030 0.788009 0.904448
2.279004 0.208283 0.791388 0.533262
1.556685 0.213706 0.785986 0.285643
0.864948 0.793805 0.205145 0.120447
1.679236 0.492039 0.794923 0.315127
1.721377 0.788154 0.495182 0.349816
1.274113 0.482487 0.209207 0.196068
1.353570 0.784638 0.215240 0.237283
2.837712 0.211689 0.526604 0.759205
3.205799 0.501521 0.213022 0.916505
3.260597 0.202494 0.502976 0.943049
3.121066 0.215164 0.215160 0.880112
0.621571 0.204818 0.243165 0.070788
0.209424 0.793885 0.202823 0.023842
1.274231 0.202886 0.491748 0.208365
0.209277 0.792657 0.536551 0.024212
1.343127 0.212486 0.787283 0.224744
1.593040 0.200511 0.442407 0.298813
3.260589 0.505285 0.800399 0.940782
2.311286 0.200947 0.197338 0.546256
3.803332 0.800690 0.800698 1.202967
2.129150 0.792118 0.499416 0.492427
2.278032 0.794197 0.208970 0.547978
1.051083 0.714750 0.177374 0.152610
0.792307 0.484860 0.200568 0.086728
2.961630 0.794874 0.679518 0.827404
1.561418 0.419993 0.206582 0.278098
2.911823 0.231460 0.198484 0.788919
0.731959 0.807719 0.807731 0.096449
2.009665 0.789753 0.789726 0.447482
1.562927 0.770742 0.206688 0.296933
3.808064 0.196120 0.790359 1.190750
1.260351 0.804833 0.804265 0.213883
0.793988 0.200603 0.494804 0.101119
2.679265 0.201978 0.201909 0.692608
2.097242 0.216050 0.207255 0.465563
2.664987 0.793484 0.793624 0.701561
2.731483 0.194638 0.794841 0.714328
1.286516 0.197834 0.197956 0.210909
3.175717 0.203238 0.800477 0.904456
3.175598 0.800478 0.203180 0.920639
2.731141 0.794768 0.194517 0.729550
1.760944 0.201129 0.797155 0.350433
3.283914 0.801864 0.514981 0.969332
1.762706 0.799597 0.197528 0.363825
1.844872 0.210526 0.210791 0.377748
0.197698 0.194376 0.198557 0.021295
3.801064 0.803321 0.197049 1.201739
0.424113 0.200188 0.198095 0.043857
0.393504 0.317600 0.507585 0.032851
0.193011 0.190039 0.798036 0.020627
2.094304 0.403831 0.458100 0.459032
0.408331 0.536571 0.323023 0.030371
1.427564 0.604937 0.604409 0.243568
0.188744 0.773957 0.809923 0.020971
2.203188 0.540473 0.189573 0.500866
1.346751 0.815425 0.601579 0.239586
1.346325 0.602322 0.815718 0.219230
0.907783 0.662891 0.572467 0.117922
0.385038 0.500526 0.665856 0.027178
1.860443 0.412562 0.816774 0.374588
3.643596 0.632513 0.495582 1.120084
2.833239 0.500083 0.411357 0.754972
3.631757 0.495233 0.646291 1.109437
3.356541 0.500244 0.337771 0.984444
3.825967 0.188952 0.327858 1.199064
3.086676 0.419988 0.810361 0.862013
3.615897 0.186099 0.560718 1.103555
2.604008 0.407396 0.407862 0.657657
3.470102 0.640310 0.618806 1.041414
1.621916 0.200342 0.199793 0.306613
0.675223 0.809052 0.186852 0.086584
1.565215 0.815850 0.606776 0.303404
0.990487 0.563290 0.820642 0.128639
0.619779 0.568163 0.185279 0.059161
0.431683 0.609112 0.817737 0.035306
0.430792 0.818468 0.611246 0.051358
3.581795 0.822715 0.597547 1.104538
3.086833 0.578269 0.343177 0.867331
3.581817 0.597799 0.822820 1.089270
2.089527 0.181799 0.819762 0.464572
1.070452 0.584151 0.647235 0.148809
3.616943 0.184713 0.805099 1.103327
2.015222 0.645395 0.416838 0.437864
2.111014 0.706891 0.181906 0.476564
0.960822 0.368136 0.368153 0.123042
0.370182 0.821515 0.821514 0.043451
3.306500 0.228741 0.175536 0.961308
0.664080 0.829083 0.621406 0.087612
0.994599 0.828266 0.572542 0.152827
0.345022 0.663761 0.188019 0.028536
0.520356 0.624934 0.627904 0.048393
2.016842 0.412124 0.638134 0.430548
0.663943 0.622535 0.829076 0.068793
1.310381 0.823352 0.393001 0.230679
2.909809 0.370963 0.594642 0.786099
2.560659 0.589043 0.368879 0.644596
2.560855 0.368617 0.588578 0.640024
1.616650 0.819748 0.819748 0.318599
0.652832 0.171004 0.610775 0.079333
0.417586 0.176485 0.625521 0.045432
0.426219 0.380414 0.819705 0.032429
3.825150 0.622541 0.413403 1.202793
1.313856 0.391633 0.826226 0.206734
0.561805 0.363037 0.611297 0.051829
1.971921 0.183600 0.556860 0.424114
1.109727 0.375325 0.177952 0.155412
2.901731 0.691298 0.822670 0.792325
3.365343 0.322834 0.818909 0.986081
3.620985 0.352186 0.481772 1.102999
2.365650 0.405903 0.628753 0.561729
1.806833 0.470589 0.640788 0.357711
3.373082 0.400796 0.183080 0.989373
3.118474 0.184570 0.622097 0.880956
0.675817 0.347067 0.818511 0.068875
0.376609 0.418114 0.178627 0.025864
3.127066 0.472025 0.637970 0.881506
2.365258 0.606307 0.383300 0.567303
0.173464 0.618792 0.588193 0.011916
1.128344 0.177376 0.610595 0.174166
3.605421 0.369536 0.832116 1.094913
3.827253 0.323393 0.187715 1.196475
3.828414 0.614373 0.598205 1.204061
3.358801 0.821399 0.332360 1.004122
2.608377 0.183384 0.658735 0.665167
1.538703 0.605961 0.823366 0.275225
2.608272 0.824018 0.329363 0.682465
0.847610 0.382717 0.508664 0.099597
2.708586 0.599300 0.823345 0.704833
3.604704 0.167201 0.369853 1.098762
0.374944 0.177823 0.802869 0.039556
0.839946 0.662701 0.808536 0.103152
1.180927 0.821874 0.263528 0.196078
2.608467 0.658379 0.183156 0.667419
0.838929 0.809062 0.662164 0.117485
0.354906 0.612480 0.520545 0.027749
1.620505 0.588885 0.172878 0.299921
3.603928 0.833523 0.370317 1.115368
1.137826 0.672419 0.820008 0.169458
2.274780 0.168591 0.613952 0.535264
0.673260 0.166022 0.832230 0.082094
2.247156 0.383278 0.830922 0.514756
0.850815 0.509281 0.381491 0.099180
1.834556 0.644480 0.435694 0.374544
3.416554 0.364352 0.583979 1.009975
0.163993 0.410733 0.354105 0.008562
1.104538 0.173760 0.379633 0.168882
3.032973 0.584233 0.170511 0.843200
2.688482 0.366252 0.830990 0.691177
3.362473 0.580885 0.169676 0.989040
1.302391 0.487996 0.657646 0.204324
3.831769 0.405951 0.642342 1.200098
2.912265 0.166242 0.368729 0.792830
1.866997 0.829437 0.397320 0.403264
3.621163 0.803544 0.193740 1.119898
3.704645 0.181551 0.185082 1.142684
2.090507 0.821607 0.322997 0.481314
3.166670 0.827658 0.380878 0.919892
0.428384 0.196611 0.378405 0.045233
1.302482 0.659518 0.487971 0.212352
0.565863 0.602061 0.379879 0.053584
2.938946 0.646102 0.580250 0.806597
3.315832 0.827708 0.827671 0.984592
0.811025 0.188278 0.189812 0.104414
1.916312 0.369753 0.169609 0.394614
1.869935 0.411291 0.353246 0.379117
0.165700 0.399781 0.640031 0.008922
1.143395 0.822975 0.670796 0.186940
2.394710 0.381900 0.381995 0.573455
3.835266 0.406181 0.360185 1.201393
3.661970 0.512167 0.354342 1.123574
3.350028 0.173369 0.341128 0.983616
3.618540 0.361308 0.164601 1.100419
2.257873 0.836926 0.383804 0.545702
2.793635 0.386156 0.161978 0.735540
1.614450 0.169424 0.617704 0.307873
3.403853 0.610784 0.815736 1.009067
2.379856 0.613830 0.611364 0.573281
2.273554 0.378426 0.165069 0.525292
2.855206 0.833673 0.317284 0.786094
2.253799 0.834580 0.619471 0.543654
2.272542 0.165020 0.381516 0.534790
2.737643 0.829248 0.602560 0.736293
1.585839 0.512069 0.356176 0.287186
1.095668 0.627907 0.449142 0.157498
3.117690 0.396882 0.407416 0.876635
0.872045 0.502953 0.633066 0.103184
2.859087 0.317185 0.836607 0.763608
1.147648 0.492238 0.332581 0.164542
0.407752 0.828423 0.433726 0.049217
0.381026 0.835970 0.164047 0.045717
2.498335 0.834309 0.833669 0.637817
1.084262 0.838239 0.838280 0.173491
1.399057 0.367049 0.164562 0.231016
3.645026 0.593625 0.167949 1.117673
3.629889 0.831051 0.831108 1.126087
0.160462 0.366421 0.183080 0.009308
3.342980 0.637004 0.497080 0.984114
0.687198 0.470190 0.338109 0.068911
0.664046 0.793517 0.360326 0.083812
3.300620 0.169112 0.679939 0.961809
1.611514 0.651265 0.490352 0.302097
1.999028 0.846038 0.154029 0.450349
1.584957 0.359746 0.515735 0.287427
1.067595 0.377111 0.590931 0.146615
0.891675 0.625001 0.169625 0.110869
1.355258 0.398260 0.339369 0.219123
1.592160 0.827018 0.375521 0.313187
0.899719 0.837224 0.837234 0.132202
0.714347 0.332061 0.167549 0.076076
0.172643 0.581337 0.384818 0.010197
2.522336 0.161484 0.839872 0.630624
2.735779 0.164997 0.362256 0.718725
3.845316 0.844279 0.644806 1.226161
3.331779 0.504983 0.641602 0.973475
2.430457 0.409572 0.829490 0.586037
2.259638 0.355059 0.500771 0.521477
3.519603 0.610959 0.366391 1.062348
2.563252 0.828055 0.160893 0.663799
1.326665 0.364724 0.523335 0.212419
2.937464 0.638448 0.407148 0.805607
1.599742 0.498026 0.641406 0.291047
2.071421 0.566895 0.560078 0.453761
0.170312 0.810973 0.369735 0.021501
2.213578 0.641303 0.828615 0.509382
2.353633 0.644896 0.170079 0.564132
1.563855 0.375044 0.841894 0.278909
1.448505 0.157523 0.157794 0.258749
3.357684 0.829016 0.159321 1.003455
3.157584 0.162559 0.373149 0.899037
0.876622 0.178146 0.347107 0.118881
2.863394 0.166205 0.689579 0.771776
2.932812 0.362028 0.399718 0.796115
2.827963 0.518117 0.621926 0.753021
1.883839 0.344558 0.556341 0.385158
0.901647 0.160027 0.618079 0.125837
2.516422 0.160254 0.158526 0.628669
1.427731 0.165887 0.430651 0.253435
3.841780 0.356396 0.841927 1.203766
2.824051 0.843080 0.830717 0.772698
2.748843 0.375961 0.490269 0.717865
2.473798 0.838198 0.601044 0.629778
2.630095 0.615145 0.671061 0.674062
2.237757 0.497031 0.360271 0.513489
1.128092 0.550779 0.153426 0.160068
0.154235 0.209091 0.352526 0.017116
3.413219 0.832065 0.622109 1.029422
2.463259 0.600018 0.836850 0.604274
2.916069 0.832768 0.156331 0.811060
2.110007 0.162654 0.652722 0.474522
1.934140 0.598539 0.161233 0.404981
1.700600 0.655607 0.834883 0.329195
3.841258 0.641365 0.841381 1.210367
2.038854 0.342604 0.836313 0.438174
3.846274 0.845168 0.351496 1.226460
3.478734 0.388377 0.368104 1.038003
1.227726 0.683370 0.148301 0.193035
1.821460 0.633824 0.603028 0.369182
3.000500 0.833005 0.402315 0.848236
0.158023 0.353930 0.837465 0.009199
0.272049 0.845930 0.683007 0.034250
2.500265 0.396717 0.160765 0.614339
3.837176 0.155812 0.633849 1.205906
0.251887 0.162852 0.643851 0.028275
1.126047 0.161764 0.161759 0.173986
2.501054 0.160596 0.396583 0.623754
2.157753 0.844024 0.843859 0.507314
3.387439 0.156449 0.823089 1.000380
3.844454 0.652064 0.250877 1.212405
3.248511 0.668194 0.832251 0.942411
2.989711 0.831426 0.839294 0.842013
3.169828 0.838838 0.631320 0.922165
2.042475 0.836322 0.633856 0.465501
0.919095 0.373134 0.162657 0.112866
1.714203 0.372712 0.162237 0.326561
0.680192 0.150737 0.387016 0.085902
1.722344 0.845483 0.650805 0.356588
2.457543 0.836464 0.395552 0.623308
1.329622 0.148985 0.636540 0.227984
1.832071 0.160399 0.654313 0.378081
1.066381 0.853881 0.146112 0.171385
1.348183 0.559531 0.366657 0.218974
1.747580 0.166276 0.343652 0.349995
2.737472 0.686542 0.520316 0.723752
2.933075 0.148039 0.841450 0.801370
3.140298 0.364741 0.154228 0.885333
0.275036 0.641338 0.848579 0.020522
1.123646 0.356758 0.855424 0.158962
1.911070 0.157240 0.845218 0.403649
2.106213 0.376170 0.159028 0.462387
2.027720 0.635305 0.840640 0.440047
3.852576 0.143245 0.143245 1.211340
0.460855 0.555130 0.148586 0.036121
0.863329 0.853826 0.361843 0.127739
0.860915 0.355288 0.848962 0.101601
2.086350 0.149667 0.356367 0.467217
1.973228 0.144091 0.255892 0.427230
3.168544 0.614266 0.574083 0.905127
2.454995 0.156989 0.614735 0.605634
3.142915 0.335298 0.554175 0.887922
0.689973 0.660464 0.508681 0.076797
3.218112 0.652042 0.155645 0.928111
2.725859 0.841145 0.436649 0.732878
2.526402 0.636999 0.550900 0.633373
3.412161 0.146562 0.568364 1.012907
0.700464 0.352540 0.458291 0.074020
0.158763 0.645925 0.156428 0.011236
0.693791 0.509214 0.663299 0.070329
0.436235 0.387837 0.371576 0.034469
1.143876 0.292958 0.479814 0.168746
0.739739 0.667565 0.157472 0.084623
2.844057 0.690982 0.152281 0.768002
2.972175 0.144888 0.576629 0.819658
1.887882 0.847264 0.669579 0.412199
1.904294 0.571511 0.314070 0.394080
1.767584 0.646345 0.156319 0.350906
1.719172 0.346677 0.841861 0.328533
1.373376 0.343060 0.689624 0.225510
0.311122 0.859858 0.308813 0.039666
1.217763 0.146607 0.855508 0.197849
1.561107 0.356955 0.360449 0.280026
0.532954 0.846857 0.134775 0.067474
2.979762 0.459317 0.703145 0.816503
0.140403 0.744631 0.668094 0.015466
2.230566 0.682046 0.544198 0.520235
1.466612 0.861735 0.861690 0.278119
0.853015 0.656036 0.428556 0.106362
3.699772 0.841306 0.694471 1.159371
3.301371 0.351214 0.479648 0.958263
0.893350 0.312631 0.638100 0.111543
2.487038 0.567915 0.146247 0.612661
2.723361 0.562809 0.139365 0.709519
1.537499 0.336504 0.692510 0.273234
2.409456 0.838409 0.137782 0.603414
0.465645 0.857774 0.292541 0.059467
1.032831 0.855505 0.298228 0.164609
1.755210 0.355998 0.470082 0.341697
1.447168 0.847086 0.322723 0.271995
2.078651 0.353859 0.309971 0.453618
2.200976 0.501838 0.675989 0.499258
1.763655 0.523371 0.360954 0.344570
3.221829 0.363354 0.859362 0.921247
0.337207 0.145389 0.494863 0.038797
1.537861 0.687436 0.339113 0.281949
1.255869 0.136889 0.348424 0.209907
3.135370 0.568731 0.863240 0.886849
0.536388 0.294809 0.151800 0.050803
0.133198 0.257058 0.623610 0.012922
2.645318 0.345967 0.160307 0.673831
3.698925 0.695324 0.835383 1.147817
2.151833 0.849019 0.141214 0.506191
0.532961 0.865397 0.865398 0.069589
2.546639 0.312133 0.848787 0.633621
1.991724 0.691273 0.673659 0.432389
0.294406 0.161682 0.312803 0.032827
1.997232 0.862895 0.469579 0.452939
1.807295 0.549303 0.857910 0.358369
1.347261 0.596404 0.139632 0.219092
1.460920 0.862428 0.138662 0.277000
3.549469 0.368375 0.656712 1.070162
3.694305 0.140804 0.682322 1.140801
3.855329 0.367499 0.503778 1.210836
3.047828 0.693192 0.865221 0.855305
2.715953 0.486684 0.719652 0.704411
0.308539 0.285007 0.142149 0.025002
0.977231 0.146333 0.855425 0.141784
2.935638 0.432777 0.138554 0.796278
2.994409 0.865578 0.549891 0.848928
2.982047 0.518275 0.859109 0.817859
0.532964 0.130925 0.864982 0.063815
1.453032 0.313013 0.457338 0.249904
0.976198 0.590083 0.366934 0.127902
1.252080 0.354735 0.131471 0.191228
2.477684 0.505224 0.650274 0.607448
3.017829 0.260677 0.315817 0.834266
1.383799 0.703367 0.338627 0.238159
0.300338 0.300946 0.853925 0.022859
1.468851 0.133031 0.693142 0.268015
1.450784 0.139298 0.861842 0.260985
3.499507 0.264424 0.857870 1.047369
1.887592 0.688546 0.859414 0.394227
1.740059 0.136419 0.134084 0.349011
1.885012 0.142023 0.400100 0.397758
3.499569 0.858480 0.264219 1.070168
0.442132 0.678415 0.417569 0.041571
0.143457 0.365267 0.501771 0.008960
0.132022 0.620050 0.870055 0.008697
2.401161 0.265279 0.856470 0.577040
3.099827 0.710852 0.665858 0.880534
2.722337 0.130164 0.577010 0.715393
2.566978 0.704651 0.863913 0.652898
1.450254 0.704647 0.133935 0.256127
2.605949 0.851898 0.669414 0.684272
2.952598 0.516010 0.323742 0.806445
2.641397 0.278206 0.341857 0.674697
2.695112 0.513837 0.357912 0.697033
0.490256 0.137761 0.500929 0.058490
0.939711 0.135288 0.135984 0.135040
0.753574 0.134155 0.712379 0.099949
2.423667 0.140261 0.272092 0.594234
1.733323 0.794983 0.342899 0.354312
3.046956 0.241812 0.866052 0.846181
1.432307 0.307766 0.858533 0.242443
0.544484 0.136678 0.132577 0.065191
0.122851 0.875005 0.624449 0.020456
2.093983 0.527043 0.376524 0.460496
0.635374 0.868159 0.483124 0.087160
0.346936 0.497132 0.866379 0.021861
1.901002 0.859306 0.859281 0.416967
3.557960 0.140160 0.164286 1.077295
1.050885 0.865737 0.442934 0.170458
3.712186 0.277251 0.860812 1.144409
0.574979 0.411672 0.411620 0.052249
1.966829 0.503495 0.860027 0.412108
3.858331 0.711651 0.700920 1.222656
2.475122 0.693904 0.425705 0.616774
2.405713 0.145583 0.752388 0.586442
0.648473 0.482224 0.866916 0.061209
3.386824 0.475247 0.867491 0.996304
3.503706 0.583223 0.131922 1.052616
3.064749 0.725185 0.142142 0.865512
0.992515 0.291850 0.857282 0.132237
2.074744 0.575497 0.129958 0.454037
1.025631 0.261846 0.667838 0.142901
1.458102 0.497807 0.139707 0.247085
2.506271 0.431901 0.302280 0.617717
1.242525 0.828088 0.131841 0.211864
3.871606 0.129542 0.480568 1.222629
2.506190 0.302014 0.430966 0.619270
0.959588 0.872040 0.709563 0.150079
0.996740 0.730510 0.877480 0.141088
2.424960 0.272977 0.139783 0.586485
1.460113 0.417571 0.601864 0.248723
1.417157 0.872254 0.490129 0.266897
1.331979 0.258459 0.370727 0.219097
0.144472 0.690386 0.293620 0.012861
2.605874 0.316566 0.716362 0.658628
1.416583 0.490683 0.872324 0.234536
0.302882 0.449087 0.370549 0.018901
2.365459 0.750414 0.657920 0.577745
3.004606 0.126429 0.716953 0.834121
2.480510 0.712164 0.133980 0.619160
1.160388 0.472429 0.644608 0.167482
1.080694 0.414299 0.433904 0.148858
1.065051 0.703310 0.567385 0.155885
3.758997 0.678153 0.136151 1.173771
3.404380 0.874661 0.484061 1.029630
3.875915 0.872685 0.499751 1.242604
3.061046 0.858420 0.272196 0.876597
2.804623 0.137848 0.137709 0.747675
3.724952 0.124198 0.437630 1.155475
0.688427 0.134430 0.136777 0.087848
0.916087 0.128362 0.479719 0.132398
0.130429 0.122584 0.488360 0.019697
2.583515 0.130767 0.282424 0.658362
0.534019 0.281315 0.328592 0.052332
1.001766 0.129165 0.715581 0.149953
1.544143 0.144370 0.313601 0.288900
0.465845 0.732665 0.879790 0.047626
3.464901 0.869551 0.869561 1.054790
3.115744 0.337871 0.695624 0.875494
1.369314 0.866154 0.733883 0.251746
1.521037 0.286316 0.127832 0.269506
2.066841 0.285545 0.592081 0.451684
1.824445 0.340019 0.698096 0.364568
0.123128 0.124347 0.637601 0.018750
1.369158 0.734687 0.865976 0.235360
3.718872 0.861998 0.294720 1.169640
1.218526 0.200220 0.718807 0.193675
2.037831 0.627726 0.276388 0.444452
1.383981 0.137905 0.284231 0.243610
3.863658 0.279647 0.693035 1.215051
0.465848 0.881236 0.732696 0.061855
1.116966 0.745727 0.366514 0.172154
0.136222 0.601720 0.726774 0.008518
3.398166 0.685741 0.355052 1.011540
3.215492 0.516840 0.354923 0.921898
0.923446 0.612275 0.706331 0.117390
2.384149 0.861525 0.276055 0.597001
1.650771 0.139272 0.861930 0.320387
2.902666 0.598391 0.713446 0.787823
2.359505 0.259022 0.318478 0.562539
2.406617 0.728639 0.862465 0.590567
0.267868 0.349468 0.560927 0.018768
3.072591 0.867819 0.129570 0.881766
1.922530 0.877421 0.268792 0.428132
0.137294 0.689481 0.470183 0.012564
1.522216 0.875603 0.728799 0.297466
1.836045 0.860192 0.537988 0.396572
3.180527 0.584105 0.712801 0.908495
1.733334 0.875895 0.875903 0.362645
0.531951 0.120479 0.684815 0.065651
1.648734 0.862877 0.139771 0.334342
1.979798 0.124773 0.700394 0.431315
1.488768 0.601319 0.440304 0.261468
2.862878 0.676616 0.292387 0.775768
3.496554 0.821825 0.126049 1.064705
2.328844 0.280229 0.680899 0.549588
3.880860 0.494815 0.126550 1.222385
3.080502 0.714850 0.381341 0.872698
0.127376 0.498537 0.133266 0.003910
0.603540 0.699064 0.134363 0.064277
0.620789 0.868934 0.748498 0.084354
3.028854 0.133735 0.133842 0.843114
2.330269 0.730455 0.324372 0.562445
0.249699 0.511031 0.633479 0.014297
3.482804 0.140576 0.300900 1.044327
3.294968 0.869381 0.692774 0.980056
2.412243 0.865720 0.725636 0.608091
0.620534 0.749396 0.869022 0.071387
1.763298 0.578816 0.721061 0.346002
1.829178 0.276365 0.379321 0.369250
1.875781 0.736891 0.138253 0.394963
3.530149 0.479086 0.876145 1.061417
0.124002 0.878023 0.138501 0.020617
0.438331 0.370475 0.679380 0.035087
3.880881 0.528491 0.315442 1.224612
3.009943 0.311461 0.133387 0.828606
2.840501 0.867022 0.692175 0.783097
0.746984 0.880766 0.285690 0.108054
2.760626 0.722554 0.871097 0.734405
0.321676 0.537819 0.124930 0.019878
1.261150 0.880212 0.512181 0.224886
3.327657 0.707778 0.224615 0.980842
0.619383 0.433782 0.139555 0.056986
0.493386 0.493681 0.871938 0.038793
3.875188 0.878752 0.878742 1.241729
1.180909 0.875542 0.393091 0.203380
2.203747 0.509228 0.874718 0.499023
2.881232 0.407432 0.269926 0.773530
0.323962 0.876267 0.537818 0.042780
1.528259 0.650086 0.690774 0.275810
2.278953 0.650153 0.704650 0.535833
0.132422 0.482459 0.880710 0.004191
3.127456 0.879779 0.504536 0.908042
1.969688 0.240926 0.154477 0.418140
3.520120 0.119514 0.484761 1.062717
3.665414 0.869321 0.492959 1.146516
1.681477 0.460549 0.266411 0.316127
0.880291 0.687137 0.294689 0.113782
2.201188 0.127357 0.259491 0.510556
1.866659 0.874860 0.121855 0.407611
1.521949 0.734112 0.877054 0.279605
0.452877 0.725252 0.120225 0.045073
3.734103 0.357281 0.562622 1.154931
3.007874 0.126782 0.273019 0.835486
2.154007 0.876304 0.707948 0.510900
2.327093 0.496773 0.115874 0.546520
0.889981 0.875271 0.495632 0.136067
0.801833 0.123279 0.867598 0.109033
3.208472 0.694739 0.467572 0.927654
3.239430 0.131344 0.258373 0.936005
0.891979 0.487098 0.878746 0.105328
3.103732 0.127631 0.496296 0.877506
1.506029 0.131300 0.539900 0.279423
1.266580 0.509703 0.879870 0.193496
0.128306 0.881627 0.476269 0.021336
3.887158 0.748543 0.561872 1.238460
1.660166 0.725958 0.117815 0.322133
1.468300 0.467081 0.297928 0.250771
1.955733 0.536217 0.629907 0.410709
0.546092 0.325294 0.863198 0.049959
3.557508 0.123838 0.695806 1.079195
1.817157 0.674580 0.282615 0.370427
0.799536 0.879991 0.120280 0.117107
3.875344 0.120985 0.875822 1.223893
3.420528 0.150250 0.177629 1.015091
0.767220 0.257210 0.878072 0.089688
1.346752 0.520802 0.531801 0.217446
2.648594 0.128025 0.881228 0.683432
3.535116 0.881618 0.714790 1.088382
3.126983 0.678159 0.256353 0.890103
3.535175 0.715043 0.881634 1.074013
2.748841 0.480157 0.879622 0.716851
3.019912 0.287474 0.595116 0.834731
2.369218 0.868002 0.867993 0.590502
3.669855 0.487733 0.870825 1.125657
2.328775 0.115778 0.497987 0.560087
0.368587 0.446952 0.541823 0.025675
0.568688 0.498910 0.610838 0.050769
3.877023 0.575532 0.722611 1.224661
3.373514 0.468119 0.470563 0.991607
0.277802 0.124225 0.882016 0.032810
3.867919 0.485737 0.874726 1.217065
2.588617 0.564551 0.880913 0.652983
3.884908 0.633096 0.121008 1.229152
0.111119 0.493339 0.500000 0.004496
2.204370 0.260752 0.125015 0.501985
0.509844 0.130925 0.284931 0.061562
0.994925 0.553878 0.117578 0.128887
2.234834 0.695735 0.123479 0.521635
3.880322 0.865680 0.115922 1.242304
1.687109 0.127593 0.509699 0.334692
0.255778 0.873914 0.873914 0.034166
1.998997 0.463201 0.114741 0.423043
0.839273 0.549108 0.510230 0.098096
2.855584 0.302623 0.700361 0.763323
1.093584 0.613898 0.300598 0.155736
3.196940 0.877790 0.877798 0.936555
3.879094 0.287103 0.400392 1.221941
0.312160 0.143070 0.131127 0.035642
1.235128 0.280527 0.835634 0.190783
3.398488 0.731637 0.881497 1.013370
3.488775 0.361947 0.121207 1.040990
2.982111 0.361409 0.875404 0.815694
2.092295 0.281527 0.726321 0.460468
0.550156 0.756602 0.624054 0.062382
2.834308 0.587219 0.880894 0.756804
1.676024 0.117905 0.728861 0.331488
2.323444 0.885596 0.493676 0.576791
0.669076 0.245685 0.722683 0.074907
0.119497 0.875861 0.860046 0.020167
3.074888 0.615991 0.475040 0.864106
3.724527 0.435040 0.116801 1.149132
1.163969 0.123367 0.491033 0.188690
1.960990 0.376924 0.448707 0.411357
1.111945 0.372467 0.721661 0.156633
3.874470 0.500317 0.444684 1.221352
0.331968 0.739983 0.561169 0.033186
0.534809 0.232707 0.589845 0.056160
3.269039 0.344910 0.116325 0.942157
1.017832 0.439677 0.867418 0.132304
1.675494 0.260588 0.537338 0.320116
3.132545 0.328641 0.289183 0.882991
1.455850 0.736732 0.616216 0.261962
0.934799 0.871027 0.118324 0.143692
0.653917 0.331229 0.289099 0.066939
1.913593 0.292773 0.852112 0.395569
0.122260 0.121198 0.122264 0.019120
2.157052 0.119708 0.129493 0.494020
0.600241 0.882106 0.276356 0.082467
2.835749 0.593663 0.509528 0.759634
2.328171 0.572796 0.888950 0.549045
1.170286 0.604832 0.559028 0.174309
2.827782 0.124511 0.270890 0.759152
3.562533 0.289362 0.333368 1.076394
3.067139 0.873703 0.713358 0.880603
0.550443 0.625335 0.758277 0.052093
3.748062 0.342592 0.433648 1.161239
2.728644 0.879398 0.300457 0.738045
1.019616 0.294707 0.116822 0.137883
2.198705 0.113098 0.740751 0.510625
