0.9987600445747375
0.9996970295906067
0.9996942281723022
0.999599277973175
0.9995919466018677
0.9949986338615417
0.9460973143577576
0.9455333352088928
0.9456585049629211
0.9456883072853088
0.9463847279548645
0.9504504799842834
0.9146296381950378
0.9105291366577148
0.9096351265907288
0.8991469740867615
0.8999521136283875
0.6480486989021301
0.5852898955345154
0.5303774476051331
0.3211060166358948
0.31936025619506836
0.2740083634853363
0.25095421075820923
0.22551599144935608
0.23155641555786133
0.2049194723367691
0.19805362820625305
0.1972392052412033
0.19148582220077515
0.20256957411766052
0.18651291728019714
0.18738405406475067
0.18009716272354126
0.1879349648952484
0.17405082285404205
0.17434826493263245
0.16144709289073944
0.16894549131393433
0.15992772579193115
0.16302330791950226
0.15975487232208252
0.1589241474866867
0.16083882749080658
0.15704931318759918
0.15887607634067535
0.15341278910636902
0.16075508296489716
0.1511765718460083
0.15391045808792114
0.1529325395822525
0.15270179510116577
0.1519935429096222
0.15178170800209045
0.15199309587478638
0.15165768563747406
0.1435707062482834
0.15256841480731964
0.14757907390594482
0.14455820620059967
0.1412617713212967
0.14511442184448242
0.14645907282829285
0.1397380381822586
0.1360158920288086
0.13143132627010345
0.13896030187606812
0.14024916291236877
0.1354268193244934
0.13297529518604279
0.12943421304225922
0.13290587067604065
0.13703516125679016
0.12969279289245605
0.12336713820695877
0.1289055198431015
0.1321123093366623
0.12325973063707352
0.12683923542499542
0.12242937833070755
0.12213730067014694
0.1260034590959549
0.12116411328315735
0.12001396715641022
0.11516807973384857
0.11888643354177475
0.11871140450239182
0.11754520237445831
0.11728481203317642
0.11572528630495071
0.11763311922550201
0.11385425180196762
0.1074664518237114
0.11887646466493607
0.11564820259809494
0.10834817588329315
0.10798150300979614
0.11187182366847992
0.11096588522195816
0.1086588129401207
0.10759683698415756
0.10730313509702682
0.10498697310686111
0.10771489143371582
0.1063859835267067
0.10357501357793808
0.10508330166339874
0.1006624847650528
0.09645137935876846
0.10251708328723907
0.10453487932682037
0.10378266125917435
0.10036884993314743
0.10070974379777908
0.10233234614133835
0.0966772735118866
0.09882937371730804
0.09966862946748734
0.09226419031620026
0.09561698138713837
0.09561779350042343
0.09671176970005035
0.09420688450336456
0.09156720340251923
0.09225571900606155
0.09302020072937012
0.09356115013360977
0.09236598759889603
0.09465929865837097
0.09197671711444855
0.08913006633520126
0.09445071220397949
0.09251996874809265
0.08914662897586823
0.08949648588895798
0.09139329940080643
0.09061045199632645
0.0903678759932518
0.08771941065788269
0.0845978632569313
0.08829466998577118
0.08591530472040176
0.08511403203010559
0.08686377853155136
0.08652374893426895
0.08472108095884323
0.08431412279605865
0.08438827842473984
0.08432022482156754
0.08404402434825897
0.08274482190608978
0.08037461340427399
0.08112277835607529
0.08027593046426773
0.0803116038441658
0.08250591158866882
0.08471740782260895
0.07996778190135956
0.07660303264856339
0.0760425329208374
