0.000607841182500124
0.000607841182500124
0.000607841182500124
0.0006068093935027719
0.0006066030473448336
0.0005947722820565104
0.0005353431915864348
0.0005356871406547725
0.000567671493627131
0.0005982114817015827
0.000573862052988261
9.361455886391923e-05
0.0007015244918875396
0.00040506693767383695
0.0006264815456233919
0.0009935798589140177
0.00014368905976880342
0.0010149716399610043
0.0006055713165551424
0.0007233289070427418
0.0005906452424824238
0.00016521834186278284
0.00024266874243039638
0.00020325570949353278
0.00017581103020347655
0.0003511405666358769
0.00026000221259891987
0.00022437228471972048
0.00019348842033650726
0.00017237184511031955
0.0002497534442227334
0.00021068434580229223
0.0001311016530962661
0.00013013868010602891
4.7460721361858305e-06
0.0001123924957937561
0.00011349303531460464
6.850851787021384e-05
0.00011225492926314473
0.0001102602036553435
0.00015187430835794657
0.0001480912178521976
0.000145821351907216
0.00015579498722217977
0.0001480912178521976
0.000142519740620628
0.00015847754548303783
0.00014362027286551893
0.00011438722140155733
0.00013295881217345595
0.00011645072663668543
0.00013515989121515304
0.0001289693609578535
0.0001352286635665223
0.00016508076805621386
0.00018096980056725442
0.0001726469781715423
0.00017656764248386025
0.00018351479957345873
0.0001848216779762879
0.00016879508621059358
0.00019789057841990143
0.0001611601037438959
0.0001713400852167979
0.0001344032643828541
0.00013027623936068267
0.00013082652003504336
0.00015159917529672384
0.00012360422988422215
0.00010647709859767929
0.00012731854803860188
9.615955059416592e-05
0.00013976839545648545
0.00012229733692947775
0.00015029228234197944
0.000128900574054569
0.00016597496869508177
0.00010001143527915701
9.987386874854565e-05
0.00011775761959142983
8.591078949393705e-05
0.00010847182420548052
0.00011335546878399327
9.54029310378246e-05
8.288430399261415e-05
9.8360629635863e-05
0.0001191332921735011
0.00010461993952048942
0.00011308032844681293
0.0001038633199641481
0.00010633953206706792
0.00012876300024800003
0.00012821273412555456
0.00011796397302532569
0.00012133437121519819
9.36833384912461e-05
8.976267417892814e-05
0.00011645072663668543
0.00010826547804754227
8.453511691186577e-05
8.095836528809741e-05
0.0001081279042409733
7.669377373531461e-05
9.505901107331738e-05
8.364092354895547e-05
8.295309089589864e-05
8.783672819845378e-05
8.274673746200278e-05
5.598989446298219e-05
8.439754310529679e-05
7.091595034580678e-05
8.487902960041538e-05
7.050325075397268e-05
7.607472070958465e-05
8.467268344247714e-05
6.630744610447437e-05
8.460389653919265e-05
7.098472997313365e-05
5.89475930610206e-05
7.621229451615363e-05
7.311702938750386e-05
8.05456584203057e-05
7.222283602459356e-05
5.351368599804118e-05
6.672014569630846e-05
6.300582754192874e-05
7.201648986665532e-05
6.465663318522274e-05
6.692649913020432e-05
5.8878809795714915e-05
6.720163219142705e-05
6.974662392167374e-05
6.555082654813305e-05
6.135502189863473e-05
6.0667185607599095e-05
7.2910675953608e-05
7.139743684092537e-05
6.850851787021384e-05
6.809581827837974e-05
6.548203964484856e-05
6.733919872203842e-05
6.947149086045101e-05
7.490540156140924e-05
6.369366747094318e-05
7.222283602459356e-05
6.396880053216591e-05
7.449270196957514e-05
7.181013643275946e-05
7.380486204056069e-05
6.733919872203842e-05
6.259312795009464e-05
7.531810115324333e-05
7.043446385068819e-05
7.16725699021481e-05
8.130227797664702e-05
8.714889554539695e-05
9.40960380830802e-05
6.761433178326115e-05
7.469904812751338e-05
7.772553362883627e-05
