0.0006077035795897245
0.0006077035795897245
0.0006077035795897245
0.0006069469964131713
0.0006063967011868954
0.000583285407628864
0.0005320415948517621
0.0005330045241862535
0.0005899574025534093
0.0005983490264043212
0.000590851588640362
0.0005905076977796853
0.0004794220731128007
0.0010067863622680306
0.0006017882260493934
0.0010095377219840884
0.0009850506903603673
0.00017154643137473613
0.0009723945404402912
0.0005075546214357018
0.00017416021728422493
0.0001039321068674326
0.00020449381554499269
8.398484351346269e-05
0.00036469093174673617
0.00016067862452473491
0.00024074279644992203
8.790551510173827e-05
8.73552417033352e-05
3.7280740798451006e-05
6.637622573180124e-05
3.762466076295823e-05
8.542930299881846e-05
0.0001110856028390117
0.00013454083818942308
8.219647133955732e-05
4.037600592710078e-05
9.904846228891984e-05
8.068323222687468e-05
7.476783503079787e-05
