0.9987877607345581
0.9997531771659851
0.9997507929801941
0.9995868802070618
0.9996472001075745
0.9846968054771423
0.9454855918884277
0.9455025792121887
0.9454300403594971
0.9454708099365234
0.9466442465782166
0.9460326433181763
0.9477960467338562
0.9070593118667603
0.9150886535644531
0.8661864399909973
0.6617441773414612
0.5531107187271118
0.5212254524230957
0.3977412283420563
0.2488807737827301
0.2366895228624344
0.20422698557376862
0.20301295816898346
0.1404440551996231
0.15293236076831818
0.1180463656783104
0.11190289258956909
0.08538344502449036
0.09020617604255676
0.07432354986667633
0.07733993232250214
0.06154783442616463
0.07119564712047577
0.07125996798276901
0.06497222930192947
0.06689563393592834
0.07870867848396301
0.06825871765613556
0.05975979566574097
