0.0006077035795897245
0.0006077035795897245
0.0006077035795897245
0.0006069469964131713
0.0006063967011868954
0.0005885129794478416
0.0005406395648606122
0.0005412586033344269
0.0005845234845764935
0.0006077723810449243
0.0006141004851087928
0.0005863118567503989
0.00036943700979463756
0.0004770834348164499
0.0007534561445936561
0.0006200158968567848
0.00011823910608654842
0.0012654128950089216
0.00028951041167601943
0.00015524470654781908
0.0006185026140883565
0.00044509905274026096
0.0003819556441158056
0.0001869539701147005
0.00019899111066479236
3.714317472258699e-06
0.00017244063201360404
6.761433178326115e-05
0.00010035535524366423
3.301615652162582e-05
2.324887645954732e-05
5.3788819059263915e-05
8.577321568736807e-05
3.7280740798451006e-05
1.4513351743516978e-05
2.6688057914725505e-05
6.004813258186914e-05
8.260917093139142e-05
0.00012188463733764365
5.502692511072382e-05
