0.9987877607345581
0.9997531771659851
0.9997507929801941
0.9995993375778198
0.9996514916419983
0.9891349077224731
0.9455455541610718
0.9455283880233765
0.9455822110176086
0.9455023407936096
0.945544958114624
0.9470843076705933
0.9437736868858337
0.9394800066947937
0.9170643091201782
0.8853883743286133
0.8343635201454163
0.7005300521850586
0.6597888469696045
0.5767444968223572
0.48966094851493835
0.43447256088256836
0.28605416417121887
0.201311394572258
0.17489860951900482
0.16958531737327576
0.14769096672534943
0.14113007485866547
0.09282873570919037
0.10553570836782455
0.08315526694059372
0.087765172123909
0.07003597915172577
0.06896435469388962
0.06623382866382599
0.06572674959897995
0.06531630456447601
0.06433377414941788
0.052127406001091
0.05722583457827568
